ID,x,y,Gmag,e_Gmag,VI,BV,VIerr,BVerr,MP,sel
743,604.479,1365.16,17.9543,0.0022,1.515,1.296,0.04,0.061,0.99,1
710,604.579,1585.7,17.9581,0.0016,1.463,1.295,0.038,0.058,0.99,1
774,654.639,906.967,18.019,0.0021,1.569,1.282,0.047,0.075,0.99,1
547,1626.04,1060.51,17.4866,0.0013,1.47,1.284,0.025,0.043,0.98,1
543,1172.7,1380.34,17.4897,0.0017,1.45,1.246,0.024,0.041,0.98,1
569,1096.68,917.431,17.4932,0.0013,1.554,1.254,0.032,0.052,0.98,1
735,900.928,1617.11,17.9478,0.0017,1.374,1.219,0.039,0.056,0.98,1
726,753.487,1131.65,17.9605,0.0017,1.494,1.263,0.04,0.064,0.98,1
698,1376.05,1670.64,18.1404,0.0035,1.658,1.466,0.043,0.07,0.97,1
762,1303.22,1127.94,18.0141,0.0017,1.674,1.418,0.041,0.086,0.96,1
26,1140.64,1350.44,13.5199,0.0002,0.681,0.573,0.004,0.003,0.951,1
257,1408.01,1785.53,16.3163,0.0007,1.171,0.967,0.011,0.013,0.95,1
603,834.016,1383.27,17.5776,0.0015,1.384,1.197,0.029,0.04,0.95,1
757,717.908,1426.03,18.016,0.0015,1.453,1.245,0.037,0.065,0.95,1
813,1539.49,1358.01,18.1378,0.0019,1.507,1.302,0.043,0.075,0.95,1
35,909.911,1281.17,13.865,0.0002,0.615,0.518,0.004,0.003,0.946,1
39,816.555,1148.85,13.9352,0.0003,0.642,0.533,0.004,0.003,0.946,1
48,1121.07,1124.2,14.0778,0.0003,0.999,0.809,0.004,0.003,0.945,1
43,841.709,1326.3,14.0787,0.0003,0.62,0.479,0.004,0.003,0.945,1
16,1034.22,1328.76,13.0319,0.0011,0.667,0.506,0.003,0.003,0.944,1
5,909.82,1261.94,12.3543,0.0002,0.4,0.381,0.003,0.002,0.943,1
14,855.632,1436.68,12.8623,0.0003,0.577,0.467,0.003,0.003,0.943,1
33,742.996,1064.38,13.8208,0.0002,0.665,0.589,0.004,0.003,0.943,1
7,853.392,1355.71,12.4079,0.0003,0.589,0.48,0.003,0.003,0.942,1
40,1197.68,1285.87,13.9179,0.0003,0.768,0.654,0.004,0.003,0.941,1
63,590.898,1321.45,14.4775,0.0003,0.718,0.592,0.004,0.003,0.94,1
258,694.612,798.263,16.2753,0.0007,1.235,1.012,0.013,0.016,0.94,1
248,539.933,1257.1,16.2763,0.0008,1.291,1.073,0.013,0.013,0.94,1
484,1302.33,1287.29,17.2299,0.001,1.458,1.206,0.02,0.03,0.94,1
475,1278.95,1251.08,17.233,0.001,1.513,1.294,0.023,0.038,0.94,1
595,948.71,1483.55,17.584,0.0017,1.417,1.199,0.03,0.044,0.94,1
814,1117.86,1221.22,18.1644,0.0018,1.641,1.38,0.047,0.091,0.94,1
833,1073.96,1852.09,18.1673,0.0021,1.509,1.299,0.047,0.082,0.94,1
49,1096.22,1019.85,14.1281,0.0002,0.904,0.762,0.004,0.003,0.938,1
36,972.113,1341.15,13.8643,0.0002,0.58,0.523,0.004,0.003,0.937,1
46,995.889,1279.54,14.106,0.0003,0.794,0.671,0.004,0.003,0.937,1
44,1019.24,1631.68,14.0411,0.0003,0.897,0.782,0.005,0.005,0.936,1
50,1667.69,1460.07,14.2434,0.0006,0.82,0.674,0.006,0.004,0.935,1
42,1185.47,1732.76,14.0929,0.0003,0.587,0.488,0.005,0.004,0.934,1
91,1317.35,1084.54,14.7631,0.0003,1.136,0.893,0.006,0.006,0.931,1
346,1098.23,832.543,16.6949,0.0008,1.235,1.017,0.017,0.02,0.93,1
337,1657.69,1550.61,16.6961,0.0008,1.268,1.028,0.015,0.02,0.93,1
516,1697.38,1486.2,17.358,0.0011,1.578,1.327,0.025,0.041,0.93,1
532,1679.93,1611.54,17.364,0.001,1.532,1.322,0.029,0.043,0.93,1
597,898.582,896.3,17.5633,0.0014,1.498,1.241,0.037,0.057,0.93,1
583,831.927,1185.65,17.5654,0.0015,1.388,1.293,0.029,0.044,0.93,1
676,1578.53,1333.14,17.8023,0.0015,1.52,1.33,0.033,0.049,0.93,1
672,782.858,1767.84,17.8101,0.0014,1.425,1.191,0.035,0.051,0.93,1
754,1668.12,1014.99,18.0325,0.0017,1.557,1.282,0.041,0.066,0.93,1
58,1153.5,1250.03,14.4105,0.0003,0.723,0.619,0.004,0.003,0.929,1
64,1131.92,1326.59,14.436,0.0004,0.947,0.791,0.004,0.004,0.928,1
51,1478.92,1221.0,14.1341,0.0002,1.01,0.914,0.004,0.004,0.926,1
37,1308.62,1806.78,13.4513,0.0003,1.516,1.401,0.005,0.004,0.924,1
79,948.004,1070.4,14.7243,0.0007,0.991,0.855,0.006,0.005,0.921,1
470,1161.16,1149.61,17.2219,0.0011,1.433,1.26,0.023,0.032,0.92,1
487,433.304,1143.29,17.2236,0.0009,1.356,1.134,0.022,0.03,0.92,1
717,1636.36,1124.8,17.9281,0.0021,1.473,1.335,0.038,0.062,0.92,1
751,969.198,1689.23,17.9298,0.0017,1.356,1.233,0.04,0.057,0.92,1
88,1048.5,1154.74,14.7832,0.0004,1.021,0.877,0.005,0.004,0.919,1
70,1576.25,1546.8,14.5989,0.0003,0.906,0.792,0.005,0.005,0.917,1
96,830.666,684.461,14.852,0.0003,0.926,0.83,0.007,0.006,0.917,1
95,1120.48,1197.04,14.8254,0.0004,1.087,0.88,0.006,0.005,0.916,1
93,768.679,1101.13,14.8888,0.0004,0.783,0.671,0.006,0.005,0.916,1
110,1424.27,1143.02,15.0247,0.0004,0.92,0.863,0.006,0.006,0.916,1
61,1439.06,912.006,14.289,0.0003,1.055,0.886,0.008,0.006,0.915,1
114,1405.35,1113.74,14.9887,0.0004,1.186,0.943,0.006,0.006,0.914,1
89,1079.2,1314.16,14.8475,0.0004,0.759,0.658,0.006,0.005,0.913,1
66,1075.25,913.078,14.4175,0.0003,1.059,0.892,0.008,0.007,0.912,1
115,1122.56,1329.44,15.0643,0.0005,0.951,0.797,0.007,0.006,0.912,1
53,1552.52,1481.16,13.8974,0.0003,1.86,1.723,0.005,0.006,0.91,1
101,807.629,1362.08,14.7644,0.0004,1.699,1.523,0.005,0.007,0.91,1
87,1174.11,1260.96,14.8401,0.0004,0.782,0.67,0.006,0.005,0.91,1
67,1120.5,1315.84,14.5995,0.0004,0.815,0.691,0.006,0.005,0.909,1
107,738.233,946.92,15.031,0.0004,0.788,0.696,0.007,0.006,0.909,1
121,1271.85,1392.64,15.2259,0.0005,0.833,0.727,0.007,0.006,0.908,1
146,954.883,1581.58,15.4669,0.0006,0.856,0.721,0.007,0.006,0.907,1
60,1361.53,857.392,14.2419,0.0003,1.174,0.942,0.008,0.007,0.906,1
47,1053.04,1699.82,13.856,0.0004,2.23,1.969,0.006,0.008,0.9,1
99,991.289,1445.26,14.7993,0.0004,2.156,1.517,0.006,0.009,0.9,1
131,1721.93,1206.9,15.09,0.0005,1.736,1.391,0.006,0.008,0.9,1
77,1278.65,808.747,14.2692,0.0003,2.055,1.784,0.009,0.01,0.89,1
187,1284.78,1798.46,15.7999,0.0008,1.119,0.922,0.008,0.01,0.89,1
175,919.431,1691.85,15.7074,0.0006,0.971,0.807,0.008,0.008,0.887,1
171,666.87,1311.69,15.6814,0.0006,1.029,0.915,0.008,0.009,0.886,1
182,1278.15,1059.12,15.7484,0.0006,1.104,0.942,0.009,0.01,0.886,1
166,1646.51,1227.9,15.5979,0.0006,1.042,0.89,0.008,0.007,0.885,1
172,1563.9,1535.24,15.6823,0.0006,0.932,0.826,0.009,0.009,0.884,1
190,493.364,1449.13,15.8318,0.0008,1.204,0.999,0.009,0.01,0.88,1
192,1105.91,1391.39,15.8525,0.0007,1.145,0.955,0.008,0.009,0.88,1
201,834.863,1237.37,15.9605,0.0007,1.134,0.97,0.009,0.011,0.88,1
158,1377.27,1414.7,15.6106,0.0097,1.215,1.005,0.008,0.008,0.879,1
167,927.55,1370.64,15.6542,0.0006,0.832,0.716,0.008,0.008,0.877,1
183,829.122,1582.88,15.7667,0.0006,1.008,0.877,0.008,0.009,0.876,1
189,538.875,1523.86,15.8095,0.0007,1.047,0.868,0.008,0.009,0.876,1
173,1405.95,1802.64,15.6701,0.0007,1.047,0.868,0.008,0.009,0.875,1
176,819.99,990.187,15.6233,0.0006,0.951,0.854,0.01,0.011,0.874,1
210,893.704,1425.41,16.077,0.0008,1.102,0.908,0.011,0.01,0.874,1
205,1474.9,1380.25,16.0157,0.0007,1.213,1.047,0.01,0.013,0.872,1
163,1330.3,1681.47,15.6083,0.0006,0.894,0.798,0.008,0.008,0.87,1
191,1382.17,1296.79,15.7952,0.0008,1.384,1.164,0.009,0.01,0.87,1
196,533.246,1591.37,15.8285,0.0009,1.579,1.24,0.01,0.013,0.87,1
208,462.934,1056.53,15.9982,0.0007,1.504,1.246,0.01,0.014,0.87,1
303,692.844,1296.34,16.5382,0.0007,1.231,1.035,0.013,0.015,0.87,1
588,1069.78,1360.65,17.5518,0.0012,1.412,1.235,0.029,0.046,0.87,1
188,668.484,1323.59,15.8357,0.0008,1.048,0.894,0.014,0.011,0.867,1
207,768.018,804.951,15.9834,0.0006,1.138,0.932,0.011,0.013,0.867,1
185,1581.64,1286.53,15.7842,0.0007,1.091,0.9,0.009,0.009,0.865,1
213,1024.33,1591.15,16.0673,0.0006,1.144,0.933,0.009,0.01,0.862,1
219,1530.51,929.987,16.1035,0.0007,1.226,1.01,0.012,0.015,0.86,1
228,1049.92,1167.97,16.1226,0.0008,1.159,0.992,0.011,0.01,0.86,1
227,1232.49,902.242,16.1249,0.0007,1.144,0.951,0.013,0.013,0.86,1
265,685.619,1083.15,16.3343,0.0006,1.29,1.112,0.012,0.014,0.86,1
271,1032.85,1216.12,16.3981,0.0007,1.38,1.191,0.012,0.016,0.86,1
291,936.379,1942.7,16.4475,0.001,1.919,1.636,0.02,0.031,0.86,1
325,1106.11,1920.3,16.6271,0.0008,1.278,1.066,0.015,0.019,0.86,1
420,667.347,1827.69,17.0218,0.0011,1.274,1.165,0.018,0.025,0.86,1
426,541.758,1604.39,17.0737,0.0011,1.675,1.408,0.02,0.036,0.86,1
435,1411.11,1774.33,17.105,0.001,1.314,1.169,0.023,0.029,0.86,1
241,929.017,1930.89,16.1658,0.0007,1.141,0.994,0.036,0.031,0.855,1
214,767.066,1207.26,16.0706,0.0007,1.239,1.033,0.01,0.012,0.85,1
216,1000.11,1258.2,16.0982,0.0007,1.286,1.073,0.009,0.013,0.85,1
223,1287.93,1051.22,16.1497,0.0007,1.244,1.012,0.011,0.013,0.85,1
236,1274.89,1098.0,16.2111,0.0008,1.332,1.106,0.01,0.013,0.85,1
260,980.274,1401.45,16.3436,0.0007,1.189,0.999,0.011,0.015,0.85,1
261,671.237,1559.71,16.3662,0.0007,1.153,0.998,0.04,0.048,0.85,1
273,1291.35,1528.68,16.376,0.0009,1.326,1.056,0.024,0.015,0.85,1
269,812.241,1289.36,16.4386,0.0008,1.121,0.99,0.029,0.023,0.85,1
288,1384.53,1387.96,16.4526,0.0009,1.134,1.0,0.017,0.022,0.85,1
282,774.489,1259.92,16.4648,0.0011,1.345,1.146,0.013,0.017,0.85,1
300,1418.79,923.561,16.5299,0.0007,1.244,1.078,0.016,0.02,0.85,1
316,744.092,1739.63,16.6233,0.0008,1.555,1.26,0.017,0.027,0.85,1
329,1548.4,1697.04,16.6449,0.0008,1.204,1.009,0.013,0.016,0.85,1
375,1495.47,1527.96,16.8546,0.001,1.555,1.267,0.017,0.025,0.85,1
387,885.583,803.879,16.9011,0.001,1.548,1.343,0.022,0.033,0.85,1
541,1206.34,1946.3,17.4652,0.0013,1.659,1.442,0.027,0.054,0.85,1
578,641.532,1566.21,17.522,0.0013,1.504,1.347,0.033,0.049,0.85,1
574,1541.17,1274.38,17.5455,0.0012,1.597,1.297,0.028,0.045,0.85,1
230,1073.49,986.429,16.1511,0.0009,1.734,1.444,0.014,0.024,0.84,1
238,805.132,969.158,16.1951,0.0007,1.288,1.055,0.012,0.016,0.84,1
290,1323.95,1778.91,16.4979,0.0008,1.33,1.177,0.013,0.018,0.84,1
293,1398.54,1420.39,16.5093,0.0009,1.37,1.121,0.013,0.017,0.84,1
299,1233.33,1189.73,16.5494,0.0007,1.322,1.104,0.013,0.017,0.84,1
318,1715.83,1197.69,16.6327,0.0008,1.364,1.074,0.015,0.018,0.84,1
353,1246.99,1114.27,16.7495,0.0009,1.385,1.103,0.016,0.02,0.84,1
340,1238.46,1964.99,16.7509,0.0025,1.947,1.612,0.019,0.043,0.84,1
365,1735.34,1505.36,16.7931,0.0009,1.43,1.121,0.015,0.024,0.84,1
368,846.679,1151.52,16.8404,0.0008,1.264,1.079,0.016,0.02,0.84,1
374,424.287,1099.72,16.8531,0.001,1.313,1.072,0.018,0.023,0.84,1
383,1547.76,1457.96,16.9114,0.0012,1.484,1.307,0.017,0.028,0.84,1
395,1609.45,1326.53,16.9257,0.0008,1.209,0.999,0.019,0.02,0.84,1
394,1296.95,1279.28,16.9549,0.0009,1.425,1.152,0.018,0.026,0.84,1
414,1124.99,1356.05,17.0436,0.0012,1.321,1.082,0.019,0.03,0.84,1
491,663.39,1127.36,17.2755,0.0012,1.485,1.296,0.023,0.036,0.84,1
510,724.934,1816.28,17.3655,0.0015,1.557,1.286,0.025,0.038,0.84,1
529,1586.36,1595.99,17.3992,0.001,1.405,1.198,0.024,0.037,0.84,1
558,1339.39,1489.46,17.5053,0.0012,1.588,1.327,0.026,0.051,0.84,1
629,688.395,769.48,17.6446,0.0014,1.602,1.353,0.039,0.064,0.84,1
630,1120.74,1071.15,17.7245,0.0013,1.756,1.598,0.035,0.07,0.84,1
673,984.502,1642.35,17.7783,0.0015,1.382,1.282,0.036,0.058,0.84,1
734,1603.55,1734.57,17.9564,0.0017,1.378,1.216,0.04,0.064,0.84,1
264,1149.51,1593.53,16.3397,0.0009,1.292,1.06,0.012,0.013,0.838,1
275,1690.24,1499.27,16.3944,0.0011,1.578,1.308,0.014,0.019,0.83,1
286,763.732,876.786,16.4709,0.0018,1.365,1.137,0.014,0.019,0.83,1
294,1254.62,1214.14,16.5303,0.0014,1.329,1.109,0.013,0.017,0.83,1
332,668.122,911.747,16.643,0.0008,1.518,1.277,0.016,0.025,0.83,1
342,1493.85,1205.61,16.715,0.0008,1.369,1.139,0.015,0.021,0.83,1
385,1733.61,1285.11,16.9215,0.0008,1.538,1.301,0.018,0.028,0.83,1
386,1350.86,898.853,16.9399,0.0012,1.485,1.241,0.022,0.03,0.83,1
416,1007.55,1376.59,17.0062,0.0012,1.263,1.082,0.018,0.024,0.83,1
430,842.408,1406.66,17.0694,0.001,1.28,1.063,0.019,0.024,0.83,1
447,1003.05,1754.26,17.07,0.001,1.265,0.991,0.02,0.023,0.83,1
421,1016.08,1278.24,17.0737,0.0012,1.362,1.139,0.019,0.027,0.83,1
431,509.961,1071.72,17.0993,0.0015,1.396,1.117,0.022,0.027,0.83,1
427,696.964,1275.48,17.0996,0.0013,1.537,1.348,0.02,0.033,0.83,1
442,791.817,1409.12,17.1071,0.0012,1.227,1.092,0.019,0.025,0.83,1
436,1232.03,1086.84,17.1106,0.0012,1.55,1.323,0.022,0.035,0.83,1
459,426.719,1240.62,17.1261,0.0012,2.018,1.671,0.025,0.055,0.83,1
450,1667.54,1336.95,17.1281,0.0009,1.413,1.14,0.019,0.032,0.83,1
468,1282.55,1511.75,17.2081,0.0011,1.31,1.109,0.023,0.03,0.83,1
508,962.845,1249.47,17.3223,0.001,1.479,1.278,0.023,0.036,0.83,1
527,1216.03,1813.19,17.3798,0.001,1.513,1.356,0.025,0.041,0.83,1
552,903.811,1177.28,17.505,0.0012,1.532,1.343,0.026,0.047,0.83,1
608,1171.63,1099.27,17.6424,0.0013,1.838,1.58,0.032,0.071,0.83,1
626,946.896,1157.18,17.7259,0.0014,1.587,1.398,0.029,0.058,0.83,1
631,1289.22,1413.88,17.7419,0.0014,1.532,1.273,0.033,0.049,0.83,1
693,1219.47,1550.59,17.8143,0.0017,1.49,1.329,0.032,0.057,0.83,1
307,1341.26,1722.04,16.6162,0.0008,1.519,1.294,0.013,0.022,0.82,1
341,1656.34,1592.24,16.7365,0.0008,1.328,1.132,0.015,0.02,0.82,1
366,1008.2,1742.31,16.8053,0.0009,1.261,1.044,0.015,0.02,0.82,1
370,1302.3,1314.17,16.8873,0.0009,1.34,1.204,0.017,0.026,0.82,1
373,1328.77,1555.93,16.8904,0.0009,1.358,1.063,0.03,0.041,0.82,1
406,837.796,655.356,16.9434,0.0012,1.427,1.294,0.022,0.031,0.82,1
388,1146.76,1171.24,17.0315,0.0025,2.139,1.476,0.021,0.046,0.82,1
415,1110.86,1380.94,17.0654,0.0011,1.523,1.368,0.021,0.033,0.82,1
413,939.515,1042.68,17.0704,0.0017,1.499,1.181,0.019,0.026,0.82,1
455,1405.68,1610.73,17.1271,0.001,1.588,1.324,0.02,0.034,0.82,1
439,1622.82,1424.17,17.1592,0.0011,1.509,1.276,0.023,0.034,0.82,1
478,1008.61,1239.79,17.1897,0.001,1.453,1.21,0.022,0.032,0.82,1
483,1027.78,1393.03,17.2306,0.001,1.365,1.087,0.022,0.033,0.82,1
561,591.353,1087.5,17.4275,0.0011,2.035,1.677,0.037,0.07,0.82,1
545,1505.94,1138.53,17.4434,0.0015,1.586,1.408,0.028,0.043,0.82,1
565,1590.86,856.391,17.5929,0.0017,1.806,1.647,0.04,0.079,0.82,1
867,1318.08,1307.28,18.2365,0.0022,1.483,1.409,0.054,0.088,0.82,1
937,497.097,1232.44,18.4294,0.0021,1.593,1.377,0.06,0.096,0.82,1
502,1309.09,1016.53,17.3436,0.001,1.928,1.719,0.025,0.054,0.81,1
887,900.312,1058.74,18.256,0.0019,1.64,1.457,0.05,0.091,0.8,1
793,774.074,1356.21,18.1474,0.0018,1.725,1.343,0.056,0.089,0.96,0
255,781.896,1471.92,16.3182,0.0007,1.214,0.988,0.011,0.013,0.95,0
1,1364.51,1383.14,11.233,0.0012,0.54,0.436,0.003,0.002,0.94,0
19,1231.82,1886.26,13.2541,0.0009,0.536,0.367,0.005,0.004,0.939,0
18,660.353,837.083,12.9538,0.0003,0.863,0.705,0.007,0.006,0.937,0
30,728.788,1568.4,13.5692,0.0003,1.09,0.99,0.004,0.003,0.934,0
57,785.505,1526.87,14.1427,0.0004,1.395,1.17,0.005,0.005,0.932,0
32,1194.32,683.878,13.7672,0.0002,0.754,0.646,0.008,0.007,0.929,0
13,1169.25,749.433,12.7208,0.0003,0.789,0.693,0.007,0.005,0.921,0
65,1153.33,991.899,14.3549,0.0003,1.252,1.056,0.01,0.011,0.919,0
52,1766.73,1401.76,13.9579,0.0003,1.932,1.767,0.005,0.007,0.91,0
28,1069.19,1946.95,12.9508,0.0006,1.968,1.775,0.004,0.003,0.907,0
105,1017.06,962.806,14.9784,0.0004,0.895,0.753,0.007,0.006,0.906,0
133,571.784,1258.27,15.296,0.0004,0.826,0.727,0.006,0.006,0.906,0
90,1476.42,1643.35,14.7137,0.0003,1.138,0.935,0.006,0.005,0.905,0
86,1313.88,1428.39,14.7654,0.0004,0.904,0.844,0.006,0.005,0.905,0
116,1296.68,1840.04,15.0498,0.0006,0.896,0.823,0.006,0.006,0.905,0
125,510.727,1011.54,15.167,0.0005,1.53,1.255,0.006,0.009,0.905,0
129,707.959,1476.27,15.2651,0.0005,1.007,0.856,0.006,0.008,0.905,0
81,1146.38,1388.94,14.8061,0.0003,0.733,0.637,0.006,0.005,0.904,0
75,1366.36,1557.46,14.6873,0.0004,0.737,0.625,0.012,0.01,0.903,0
147,1254.22,1384.01,15.4392,0.0005,0.977,0.868,0.007,0.006,0.901,0
94,1636.88,1520.28,14.835,0.0004,0.932,0.837,0.006,0.006,0.899,0
123,1367.58,1119.53,15.1147,0.0005,1.217,1.033,0.006,0.006,0.899,0
136,959.276,1636.04,15.3582,0.0005,0.959,0.799,0.006,0.007,0.899,0
142,1106.9,1719.05,15.4084,0.0006,0.96,0.773,0.007,0.006,0.898,0
83,636.734,864.956,14.7629,0.0004,0.828,0.715,0.007,0.006,0.896,0
118,1136.48,1185.37,15.1341,0.0004,0.784,0.712,0.009,0.008,0.894,0
144,780.861,1093.96,15.1474,0.0008,1.511,1.269,0.02,0.013,0.88,0
92,1404.98,887.663,14.8261,0.0005,0.843,0.718,0.008,0.007,0.874,0
117,1057.6,1933.25,15.0113,0.0004,0.976,0.837,0.027,0.021,0.872,0
149,1203.35,1836.95,15.454,0.0006,1.054,0.874,0.008,0.008,0.867,0
62,1288.91,1756.73,14.4235,0.0021,0.876,0.746,0.007,0.006,0.862,0
109,1227.33,1242.35,15.1037,0.0018,0.951,0.817,0.007,0.006,0.86,0
246,890.588,634.446,16.2571,0.0007,1.076,0.98,0.015,0.015,0.86,0
232,1004.43,1678.7,16.1918,0.001,1.139,0.935,0.01,0.013,0.859,0
164,1368.98,1366.65,15.6336,0.0008,0.847,0.772,0.01,0.012,0.857,0
134,1306.91,1930.0,15.3658,0.0005,0.844,0.733,0.042,0.037,0.856,0
154,1223.02,803.0,15.5846,0.0008,2.961,2.512,0.013,0.054,0.85,0
177,480.68,1105.92,15.7001,0.0009,3.052,2.574,0.014,0.064,0.85,0
211,953.705,1749.46,16.0523,0.0007,1.117,0.9,0.009,0.01,0.85,0
289,1548.7,1779.98,16.479,0.0007,1.119,0.917,0.013,0.016,0.85,0
345,1083.79,1701.84,16.7213,0.0007,1.078,0.944,0.015,0.016,0.85,0
262,586.336,1288.49,16.329,0.0007,1.164,0.945,0.014,0.015,0.84,0
266,1034.83,1280.44,16.3572,0.0008,1.177,0.999,0.011,0.013,0.84,0
278,1340.47,1777.69,16.4056,0.0007,1.15,0.957,0.012,0.014,0.84,0
285,1231.81,1660.15,16.4789,0.0007,1.014,0.922,0.013,0.014,0.84,0
295,1329.68,1797.81,16.5275,0.0008,1.11,0.955,0.013,0.015,0.84,0
452,860.096,1093.17,17.1736,0.001,1.876,1.467,0.026,0.049,0.84,0
482,856.678,1607.6,17.3143,0.0027,1.939,1.512,0.023,0.056,0.84,0
500,692.778,1318.14,17.3252,0.0011,1.622,1.288,0.027,0.044,0.84,0
563,765.422,1513.59,17.4946,0.0015,1.785,1.411,0.03,0.057,0.84,0
157,1127.15,1430.28,15.6013,0.0023,1.039,0.864,0.011,0.009,0.838,0
199,1129.78,1699.95,16.4153,0.0016,1.202,1.012,0.038,0.029,0.83,0
399,912.387,1829.24,17.0011,0.001,2.234,1.948,0.025,0.064,0.83,0
407,1005.91,1906.94,17.0186,0.001,1.702,1.436,0.02,0.036,0.83,0
417,962.261,1505.49,17.0486,0.0012,1.827,1.498,0.02,0.042,0.83,0
460,1427.32,1597.04,17.2111,0.001,1.843,1.405,0.022,0.043,0.83,0
546,1607.01,1492.84,17.4734,0.0012,1.958,1.525,0.029,0.064,0.83,0
679,1529.33,1172.54,17.8491,0.0015,1.622,1.456,0.04,0.074,0.83,0
780,1084.81,1207.19,18.0527,0.0017,1.603,1.26,0.045,0.067,0.83,0
328,1321.76,1162.49,16.7042,0.0014,1.096,0.991,0.014,0.018,0.82,0
404,1048.1,1044.46,17.0302,0.0011,1.665,1.38,0.021,0.036,0.82,0
498,732.484,1485.18,17.335,0.0017,1.277,1.063,0.021,0.029,0.82,0
536,605.026,841.694,17.352,0.0011,1.782,1.445,0.027,0.055,0.82,0
507,645.315,1289.58,17.3596,0.0015,1.619,1.262,0.027,0.042,0.82,0
534,928.842,1577.3,17.4058,0.0013,1.277,1.105,0.026,0.036,0.82,0
549,1216.62,1467.73,17.517,0.0012,1.496,1.269,0.027,0.047,0.82,0
591,1512.52,1374.43,17.595,0.0013,1.369,1.095,0.028,0.038,0.82,0
589,1523.76,962.846,17.619,0.0013,1.366,1.206,0.032,0.053,0.82,0
600,535.79,1678.66,17.6199,0.0015,1.487,1.23,0.03,0.044,0.82,0
598,1273.01,1873.43,17.6411,0.0013,1.796,1.385,0.032,0.063,0.82,0
671,636.858,1666.61,17.8158,0.0017,1.597,1.331,0.034,0.062,0.82,0
724,993.096,1313.31,17.8671,0.0019,1.434,1.246,0.039,0.058,0.82,0
779,943.636,1844.18,18.0507,0.0021,1.384,1.192,0.045,0.066,0.82,0
254,1051.83,989.03,16.1932,0.0018,1.267,1.025,0.017,0.016,0.81,0
313,1534.77,1122.86,16.6395,0.0008,2.136,1.91,0.016,0.048,0.81,0
334,1328.73,1144.99,16.6911,0.0011,1.237,1.095,0.014,0.019,0.81,0
380,930.635,888.956,16.8852,0.0015,1.498,1.294,0.023,0.036,0.81,0
389,1394.72,1579.08,16.9087,0.0009,1.444,1.177,0.017,0.025,0.81,0
486,1006.51,1206.86,17.2352,0.0011,1.312,1.087,0.021,0.028,0.81,0
511,788.084,1397.85,17.2887,0.0011,1.317,1.096,0.025,0.03,0.81,0
497,593.939,1556.74,17.313,0.0011,1.334,1.119,0.05,0.067,0.81,0
524,1029.42,1842.02,17.3412,0.0011,1.338,1.178,0.028,0.038,0.81,0
499,734.962,1607.76,17.343,0.0019,1.296,1.15,0.024,0.032,0.81,0
538,875.05,1598.84,17.4607,0.001,1.793,1.455,0.03,0.061,0.81,0
554,1346.93,1639.4,17.5021,0.0014,1.625,1.427,0.029,0.048,0.81,0
669,818.01,1009.53,17.8072,0.0015,1.57,1.278,0.034,0.056,0.81,0
702,861.833,1210.6,17.8827,0.0014,1.668,1.457,0.038,0.072,0.81,0
713,1467.49,1042.69,17.999,0.0016,1.657,1.504,0.043,0.095,0.81,0
804,815.942,1814.12,18.1093,0.0019,1.477,1.357,0.043,0.07,0.81,0
209,1770.83,1139.13,16.035,0.0007,1.28,1.043,0.009,0.011,0.8,0
429,1657.46,1206.5,17.0445,0.0011,1.538,1.303,0.032,0.034,0.8,0
396,1667.92,1661.72,17.075,0.0028,2.015,1.478,0.02,0.04,0.8,0
518,436.104,1338.99,17.362,0.0012,1.441,1.246,0.023,0.039,0.8,0
528,1747.55,1329.05,17.3684,0.001,1.454,1.184,0.023,0.031,0.8,0
537,755.444,1302.45,17.4416,0.0013,1.911,1.467,0.023,0.056,0.8,0
573,1166.47,623.541,17.55,0.0013,1.882,1.635,0.034,0.08,0.8,0
645,1086.11,1288.78,17.7336,0.0014,1.427,1.197,0.033,0.051,0.8,0
650,1649.92,1641.68,17.7702,0.0022,1.562,1.419,0.034,0.062,0.8,0
685,1055.79,756.546,17.8034,0.0014,1.557,1.136,0.043,0.058,0.8,0
742,680.29,823.693,17.9111,0.0017,1.547,1.274,0.042,0.072,0.8,0
731,864.577,1533.71,17.9888,0.0017,1.482,1.262,0.04,0.064,0.8,0
747,1471.83,1487.28,17.9938,0.0019,1.573,1.334,0.043,0.069,0.8,0
221,1220.19,1284.59,16.1668,0.0026,1.367,1.136,0.009,0.013,0.79,0
272,577.542,1311.31,16.5912,0.004,1.29,1.059,0.026,0.023,0.79,0
609,1368.94,1490.34,17.6012,0.002,1.837,1.533,0.039,0.051,0.79,0
618,915.416,1811.4,17.7316,0.0025,1.979,1.595,0.035,0.083,0.79,0
692,1471.43,1473.14,18.0272,0.0036,1.865,1.534,0.043,0.094,0.79,0
204,754.042,907.586,15.9683,0.002,1.285,1.078,0.01,0.013,0.78,0
481,805.905,1293.83,17.4719,0.0038,1.696,1.166,0.042,0.048,0.77,0
662,632.121,1760.34,17.7993,0.0014,1.644,1.202,0.036,0.057,0.77,0
194,1351.64,1392.9,15.8274,0.0018,1.316,1.107,0.01,0.015,0.01,0
403,571.117,1030.31,16.9852,0.001,2.021,1.844,0.02,0.055,0.84,0
770,531.026,1170.72,17.9872,0.0016,nan,1.214,nan,0.072,0.83,-1
