ID,x,y,Gmag,e_Gmag,VI,BV,VIerr,BVerr,MP,sel
3,1514.37,1825.51,9.9783,0.0003,0.388,0.277,0.019,0.018,0.647,1
96,1543.58,2581.63,10.2645,0.0004,1.478,1.59,0.029,0.006,0.864,1
47,2056.77,1783.09,10.9303,0.0003,1.262,1.103,0.01,0.007,0.358,0
65,1402.33,1986.55,11.0332,0.0003,nan,1.315,nan,0.008,0.86,-1
51,2268.88,2102.44,11.4566,0.0005,0.394,0.328,0.009,0.017,0.83,1
25,1510.66,2029.86,11.5742,0.0003,0.401,0.323,0.006,0.007,0.804,1
33,2134.83,2176.62,11.6855,0.0003,0.515,0.42,0.008,0.007,0.859,1
29,1668.52,2378.06,11.7461,0.0002,0.367,0.303,0.006,0.009,0.822,1
40,2020.76,1709.97,11.9918,0.0002,0.475,0.378,0.008,0.006,0.66,0
63,1964.24,2335.34,11.9994,0.0002,0.398,0.329,0.005,0.005,0.86,1
283,1480.26,2329.78,12.107,0.0002,1.676,1.716,0.006,0.003,0.395,1
52,2169.05,1998.13,12.1363,0.0002,0.396,0.357,0.007,0.005,0.82,1
215,2257.83,2162.32,12.1978,0.0001,1.235,1.268,0.006,0.004,0.364,1
100,1892.99,1870.44,12.2259,0.0001,0.797,0.709,0.005,0.004,0.27,0
394,1856.62,2261.89,12.3019,0.0007,3.077,2.287,0.004,0.004,0.389,1
59,2241.76,1784.57,12.3262,0.0002,0.396,0.321,0.009,0.005,0.427,1
78,2094.5,1900.4,12.3981,0.0002,0.441,0.374,0.006,0.004,0.852,1
109,2413.92,1900.91,12.4662,0.0002,0.556,0.531,0.008,0.004,0.331,0
87,1810.86,2637.2,12.5379,0.0002,0.339,0.316,0.004,0.003,0.463,1
93,2289.04,2071.59,12.5576,0.0002,0.453,0.369,0.007,0.004,0.765,1
139,1774.26,2621.03,12.6079,0.0002,0.408,0.379,0.005,0.004,0.75,1
82,2164.39,2138.08,12.6201,0.0004,0.357,0.292,0.006,0.003,0.754,1
94,2219.44,1983.14,12.6604,0.0002,0.408,0.351,0.007,0.004,0.764,1
102,2197.56,2062.73,12.6728,0.0003,0.408,0.341,0.007,0.003,0.709,1
116,1891.73,2087.59,12.6794,0.0004,0.404,0.347,0.005,0.003,0.219,0
134,1546.44,2079.97,12.731,0.0002,0.452,0.412,0.004,0.003,0.655,1
152,2090.14,2299.01,12.7711,0.0002,0.599,0.545,0.004,0.003,0.331,0
156,2054.61,2538.76,12.8323,0.0002,0.43,0.383,0.004,0.003,0.425,0
144,1466.46,2068.84,12.854,0.0002,0.372,0.329,0.004,0.003,0.791,1
289,2111.86,2656.83,12.8974,0.0003,1.33,1.3,0.004,0.004,0.407,1
147,2433.14,2140.37,12.913,0.0002,0.503,0.429,0.008,0.004,0.196,0
160,1472.99,2111.14,12.9365,0.0003,0.408,0.363,0.004,0.003,0.859,1
137,2011.49,1838.91,12.9688,0.0011,0.435,0.349,0.007,0.004,0.476,1
201,1933.95,2395.1,12.9881,0.0003,0.687,0.599,0.004,0.003,0.377,0
193,1999.35,2766.83,13.01,0.0004,0.581,0.481,0.006,0.004,0.454,1
403,1779.84,2157.7,13.0552,0.0004,1.902,1.811,0.004,0.003,0.418,0
549,2394.65,2111.94,13.0853,0.0003,1.574,1.452,0.007,0.004,0.447,0
175,2156.6,2147.43,13.0904,0.0004,0.407,0.363,0.006,0.004,0.682,1
184,2131.26,2169.07,13.0982,0.0005,0.493,0.391,0.008,0.005,0.463,0
171,1606.27,2696.6,13.141,0.0003,0.422,0.403,0.006,0.004,0.832,1
496,2219.07,2118.44,13.1429,0.001,1.473,1.385,0.007,0.005,0.248,1
177,2055.21,1729.35,13.1638,0.0006,0.543,0.417,0.011,0.007,0.52,0
282,2467.21,2023.04,13.2043,0.0002,0.865,0.813,0.008,0.004,0.419,0
221,2067.61,2689.68,13.2066,0.0002,0.379,0.356,0.004,0.003,0.58,1
183,2441.57,2076.07,13.2168,0.0003,0.456,0.371,0.008,0.004,0.383,0
236,1945.69,2615.47,13.233,0.0003,0.379,0.356,0.004,0.003,0.82,1
198,2339.04,2045.05,13.2815,0.0002,0.441,0.386,0.008,0.004,0.629,1
232,1933.53,2119.67,13.2946,0.0003,0.485,0.447,0.005,0.003,0.374,0
209,2276.88,2053.35,13.3317,0.0002,0.433,0.386,0.007,0.004,0.441,0
242,2408.73,2455.49,13.3758,0.0002,0.465,0.4,0.005,0.004,0.84,1
239,1893.86,2761.43,13.4015,0.0002,0.373,0.366,0.005,0.003,0.773,1
238,1933.41,1686.31,13.4379,0.0002,0.502,0.418,0.007,0.004,0.776,1
226,2233.78,1958.39,13.4474,0.0002,0.426,0.376,0.007,0.004,0.758,1
659,1993.88,2300.46,13.4837,0.0005,2.895,2.306,0.004,0.005,0.42,1
237,2073.34,1687.25,13.4851,0.0002,0.473,0.423,0.008,0.004,0.379,0
252,1733.73,2554.12,13.4903,0.0003,0.384,0.37,0.005,0.004,0.694,1
272,2182.96,1908.45,13.5305,0.0002,0.574,0.482,0.007,0.004,0.841,1
293,1984.85,2417.76,13.5565,0.0002,0.402,0.382,0.004,0.003,0.842,1
275,1575.61,2682.09,13.5789,0.0002,0.404,0.392,0.008,0.005,0.542,1
266,1799.16,1940.88,13.5856,0.0004,0.527,0.443,0.008,0.005,0.366,0
315,1869.63,2388.8,13.6475,0.0003,0.495,0.435,0.004,0.003,0.446,0
596,1780.62,1766.61,13.6499,0.0005,1.476,1.328,0.005,0.003,0.296,1
319,1612.36,2627.22,13.6777,0.0003,0.59,0.533,0.013,0.011,0.82,1
297,2315.07,2433.35,13.6793,0.0008,0.584,0.531,0.012,0.007,0.208,0
378,2162.15,2602.08,13.7122,0.0002,0.471,0.433,0.004,0.004,0.63,1
333,1895.89,2012.86,13.8172,0.0002,0.488,0.438,0.005,0.003,0.84,1
340,2024.07,2060.33,13.8421,0.0002,0.458,0.415,0.006,0.004,0.34,0
443,1693.3,1740.33,13.8498,0.0002,0.879,0.733,0.005,0.004,0.412,0
370,1939.07,1753.35,13.8521,0.0002,0.593,0.536,0.007,0.005,0.828,1
426,1383.4,2284.46,13.8705,0.0002,0.765,0.654,0.004,0.003,0.308,0
418,1580.37,2033.24,13.9174,0.0003,0.729,0.617,0.004,0.003,0.637,1
371,1661.35,2697.41,13.9413,0.0003,0.493,0.457,0.006,0.004,0.792,1
449,1722.05,2583.57,13.9645,0.0003,0.527,0.497,0.004,0.004,0.74,1
415,1378.27,1955.25,13.9693,0.0002,0.618,0.538,0.004,0.003,0.637,1
796,1727.96,2238.76,13.9803,0.0003,2.299,2.13,0.004,0.005,0.437,1
485,1658.01,2403.08,14.0002,0.0002,0.799,0.755,0.004,0.003,0.393,0
392,2285.74,2220.43,14.0102,0.0002,0.504,0.452,0.005,0.003,0.768,1
539,2172.08,1751.96,14.0319,0.0002,0.896,0.834,0.01,0.006,0.368,1
725,1892.18,2521.78,14.035,0.0002,2.038,1.875,0.004,0.005,0.41,1
744,1927.43,2130,14.0576,0.0003,1.558,1.462,0.005,0.004,0.376,0
416,1999.08,1818.01,14.087,0.0002,0.521,0.463,0.007,0.004,0.624,1
406,2074.38,1935.19,14.0983,0.0002,0.478,0.436,0.007,0.005,0.802,1
407,2241.87,1735.46,14.1316,0.0003,0.538,0.469,0.008,0.005,0.835,1
450,1760.49,2105.75,14.1631,0.0006,0.617,0.479,0.005,0.003,0.29,0
424,2167.87,1864.15,14.1784,0.0003,0.49,0.445,0.008,0.005,0.833,1
520,2257.2,2099.55,14.1794,0.0005,0.674,0.592,0.006,0.004,0.688,1
499,1715.92,1800.34,14.1939,0.0002,0.703,0.602,0.005,0.004,0.372,0
537,1704.86,2541.8,14.2279,0.0002,0.76,0.67,0.005,0.004,0.413,0
562,1446.1,2065.15,14.2282,0.0009,0.693,0.596,0.004,0.004,0.646,1
511,2339,2529.64,14.2708,0.0003,0.51,0.482,0.005,0.003,0.846,1
630,1917.75,1893.17,14.2824,0.0002,0.88,0.733,0.006,0.004,0.436,0
579,2107.45,2058.07,14.3038,0.0003,0.72,0.598,0.006,0.004,0.388,0
513,1906.29,1728.31,14.3233,0.0003,0.56,0.493,0.007,0.004,0.803,1
523,2161.45,1739.83,14.3339,0.0007,0.66,0.541,0.009,0.005,0.267,0
1138,2493.21,2180.18,14.3748,0.0035,1.774,1.487,0.007,0.005,0.4,0
541,1972.99,1697.52,14.4212,0.0002,0.553,0.495,0.007,0.004,0.721,1
616,1955.22,2482.42,14.4416,0.0003,0.615,0.534,0.004,0.003,0.623,0
573,2068.53,2205.83,14.4488,0.0007,0.574,0.497,0.007,0.004,0.255,0
606,1646.63,2041.97,14.4517,0.0003,0.57,0.524,0.004,0.003,0.815,1
1024,1767.68,2114.47,14.4566,0.0004,2.084,1.935,0.008,0.007,0.273,1
983,1790.53,1813.35,14.475,0.0003,1.52,1.441,0.006,0.004,0.402,1
668,1593.37,2477.54,14.4833,0.0004,0.749,0.632,0.005,0.004,0.373,0
598,2356.52,2286.74,14.4917,0.0003,0.563,0.514,0.006,0.004,0.813,1
612,1715.77,1753.91,14.4995,0.0003,0.577,0.513,0.006,0.004,0.422,0
553,1704.31,1787.83,14.5092,0.0009,0.79,0.604,0.017,0.014,0.4,0
705,1922.06,2245.49,14.5421,0.0003,0.833,0.679,0.005,0.003,0.779,1
669,1451.35,2304.97,14.5435,0.0003,0.651,0.569,0.004,0.003,0.388,0
636,2002.87,2063.33,14.5462,0.0003,0.599,0.52,0.006,0.004,0.874,1
657,1942.31,1947.37,14.5479,0.0003,0.66,0.543,0.006,0.004,0.815,1
688,1547.15,2546.98,14.556,0.0004,0.818,0.698,0.005,0.004,0.401,0
687,1554.98,2087.33,14.5596,0.0003,0.629,0.547,0.005,0.004,0.796,1
676,2468.62,2157.9,14.5601,0.0003,0.748,0.596,0.008,0.005,0.661,1
1153,2276.84,2471.52,14.5983,0.0003,1.903,1.707,0.006,0.005,0.345,0
718,1503.58,2162.63,14.6179,0.0003,0.618,0.551,0.004,0.003,0.8,1
1115,1779.63,1909.69,14.6441,0.0003,1.858,1.631,0.005,0.005,0.395,0
773,1991.75,1791,14.6464,0.0003,0.873,0.717,0.007,0.004,0.397,0
703,2486.56,2266.2,14.6789,0.0003,0.655,0.567,0.007,0.004,0.822,1
684,1876.67,1841.53,14.6904,0.0005,0.591,0.5,0.008,0.005,0.253,0
789,1778.93,2678.97,14.7161,0.0004,0.799,0.72,0.005,0.004,0.282,0
1072,1634.21,2304.41,14.7173,0.0003,2.435,2.22,0.005,0.007,0.31,0
726,2096.45,2062.5,14.7196,0.0014,0.653,0.582,0.007,0.004,0.321,0
722,1907.76,2276.06,14.7317,0.0008,0.653,0.597,0.012,0.009,0.518,0
787,2029.28,2237.1,14.7662,0.0003,0.748,0.609,0.006,0.004,0.502,0
816,2139.8,2103.07,14.7795,0.0004,0.833,0.7,0.007,0.004,0.339,0
784,2357.84,1946.77,14.8062,0.0015,0.84,0.598,0.007,0.004,0.33,0
889,2130.78,1686.64,14.8194,0.0003,0.94,0.772,0.008,0.005,0.301,0
783,2108.06,1941.81,14.8219,0.0003,0.715,0.563,0.008,0.005,0.197,0
903,2132.15,2481.04,14.8346,0.0003,0.896,0.82,0.005,0.004,0.355,1
809,2053.94,1899.57,14.8386,0.0004,0.745,0.596,0.007,0.004,0.344,0
1150,1755.32,2277.5,14.8996,0.0003,1.39,1.351,0.005,0.004,0.328,0
906,1951.83,2600.44,14.9469,0.0004,0.727,0.632,0.005,0.004,0.553,0
895,1973.61,1808.85,14.9567,0.001,0.905,0.728,0.01,0.007,0.525,1
885,1959.28,1788.06,14.9735,0.0003,0.712,0.634,0.006,0.004,0.549,0
943,1616.06,2075.55,15.0195,0.0004,0.807,0.672,0.005,0.003,0.343,0
984,2102.39,2189.73,15.043,0.0004,0.906,0.743,0.006,0.004,0.688,1
1469,1644.28,1973.57,15.0557,0.0003,1.89,1.705,0.006,0.005,0.298,0
1009,2258,2270.04,15.0777,0.0005,0.901,0.773,0.006,0.004,0.337,0
1018,1961.72,2148.05,15.0879,0.0004,0.869,0.769,0.005,0.004,0.332,0
1148,1811.85,2251.79,15.0953,0.0003,1.081,0.966,0.005,0.004,0.345,1
957,2141.73,1863.02,15.0956,0.0005,0.795,0.731,0.009,0.006,0.391,1
938,1462.61,2599.96,15.1465,0.0065,0.9,0.78,0.007,0.007,0.229,0
971,2175.49,1923.43,15.1703,0.0009,0.759,0.558,0.008,0.005,0.687,1
958,2106.64,1753.81,15.1707,0.0004,0.693,0.586,0.008,0.005,0.352,0
1007,2129.3,2642.91,15.1718,0.0004,0.658,0.59,0.004,0.004,0.398,1
1061,2035.92,1710.68,15.1811,0.0006,0.874,0.719,0.008,0.006,0.222,0
1112,2023.12,2045.92,15.1829,0.0005,0.938,0.79,0.006,0.004,0.404,0
1036,1836.64,2121.5,15.1847,0.0004,0.815,0.712,0.006,0.004,0.392,1
1054,1391.56,2477.34,15.1869,0.0004,0.898,0.764,0.005,0.004,0.383,0
1110,2021.63,2336.26,15.2097,0.0004,0.854,0.787,0.005,0.004,0.355,0
1201,1743.7,2269.61,15.2174,0.0004,0.97,0.917,0.005,0.004,0.361,1
1044,2418.4,2179.16,15.2227,0.0004,0.828,0.684,0.008,0.005,0.468,1
1022,1428.23,2537.54,15.2307,0.0004,0.775,0.669,0.006,0.004,0.864,1
1027,1521.58,2066.71,15.2409,0.0004,0.666,0.591,0.005,0.004,0.31,0
1055,1743.96,1898.92,15.2411,0.0006,0.798,0.665,0.006,0.004,0.764,1
1420,1543.51,2397.09,15.2502,0.0004,2.122,1.943,0.006,0.007,0.44,1
1164,2175.72,1859.53,15.2615,0.0006,0.935,0.768,0.008,0.006,0.695,1
1062,2012.52,2217.36,15.2624,0.0004,0.778,0.652,0.006,0.004,0.788,1
1381,1692.8,2613.75,15.2674,0.0004,1.675,1.484,0.006,0.006,0.32,0
1493,2105.42,2739.05,15.2755,0.0005,1.901,1.714,0.005,0.006,0.37,1
1097,2021.16,2699.13,15.2771,0.0004,0.748,0.612,0.005,0.004,0.387,1
1441,1598.11,2639.75,15.2803,0.0004,1.954,1.743,0.006,0.007,0.43,1
1088,1611.97,1996.29,15.2923,0.0004,0.796,0.638,0.005,0.004,0.374,0
1178,1663.38,2073.24,15.2944,0.0013,0.988,0.843,0.006,0.004,0.185,0
1137,1885.24,2149.89,15.3013,0.0004,0.824,0.685,0.005,0.004,0.873,1
1690,2072.18,2253.22,15.3114,0.0005,2.153,2.011,0.007,0.007,0.24,0
1276,1777.02,2375.22,15.3179,0.0005,2.937,2.513,0.006,0.011,0.35,0
1213,1946.57,1624.84,15.3458,0.0011,0.969,0.796,0.008,0.005,0.428,0
1166,1952.11,2343.62,15.3537,0.0054,1.014,0.869,0.008,0.007,0.2,0
1095,2231.24,1896.31,15.3614,0.0005,0.717,0.607,0.008,0.005,0.384,1
1635,1947.97,1802.48,15.3796,0.0016,1.433,1.35,0.007,0.006,0.29,0
1173,2234,2180.56,15.3859,0.0004,0.8,0.673,0.007,0.004,0.436,1
1243,2020.69,2495.64,15.4237,0.0004,0.862,0.732,0.005,0.004,0.36,0
1335,1653.59,1803.45,15.4289,0.0004,0.947,0.868,0.005,0.004,0.261,0
1810,2043.38,2135.83,15.4295,0.0005,2.023,1.767,0.006,0.006,0.371,0
1223,2127.84,2066.53,15.444,0.0004,0.854,0.704,0.007,0.005,0.72,1
1413,2027.64,2350.23,15.4486,0.0004,1.078,0.907,0.006,0.005,0.386,1
1215,2412.65,2190.8,15.4491,0.0004,0.895,0.707,0.008,0.005,0.889,1
1253,2040.97,2020.89,15.4824,0.0005,0.872,0.704,0.007,0.004,0.765,1
2106,2255.77,1770.63,15.4853,0.0004,2.014,1.824,0.009,0.007,0.38,0
1431,2232.58,2473.25,15.4916,0.0005,1.015,0.906,0.005,0.004,0.307,0
1319,2179.87,1746.52,15.5128,0.0007,0.925,0.723,0.009,0.006,0.876,1
1327,2295.05,2518.39,15.5281,0.0004,0.857,0.717,0.005,0.004,0.8,1
1185,2383.11,1877.41,15.5372,0.0007,0.674,0.592,0.008,0.005,0.344,0
1370,1690.02,1910.14,15.547,0.0004,0.902,0.746,0.006,0.005,0.737,1
1825,1970.73,2152.99,15.5506,0.0005,2.094,1.956,0.006,0.008,0.34,0
1632,2067.18,1736.86,15.5623,0.0013,1.228,0.966,0.009,0.007,0.229,0
1363,2225.98,2140.83,15.5749,0.0005,0.798,0.672,0.007,0.005,0.406,1
1380,2028.36,2248.17,15.5942,0.0005,0.877,0.719,0.006,0.005,0.852,1
1520,2202.15,1751.56,15.6157,0.0012,1.135,0.829,0.008,0.006,0.253,0
2094,1637.22,1831.28,15.6232,0.0008,1.902,1.707,0.007,0.006,0.197,0
1428,1569.72,2509.49,15.6302,0.0005,0.837,0.726,0.006,0.005,0.362,0
1411,1907.06,2761.83,15.645,0.0007,0.888,0.699,0.007,0.005,0.222,0
1525,1612.95,2185.75,15.6511,0.0005,0.973,0.833,0.005,0.004,0.313,0
1443,2138.12,1852.4,15.6527,0.0004,0.91,0.734,0.008,0.005,0.734,1
1748,1991.81,1909.1,15.6601,0.0005,1.216,0.997,0.007,0.005,0.359,1
1511,2147.2,2284.56,15.6605,0.0005,0.95,0.808,0.006,0.004,0.392,0
1621,1943.61,2053.85,15.6625,0.0005,1.081,0.869,0.007,0.005,0.375,1
1478,1809.43,2407.98,15.6791,0.0005,0.876,0.748,0.005,0.004,0.844,1
1855,2135.03,2146.04,15.6921,0.0007,1.308,1.169,0.007,0.006,0.34,1
1463,1422.75,2542.19,15.6989,0.0007,0.852,0.718,0.007,0.006,0.758,1
1955,1438.78,1890.55,15.7047,0.0006,1.941,1.705,0.005,0.006,0.35,0
1753,1921.92,1666.52,15.7242,0.0005,1.184,0.901,0.008,0.006,0.307,0
1466,1505.03,2302.33,15.7287,0.001,0.852,0.733,0.007,0.005,0.358,0
1566,2169.83,2503.59,15.737,0.0005,0.934,0.784,0.006,0.004,0.34,0
1516,2231.94,2432.42,15.7504,0.0005,0.847,0.722,0.006,0.005,0.295,0
1686,2065.9,2699.76,15.7566,0.0008,1.06,0.874,0.008,0.008,0.28,0
3126,1733.26,1722.06,15.7714,0.0005,1.908,1.631,0.014,0.01,0.358,0
2086,2329.1,2395.77,15.7748,0.0004,1.369,1.195,0.007,0.005,0.318,0
1612,1935.28,2634.34,15.7856,0.0005,0.883,0.798,0.006,0.005,0.369,0
2359,2137.96,1824.58,15.7959,0.0006,2.078,1.807,0.009,0.01,0.4,1
1406,1597.48,2010.67,15.7997,0.0006,0.648,0.58,0.007,0.005,0.429,1
1734,1672.69,2477.18,15.8278,0.0005,1.027,0.928,0.005,0.005,0.254,0
1648,1953.6,1881.04,15.8349,0.0004,0.933,0.746,0.008,0.006,0.622,1
1646,2014.9,2010.84,15.8361,0.0005,0.928,0.735,0.007,0.005,0.43,0
1726,2222.54,2616.35,15.8386,0.0005,0.994,0.856,0.006,0.006,0.259,0
1725,1496.11,2028.09,15.84,0.0008,0.942,0.875,0.006,0.009,0.161,0
2383,2332.48,2226.07,15.8553,0.0005,2.179,1.977,0.007,0.008,0.31,0
2089,1341.81,2261.19,15.8652,0.0005,1.308,1.123,0.006,0.005,0.228,0
2147,1358.86,2308.98,15.8661,0.0006,2.062,1.593,0.006,0.007,0.375,0
1841,1801.17,1791.45,15.8828,0.0005,1.07,0.881,0.008,0.006,0.388,1
1882,2209.44,2332.22,15.8838,0.0006,0.99,0.966,0.006,0.005,0.314,0
1684,1533.91,2142.11,15.8942,0.0005,0.919,0.779,0.006,0.005,0.827,1
2157,1490.69,2208,15.9044,0.0007,1.301,1.199,0.005,0.005,0.304,0
1732,1632.8,2663.87,15.9205,0.0005,0.907,0.768,0.006,0.005,0.904,1
1760,2264.03,2012.71,15.9211,0.0017,1.011,0.831,0.007,0.005,0.769,1
1790,1576.31,2114.39,15.9425,0.0006,0.949,0.78,0.006,0.005,0.377,0
1787,1889.58,2168.92,15.9435,0.0006,0.907,0.758,0.006,0.005,0.8,1
1878,1590.49,1758.04,15.945,0.0005,0.96,0.867,0.006,0.005,0.306,0
1812,1880.3,2732.77,15.9543,0.0006,0.98,0.804,0.006,0.005,0.64,1
1835,2380.92,2073.73,15.9601,0.0019,0.99,0.849,0.008,0.005,0.08,0
2230,2423.69,1907.7,15.9626,0.0008,1.392,1.123,0.009,0.008,0.285,0
2344,1761.05,1818.21,15.9732,0.0006,1.327,1.171,0.007,0.006,0.274,0
1912,1865.41,1854.7,15.9908,0.0007,0.993,0.826,0.008,0.006,0.417,0
1913,1326.69,2190.94,15.9911,0.0005,1.004,0.843,0.005,0.005,0.229,0
1960,1636.66,1716.52,15.9982,0.0005,1.032,0.87,0.007,0.005,0.737,1
1907,1603.85,1849.01,16.0009,0.0006,0.951,0.817,0.006,0.005,0.376,0
1903,1623.12,2017.7,16.0068,0.0006,0.964,0.778,0.007,0.005,0.894,1
1923,1440.6,2358.97,16.0071,0.0006,0.985,0.843,0.006,0.005,0.333,1
2052,2154.68,2130.7,16.0218,0.001,1.04,0.91,0.008,0.007,0.417,1
1988,2042.08,2441.71,16.0263,0.0006,1.046,0.855,0.006,0.005,0.434,1
1889,1494.49,1872.49,16.0309,0.0006,0.959,0.782,0.007,0.005,0.918,1
2643,2399.33,2398.31,16.0356,0.0005,1.441,1.304,0.008,0.006,0.236,0
2284,1574.96,2559.14,16.0521,0.0008,1.351,1.096,0.017,0.006,0.413,1
2051,2094.59,2136.9,16.0637,0.0006,0.99,0.793,0.007,0.005,0.249,0
2032,1548.03,2035.68,16.0904,0.0007,0.963,0.811,0.006,0.006,0.368,0
2138,1409.68,2148.56,16.0927,0.0006,1.085,0.913,0.006,0.005,0.375,1
2275,2130.24,2294.78,16.1019,0.0009,1.162,0.961,0.007,0.005,0.531,0
2004,2214.71,2730.78,16.1091,0.0006,0.968,0.798,0.007,0.006,0.844,0
2324,1831.55,2683.91,16.1403,0.0006,1.972,1.837,0.007,0.009,0.32,0
2319,2146.63,1914.83,16.1496,0.0007,1.06,0.917,0.008,0.006,0.729,0
2040,1850.11,2145.98,16.1661,0.0038,0.986,0.841,0.007,0.005,0.272,0
2188,2311.8,2541.59,16.1671,0.0006,0.969,0.839,0.006,0.005,0.9,1
2087,1839.57,2048.08,16.1792,0.0007,0.834,0.698,0.007,0.005,0.381,0
2209,1861.56,2117.2,16.1901,0.0008,0.969,0.802,0.007,0.005,0.361,0
2346,1512.94,2483.02,16.1954,0.0006,1.042,0.962,0.006,0.006,0.262,0
2187,1904.13,2438.04,16.204,0.0006,0.967,0.796,0.006,0.005,0.79,0
2325,1628.95,2070.97,16.242,0.0007,0.972,0.834,0.007,0.006,0.899,1
2250,1775.76,1941.57,16.2428,0.0006,0.947,0.747,0.007,0.005,0.157,0
2228,1865.42,2166.47,16.2532,0.001,1.034,0.842,0.009,0.007,0.302,0
2467,1936.12,2777.64,16.2617,0.0006,1.041,0.979,0.006,0.006,0.259,0
2339,1774.84,2765.83,16.2637,0.001,0.925,0.859,0.007,0.007,0.371,0
2247,1893.05,1656.43,16.2684,0.0015,1.052,0.83,0.01,0.007,0.378,0
2310,2234.1,1705.41,16.2739,0.0006,0.986,0.795,0.009,0.006,0.891,1
2162,1667.63,2535.2,16.2831,0.0007,0.915,0.774,0.01,0.008,0.429,0
2838,1743.92,2753.4,16.285,0.0008,2.346,2.056,0.007,0.01,0.16,0
2468,1800.71,1827.56,16.3191,0.0007,1.052,0.84,0.009,0.007,0.885,1
2421,2116.99,2135.37,16.3242,0.0011,1.177,1.031,0.019,0.023,0.388,0
2574,1821.95,2074.96,16.3248,0.0006,1.052,0.965,0.008,0.008,0.296,0
2376,1334.57,2076.31,16.3288,0.0007,0.937,0.791,0.006,0.005,0.294,0
2440,2283.64,2562.44,16.3495,0.0007,1.015,0.882,0.008,0.007,0.27,0
2389,1710.55,2079.22,16.3528,0.0007,0.921,0.786,0.007,0.006,0.324,0
2477,1623.25,2063.29,16.3534,0.0006,0.995,0.84,0.007,0.006,0.911,1
2619,2189.95,2717.11,16.3661,0.0007,1.149,1.143,0.006,0.007,0.32,0
2728,2016.91,2691.7,16.3666,0.0007,1.424,1.166,0.007,0.007,0.36,0
2380,2117.63,2130.78,16.37,0.0008,1.006,0.827,0.016,0.01,0.772,0
1710,1870.08,2497.38,16.3702,0.0012,0.998,0.84,0.025,0.024,0.16,0
2566,1747.98,2564.22,16.3779,0.0007,1.131,0.98,0.007,0.006,0.21,0
2525,1826.78,2375.75,16.379,0.0007,0.997,0.857,0.007,0.006,0.377,0
2968,1697.15,1989.68,16.3821,0.0007,1.676,1.45,0.007,0.008,0.429,0
2935,1890.27,1685.55,16.3954,0.0006,1.276,1.008,0.008,0.007,0.35,0
2722,2349.96,2129.45,16.4064,0.0006,1.068,0.919,0.008,0.006,0.364,0
2605,2459.38,1968.51,16.4086,0.0007,1.037,0.847,0.008,0.005,0.773,0
2704,1993.05,2342.08,16.413,0.0007,1.116,0.964,0.007,0.006,0.289,0
2781,1753.48,1995.4,16.4137,0.0007,1.065,0.968,0.008,0.006,0.363,0
2611,2376.01,1894.86,16.4181,0.0007,1.048,0.874,0.01,0.007,0.859,1
3013,2345.21,2264.9,16.42,0.0013,1.324,1.104,0.007,0.006,0.195,0
2755,2062.68,2469.55,16.423,0.0006,1.049,0.973,0.01,0.008,0.354,0
2957,2162.94,1914.28,16.4287,0.0009,1.176,0.981,0.01,0.007,0.418,0
2609,2068.78,2612.25,16.43,0.0008,1.067,0.92,0.006,0.006,0.46,0
2505,1682.32,1954.5,16.4386,0.0006,0.941,0.785,0.008,0.006,0.311,0
2673,1741.4,1755.71,16.4394,0.0006,1.068,0.885,0.01,0.006,0.511,0
2568,1835.24,2736.59,16.4452,0.0007,0.971,0.834,0.007,0.006,0.842,0
2795,1429.3,2099.54,16.4455,0.0006,1.101,0.955,0.006,0.006,0.481,0
2995,2081.38,1982.68,16.4482,0.0009,1.047,0.975,0.009,0.007,0.36,0
2947,2040.71,2490.41,16.4508,0.0006,1.92,1.594,0.007,0.009,0.29,0
2696,1586.54,2196.33,16.4644,0.0007,1.058,0.862,0.007,0.007,0.282,0
2877,1707.67,2441.95,16.4733,0.0006,1.264,1.131,0.006,0.008,0.321,0
2725,2407.98,2207.62,16.4765,0.0007,1.026,0.853,0.008,0.006,0.878,1
2750,1391.27,2363.19,16.4988,0.0007,1.074,0.905,0.007,0.006,0.391,0
3064,2215.23,2641,16.5251,0.0007,1.933,1.804,0.007,0.009,0.32,0
2810,2135.28,1757.91,16.5349,0.0006,0.98,0.783,0.011,0.007,0.297,0
2823,2422.6,2513.22,16.5534,0.0006,1.043,0.84,0.007,0.006,0.37,0
3079,2261.68,1814.24,16.5591,0.0008,1.063,0.941,0.01,0.006,0.245,0
3225,1850.63,1708.04,16.5761,0.0012,1.226,1.049,0.009,0.007,0.288,0
3080,1652.35,2228.83,16.5808,0.0007,1.131,0.981,0.007,0.006,0.838,1
3381,1777.33,1778.35,16.5867,0.0007,1.267,1.081,0.009,0.008,0.285,0
2961,2227.16,2556.63,16.5902,0.0008,2.702,2.356,0.009,0.015,0.45,1
3157,1873.31,1835.12,16.6118,0.0014,1.103,1.002,0.017,0.014,0.177,0
3141,1877.55,2050.29,16.615,0.0007,1.129,0.963,0.008,0.006,0.753,0
3373,2333.3,2187.17,16.6162,0.0014,1.181,1.07,0.014,0.007,0.069,0
3475,2066.46,2375.82,16.6256,0.0007,1.534,1.24,0.008,0.008,0.112,0
3127,2076.46,1910.31,16.6358,0.0007,1.088,0.95,0.009,0.007,0.312,0
3270,1445.94,2162.05,16.6396,0.0007,1.219,0.99,0.007,0.007,0.37,0
2853,2146.08,1981.22,16.6419,0.0007,0.924,0.736,0.009,0.006,0.38,0
3306,2044.3,2421.81,16.6649,0.0007,2.005,1.778,0.008,0.011,0.34,0
3072,2296.08,1811.85,16.68,0.0009,1.059,0.849,0.009,0.006,0.289,0
3489,2168.11,1911.71,16.6821,0.0011,1.216,1.015,0.011,0.009,0.287,0
3070,2208.57,2669.23,16.6845,0.0008,1.024,0.896,0.008,0.007,0.68,0
3224,1783.74,1832.85,16.692,0.0007,1.095,0.907,0.009,0.007,0.348,0
3658,2115.58,2002.22,16.6923,0.0008,1.339,1.12,0.009,0.008,0.51,0
3406,2455.22,2246.03,16.6927,0.001,1.127,0.977,0.008,0.007,0.825,1
3334,2146,2555.98,16.694,0.0007,1.417,1.159,0.007,0.008,0.4,0
3314,1969.58,2009.18,16.7007,0.0007,1.092,0.896,0.009,0.007,0.897,1
3578,2386.74,2225.92,16.7062,0.0007,1.262,1.023,0.009,0.007,0.344,0
2994,1504.84,2590.98,16.709,0.0011,0.991,0.867,0.008,0.007,0.17,0
3234,1633.12,2076.27,16.7119,0.0009,1.036,0.903,0.008,0.007,0.582,0
3280,2156.07,2097.65,16.7345,0.0012,1.067,0.894,0.009,0.007,0.178,0
3250,1386.39,2416.28,16.7402,0.0009,1.052,0.895,0.007,0.007,0.839,1
3356,1619.92,2048.98,16.7442,0.0008,1.039,0.899,0.008,0.007,0.887,1
3293,1766.63,1933.67,16.7491,0.0014,1.068,0.849,0.008,0.007,0.229,0
3295,1827.79,2213.08,16.7524,0.0007,1.021,0.828,0.008,0.006,0.233,0
3450,1535.16,1780.64,16.7595,0.0008,1.142,1.023,0.008,0.007,0.393,0
3362,2256.75,2390.63,16.7769,0.0012,1.086,0.919,0.009,0.007,0.819,0
3397,1952.55,2629.31,16.7852,0.0008,1.047,0.947,0.007,0.008,0.34,0
3910,2409.19,2274.03,16.7925,0.0007,1.448,1.196,0.008,0.008,0.402,0
3443,2284.5,2478.45,16.798,0.0009,1.081,0.893,0.01,0.008,0.394,0
3116,1546.36,1821.29,16.8089,0.0012,1.512,1.039,0.014,0.03,0.411,0
3543,2134.26,1813.44,16.8252,0.0008,1.055,0.84,0.01,0.007,0.373,0
3550,1320.01,2150.44,16.8515,0.0009,1.141,0.958,0.007,0.007,0.933,1
3706,1725.16,2150.44,16.853,0.0007,1.041,0.98,0.008,0.007,0.276,0
3814,1991.44,1972.11,16.855,0.0008,1.218,0.985,0.009,0.008,0.336,0
4098,2391.35,2359.78,16.8902,0.0007,1.384,1.16,0.008,0.008,0.136,0
3986,2174.02,1743.35,16.8953,0.0016,1.286,1.129,0.017,0.014,0.319,0
3509,1412.51,2005.33,16.8955,0.0012,1.118,0.851,0.011,0.008,0.396,0
3664,2423.07,2045.4,16.9002,0.0008,1.062,0.908,0.009,0.006,0.345,0
4062,2327.74,2277.87,16.906,0.0007,1.313,1.083,0.008,0.007,0.274,0
3802,1724.73,2694.83,16.9182,0.0008,1.464,1.209,0.008,0.008,0.28,0
3636,1595.1,2485.32,16.9192,0.0018,1.312,1.083,0.014,0.018,0.16,0
3698,1825.15,2631.4,16.9235,0.0008,1.185,1.023,0.008,0.008,0.28,0
4029,2239.03,2506.46,16.9305,0.0008,1.497,1.171,0.008,0.008,0.38,0
3770,1452.76,2590.17,16.9339,0.0007,1.143,1.035,0.009,0.009,0.32,0
3878,1680.98,2032.34,16.9379,0.001,1.125,0.934,0.009,0.008,0.169,0
4040,2071.26,2280.33,16.9412,0.0008,1.249,1.075,0.008,0.007,0.369,0
3379,2057.56,2713.18,16.9475,0.0008,2.962,2.28,0.009,0.025,0.39,0
3803,2008.45,1983.91,16.9621,0.001,1.09,0.885,0.01,0.007,0.141,0
3796,2119.23,2448.58,16.9649,0.0008,1.085,0.933,0.009,0.007,0.919,1
3948,1771.83,2111.23,16.9723,0.0019,nan,0.896,nan,0.018,0.15,-1
4386,2140.65,1943.87,16.9856,0.0009,1.382,1.063,0.01,0.008,0.159,0
4147,2076.66,2151.27,16.9886,0.0008,1.228,1.068,0.009,0.008,0.391,0
4055,2187.28,1751.86,17.0155,0.001,1.147,0.888,0.011,0.008,0.208,0
3912,2182.95,2591.35,17.0216,0.0008,1.108,1,0.007,0.007,0.38,0
4287,1690.77,2030.51,17.0273,0.0008,1.289,1.034,0.01,0.008,0.413,0
4070,1864.94,2284.08,17.0343,0.0013,1.247,0.971,0.01,0.007,0.133,0
3891,1744.38,2295.28,17.0352,0.0008,1.049,0.867,0.007,0.007,0.37,0
4110,2300.9,2593.23,17.0473,0.0008,1.191,1.014,0.009,0.008,0.16,0
4445,1847.26,1625.2,17.0565,0.001,1.364,1.049,0.01,0.008,0.435,0
4096,2182.82,2013.81,17.0598,0.0009,1.125,1.073,0.01,0.009,0.235,0
3988,2286.83,2612.94,17.062,0.0008,1.105,0.973,0.009,0.007,0.17,0
4273,1761.4,2722.93,17.0697,0.0071,1.499,1.258,0.007,0.009,0.336,0
4005,2012.4,2125.61,17.0962,0.0026,1.296,1.029,0.022,0.02,0.367,0
4430,1675.08,1821.75,17.0968,0.0008,1.165,1.043,0.01,0.008,0.337,0
4101,1610.17,2521.03,17.0977,0.0008,1.049,0.913,0.009,0.008,0.46,0
4230,1447.15,2114.69,17.1033,0.001,1.14,0.973,0.009,0.008,0.929,1
3428,1769.01,1915.33,17.1035,0.001,3.055,2.528,0.014,0.038,0.37,0
4248,1806.1,2703.6,17.1206,0.0008,1.376,1.152,0.008,0.009,0.15,0
4335,2420.83,2235.59,17.1233,0.001,1.096,0.964,0.009,0.007,0.882,1
4212,1723.56,2374.86,17.1239,0.0012,1.362,1.207,0.013,0.013,0.5,1
4175,1334.48,2145.05,17.1242,0.0009,1.127,0.89,0.008,0.008,0.326,0
4611,1501.09,2225.6,17.1314,0.0008,1.486,1.274,0.008,0.008,0.479,1
4299,1934.38,1698.37,17.1322,0.0015,1.213,0.954,0.013,0.012,0.823,1
4182,1527.65,1940.08,17.1399,0.0012,1.167,0.921,0.013,0.01,0.326,0
4619,1632.02,2201.01,17.1459,0.0008,1.448,1.196,0.009,0.009,0.245,0
4326,2301.34,1774.43,17.1479,0.0014,1.12,0.943,0.01,0.008,0.356,0
4390,2021.49,1663.47,17.1512,0.001,1.132,0.961,0.011,0.009,0.884,1
4578,1683.19,1798.52,17.1533,0.0012,1.239,1.042,0.009,0.008,0.217,0
4584,1561.68,1934.71,17.1557,0.0009,1.225,1.055,0.009,0.008,0.248,0
4394,1529.74,1997.72,17.1756,0.0011,1.154,1.065,0.01,0.008,0.223,0
5233,2425.44,2103.09,17.1776,0.0009,1.478,1.231,0.01,0.009,0.34,0
4563,1438.14,2220.36,17.1785,0.002,1.495,1.267,0.012,0.011,0.298,0
4639,2088.98,2409.88,17.1796,0.001,1.194,1.081,0.009,0.009,0.874,1
4745,2471.99,2051.73,17.1852,0.0022,1.247,1.114,0.009,0.007,0.293,0
4795,2418.62,2320.4,17.1857,0.0012,1.165,1.103,0.01,0.007,0.28,0
4506,2162.06,2399.24,17.1875,0.0012,1.138,0.964,0.01,0.008,0.867,1
4574,1404.77,1908,17.201,0.0009,1.171,1.007,0.008,0.007,0.31,0
4458,2298.94,1780.7,17.226,0.0011,1.105,0.895,0.01,0.008,0.608,1
4658,1721.03,2168.37,17.2262,0.001,1.184,1.07,0.01,0.009,0.199,0
4703,1938.53,1711.11,17.2289,0.0009,1.162,0.985,0.011,0.009,0.51,1
4601,1691.8,2749.79,17.2313,0.0011,1.068,0.986,0.008,0.008,0.88,1
4724,1826.74,1679.22,17.232,0.0009,1.131,0.999,0.012,0.017,0.541,1
4897,2089.73,2497.36,17.2355,0.0009,1.544,1.293,0.01,0.01,0.31,0
4895,2189.81,2445.32,17.2477,0.0013,1.231,1.032,0.009,0.008,0.846,1
4460,1751.3,2512.62,17.2487,0.0054,1.438,1.223,0.009,0.01,0.39,0
4453,1469.69,2030.03,17.2513,0.0011,1.285,0.994,0.009,0.012,0.178,0
4534,1705.1,2752.84,17.2554,0.0009,1.027,0.898,0.009,0.007,0.296,0
4752,1995.26,2314.86,17.2587,0.0015,1.03,0.926,0.01,0.008,0.377,0
5029,1818.15,1901.82,17.2631,0.0009,1.299,1.102,0.011,0.01,0.508,1
5291,1632.15,1785.65,17.2648,0.001,1.85,1.631,0.01,0.011,0.37,1
4669,2230.63,2101.47,17.2655,0.0022,1.272,1.004,0.01,0.007,0.197,0
2225,1641.54,2737.71,17.2698,0.0024,1.044,0.914,0.008,0.008,0,0
4725,1838.95,2077.18,17.2699,0.0011,1.146,1.003,0.01,0.009,0.896,1
4449,1520.27,2349.37,17.272,0.0009,2.107,1.902,0.009,0.015,0.45,0
4768,1748.4,2200.51,17.2789,0.001,1.109,0.954,0.01,0.009,0.254,0
4801,1962.21,2020.61,17.2802,0.0012,1.178,1.003,0.01,0.009,0.88,1
4538,1753.76,2546.8,17.2826,0.0022,1.414,1.189,0.008,0.01,0.38,0
4621,2333.39,2300.48,17.2888,0.0017,1.161,1.024,0.012,0.011,0.469,1
5295,2281.65,1994.45,17.2908,0.0038,1.459,1.34,0.011,0.014,0.22,0
4928,1382.89,2056.27,17.2981,0.0009,1.599,1.349,0.009,0.011,0.394,0
4907,1766.16,2494.25,17.2993,0.0009,1.346,1.083,0.009,0.01,0.289,0
4930,1762.92,2760.6,17.3071,0.001,1.623,1.258,0.008,0.009,0.42,0
4912,1767.55,2290.51,17.3121,0.0014,1.861,1.621,0.009,0.012,0.26,0
4719,1898.5,2275.25,17.319,0.0015,1.161,0.997,0.012,0.012,0.37,0
4933,2387.82,2493.6,17.3236,0.001,1.207,1.015,0.01,0.008,0.32,0
4741,1335.76,2237.17,17.3261,0.0011,1.818,1.539,0.009,0.012,0.25,0
5002,2274.01,2299.31,17.3289,0.0011,1.151,1.028,0.01,0.008,0.402,0
4900,1673.75,2240.5,17.333,0.001,1.198,1.061,0.01,0.011,0.341,0
4986,1713.06,1932.14,17.3358,0.0011,1.152,1.003,0.01,0.009,0.925,1
5080,2282.3,1749.03,17.3395,0.0009,1.158,1.015,0.011,0.009,0.359,0
5203,1682.65,2024.32,17.3433,0.0015,1.186,1.008,0.011,0.009,0.315,0
4856,1569.33,1805.61,17.3464,0.0013,1.16,1.029,0.01,0.012,0.846,1
4999,2077.52,1808.83,17.3504,0.0012,1.281,1.019,0.011,0.009,0.165,0
5049,1949.24,1641.07,17.3669,0.0009,1.219,0.949,0.012,0.009,0.421,0
5038,1458.33,2182.39,17.3711,0.0012,1.171,0.979,0.009,0.009,0.891,1
4840,1539.74,1894.39,17.3718,0.0011,1.069,0.895,0.011,0.01,0.249,0
5742,1807.46,1879,17.3719,0.0012,1.436,1.161,0.011,0.009,0.256,0
5468,2246.07,2211.26,17.3757,0.0011,1.484,1.196,0.01,0.01,0.494,1
5333,1872.31,2533.69,17.394,0.001,1.707,1.455,0.009,0.01,0.24,0
4996,1531.83,2481.34,17.3957,0.0011,1.045,0.932,0.01,0.009,0.395,0
5487,2477.06,2248.53,17.3979,0.0011,1.323,1.099,0.01,0.009,0.523,1
5225,1667.97,2226.29,17.4028,0.001,1.252,1.018,0.009,0.01,0.329,0
5321,2362.61,2058.07,17.4049,0.0012,1.072,1.006,0.011,0.008,0.838,1
5043,1357.4,2179.56,17.4103,0.0014,1.242,0.957,0.012,0.008,0.275,0
5212,1485.34,1901.78,17.4174,0.001,1.296,1.043,0.01,0.01,0.364,0
5396,2439.27,1966.5,17.4193,0.0011,1.172,1.034,0.01,0.008,0.464,1
5327,2209.41,2147.53,17.4225,0.0011,1.115,1.035,0.011,0.012,0.675,1
5395,1816.14,2086.06,17.4315,0.0012,1.163,1.049,0.01,0.009,0.89,1
5372,2343.94,2392.84,17.4384,0.001,1.162,1.005,0.01,0.009,0.289,0
4797,1711.51,2570.28,17.4399,0.0026,1.087,0.998,0.011,0.01,0.24,0
5199,1972.01,2793.06,17.4421,0.0011,1.332,1.204,0.009,0.01,0.18,0
5011,1527.56,2031.03,17.4434,0.0022,1.148,1.005,0.015,0.026,0.39,0
5352,2165.26,2352.35,17.4445,0.0011,1.276,1.082,0.01,0.009,0.156,0
5719,1888.37,1971.22,17.4488,0.001,1.359,1.089,0.011,0.01,0.135,0
6185,2181.86,1700.99,17.4674,0.0012,1.553,1.244,0.012,0.009,0.36,0
5115,1683.13,2559.95,17.4744,0.0011,1.012,0.867,0.009,0.008,0.14,0
4874,1539.39,2002.64,17.476,0.0014,1.183,1.029,0.018,0.022,0.842,1
5228,1940.23,1738.37,17.4813,0.0011,1.204,0.971,0.013,0.013,0.072,0
4108,1994.37,2437.32,17.4909,0.0015,1.501,1.221,0.018,0.024,0.29,0
5189,1963.85,2618.71,17.4926,0.001,1.519,1.281,0.009,0.013,0.49,1
5380,1604.01,1781.22,17.4934,0.0034,1.28,1.082,0.009,0.008,0.327,0
5320,2223.47,2606.73,17.4984,0.0012,1.139,0.948,0.009,0.008,0.38,0
5615,2137.35,1728.2,17.4986,0.001,1.246,1.003,0.012,0.01,0.278,0
5941,1986.46,1998.37,17.5084,0.0012,1.461,1.13,0.011,0.009,0.531,1
5648,1382.06,2370.56,17.5091,0.0011,1.577,1.29,0.01,0.012,0.482,1
5886,2174.08,2378.19,17.5226,0.0017,1.484,1.15,0.011,0.011,0.459,1
5571,1879.67,2467,17.5226,0.001,1.128,1.014,0.01,0.01,0.319,0
5324,1543.94,2029.56,17.5257,0.0019,1.167,0.892,0.012,0.011,0.272,0
5963,2065.02,2225.85,17.5265,0.0019,1.437,1.17,0.017,0.011,0.4,0
6044,2233.86,2313.93,17.529,0.0012,1.855,1.533,0.011,0.012,0.36,1
5531,1523.86,2163.35,17.5293,0.0011,1.257,1.053,0.01,0.009,0.457,1
5673,1804.9,2296.87,17.5413,0.0014,1.197,1.045,0.01,0.01,0.928,1
5785,1905.72,2657.88,17.542,0.001,1.514,1.266,0.01,0.011,0.42,0
4726,1618,2609.94,17.5436,0.0044,1.26,1.069,0.023,0.017,0.21,0
5430,1453.71,2118.64,17.5488,0.0032,1.145,0.949,0.01,0.009,0.11,0
5870,2482.06,2377.68,17.5494,0.0011,1.305,1.116,0.011,0.01,0.4,0
5953,1806.32,1894.2,17.5529,0.0012,1.382,1.284,0.012,0.012,0.26,0
5527,2143.16,2726.33,17.5542,0.0012,1.21,1.082,0.009,0.01,0.25,0
5795,1790.09,1918.9,17.5596,0.0012,1.265,1.008,0.011,0.01,0.458,1
5356,2015.82,1733.09,17.5623,0.0016,1.091,0.984,0.012,0.029,0.895,1
5776,1637.69,2042.53,17.5789,0.0017,1.223,0.98,0.015,0.019,0.16,0
5800,2117.89,2593.16,17.5806,0.001,1.418,1.233,0.011,0.012,0.38,0
5804,1349.38,2381.81,17.6014,0.0016,1.373,1.153,0.01,0.011,0.668,1
5894,1898.39,2703.95,17.6014,0.001,1.506,1.364,0.009,0.011,0.5,1
6159,1742.33,2148.56,17.604,0.0011,1.5,1.371,0.011,0.013,0.426,0
5689,1365.45,2154.33,17.6045,0.0015,1.253,1.037,0.012,0.011,0.342,0
5872,1849.27,1837.21,17.6125,0.0011,1.156,0.935,0.012,0.01,0.407,0
6102,1508.99,2373.59,17.613,0.0012,1.368,1.176,0.011,0.012,0.863,1
5768,1722.69,2601.55,17.6189,0.0011,1.346,1.086,0.01,0.01,0.38,0
6405,1917.95,1636.14,17.6269,0.0011,1.599,1.263,0.012,0.011,0.318,0
5027,1659.65,2320.04,17.6509,0.0024,1.261,1.091,0.019,0.025,0.465,1
6252,1658.41,1934.9,17.6516,0.0012,1.254,1.167,0.011,0.01,0.257,0
5904,2050.25,2587.97,17.6539,0.0011,1.175,1.009,0.011,0.01,0.36,0
5961,2025.58,1848.12,17.6676,0.0012,1.769,1.423,0.014,0.022,0.34,0
5911,1450.62,2554.55,17.6788,0.0012,1.436,1.117,0.011,0.011,0.3,0
6450,1822.41,1727.29,17.7037,0.0011,1.196,0.975,0.018,0.016,0.463,1
6086,2033.21,2397.22,17.7065,0.0012,1.134,1.012,0.012,0.012,0.354,0
6036,1730.27,2081.18,17.7095,0.0014,1.95,1.775,0.014,0.019,0.41,1
4734,2059.5,2327.57,17.7131,0.0042,1.298,1.187,0.024,0.029,0.243,0
6708,1445.69,1845.73,17.7185,0.0016,1.434,1.272,0.011,0.01,0.87,1
6241,2222.43,2727.33,17.722,0.0014,1.232,1.1,0.011,0.011,0.81,1
6430,2231.71,2339.23,17.725,0.0014,1.278,1.022,0.012,0.01,0.404,0
6472,1662.14,2151.95,17.7268,0.0016,1.308,1.051,0.021,0.016,0.46,1
6132,1521.19,2590.08,17.727,0.0026,1.834,1.682,0.022,0.026,0.31,0
6860,2288.34,2427.15,17.728,0.0012,1.342,1.259,0.011,0.009,0.41,0
5850,1596.51,2232.98,17.7337,0.003,1.446,1.195,0.015,0.017,0.375,0
6670,2036.3,2283.13,17.7346,0.0014,1.59,1.209,0.014,0.012,0.59,1
6361,1550.22,1966.57,17.737,0.0014,1.206,1.087,0.011,0.011,0.86,1
6311,2185.08,2160.54,17.7414,0.0012,1.308,1.061,0.012,0.01,0.39,0
6406,2442.93,2234.11,17.7457,0.004,1.341,1.163,0.01,0.009,0.524,1
6250,2080.29,2577.32,17.7504,0.0011,1.229,0.988,0.011,0.011,0.3,0
6464,2008.36,2577.35,17.7534,0.0012,1.423,1.174,0.01,0.01,0.37,0
6581,2347.41,2228.78,17.7564,0.0013,1.401,1.149,0.012,0.011,0.21,0
6381,2236.15,1985.57,17.7619,0.0017,1.504,1.225,0.013,0.014,0.32,0
6714,1753.56,1841,17.7636,0.0012,1.525,1.243,0.012,0.012,0.39,0
5758,1766.87,1782.85,17.7659,0.0021,1.171,1.006,0.02,0.026,0.374,0
6462,1957.2,2044.73,17.7688,0.0016,1.157,0.976,0.014,0.013,0.343,0
6296,1961.36,2041.04,17.7688,0.0018,1.108,0.945,0.014,0.012,0.125,0
6356,1905.43,2196.21,17.7752,0.0015,1.254,1.139,0.012,0.011,0.26,0
6419,1661.38,2156.32,17.7775,0.0015,1.178,1.03,0.02,0.016,0.285,0
6482,1554.71,1859.36,17.7863,0.0013,1.386,1.069,0.01,0.009,0.345,0
5997,2157.35,2558.39,17.787,0.0033,1.41,1.221,0.01,0.01,0.18,0
6335,1716.18,2702.26,17.7895,0.0011,1.233,1.028,0.011,0.012,0.11,0
6556,1727.36,2170.6,17.7999,0.0013,1.314,1.067,0.013,0.012,0.2,0
6309,1369.57,2255.99,17.8,0.0013,1.184,0.951,0.012,0.012,0.371,0
6293,1366.34,1970.88,17.8096,0.0016,1.266,1.015,0.009,0.009,0.389,0
6411,1852.26,2138.55,17.8152,0.0023,1.137,0.95,0.013,0.011,0.379,0
6770,1656.54,2208.23,17.817,0.0015,1.28,1.152,0.012,0.011,0.89,1
6647,2208.32,2718.66,17.819,0.0019,1.285,1.131,0.01,0.01,0.53,1
6825,2195.68,2350.03,17.8196,0.0014,1.207,1.067,0.012,0.011,0.32,0
6483,1624.14,2561.69,17.8263,0.0012,1.315,1.236,0.01,0.012,0.68,1
6038,1679.11,2354.69,17.8313,0.0014,1.325,1.077,0.009,0.013,0.27,0
6560,1359.21,2424.14,17.8357,0.0013,1.246,1.122,0.011,0.012,0.89,1
6505,1449.01,2373.03,17.8386,0.0013,1.271,1.134,0.011,0.013,0.339,0
6514,2381.27,2466.77,17.8437,0.003,1.277,1.078,0.01,0.008,0.188,0
6859,1899.91,2324.1,17.8459,0.0012,1.489,1.2,0.012,0.013,0.28,0
6942,1876.09,2543.15,17.8468,0.0014,1.65,1.358,0.011,0.011,0.41,0
7139,1806.98,1655.1,17.847,0.0014,1.312,1.183,0.013,0.011,0.207,0
6447,2254.52,2220.21,17.8528,0.0025,1.496,1.341,0.02,0.02,0.85,1
6907,1799.28,1973.97,17.8538,0.0013,1.357,1.099,0.013,0.013,0.264,0
6686,2097.13,2706.35,17.8559,0.0013,1.255,1.05,0.01,0.01,0.31,0
6982,2412.81,2352.79,17.8577,0.0011,1.516,1.261,0.01,0.011,0.33,0
6682,1920.85,2345.77,17.8615,0.0013,1.268,1.006,0.012,0.011,0.31,0
7293,1625.37,1900.86,17.8638,0.0014,1.638,1.402,0.014,0.013,0.379,0
6818,2146.87,2413.22,17.8639,0.0015,1.252,1.12,0.013,0.011,0.543,1
6448,1543.02,2013.14,17.8646,0.0014,1.096,0.872,0.011,0.009,0.273,0
5579,2175.98,2615.63,17.8673,0.0072,1.519,1.2,0.009,0.012,0.53,1
6645,2311.68,2400.77,17.8736,0.0012,1.127,0.933,0.012,0.01,0.364,0
7332,2217.35,1892.87,17.8765,0.0013,1.414,1.201,0.015,0.012,0.39,0
7006,2206.19,2527.69,17.8769,0.0014,1.54,1.246,0.011,0.012,0.38,0
7241,1686.56,1704.1,17.8782,0.0014,1.606,1.422,0.013,0.013,0.36,1
7069,2031.24,2453.75,17.8797,0.0013,1.574,1.306,0.014,0.014,0.494,1
6551,1646.81,2062.14,17.8812,0.0016,1.363,1.132,0.013,0.013,0.4,0
6763,1838.24,2465.45,17.8861,0.0017,1.248,1.112,0.011,0.012,0.83,1
6845,1702.77,2256.07,17.888,0.0014,1.21,1.035,0.012,0.012,0.178,0
7190,1941.83,1898.73,17.8915,0.0015,1.376,1.183,0.015,0.014,0.366,0
7049,2048.04,1882.14,17.8929,0.0014,1.767,1.645,0.014,0.018,0.3,0
7218,2015.1,1775.4,17.8982,0.0015,1.336,1.21,0.013,0.011,0.499,1
6849,1457.59,2196.3,17.9001,0.0023,1.769,1.453,0.012,0.014,0.25,0
6765,1461.12,2426.16,17.9056,0.0016,1.279,1.136,0.012,0.012,0.4,0
6175,2035.34,2543.4,17.9075,0.0013,1.632,1.469,0.011,0.025,0.16,0
7240,1791.4,1634.43,17.9079,0.0012,1.34,1.083,0.015,0.013,0.206,0
7234,1595.84,1743.4,17.9097,0.0018,1.38,1.153,0.016,0.011,0.16,0
6673,2018.02,1869.77,17.9126,0.0025,1.554,1.311,0.017,0.018,0.22,0
6756,2152.04,2574.4,17.9184,0.0015,1.287,1.17,0.012,0.012,0.47,1
5889,1460.45,1824.54,17.9249,0.0031,1.259,1.071,0.014,0.026,0.16,0
7065,1522.46,2235.07,17.9326,0.0014,1.386,1.151,0.012,0.012,0.327,0
7043,2220.7,2628.84,17.9348,0.0013,1.409,1.152,0.012,0.013,0.14,0
6870,1830.97,2551.86,17.9438,0.0014,1.176,1.071,0.011,0.011,0.36,0
7506,1750.27,1696.79,17.9464,0.0015,1.589,1.31,0.014,0.014,0.416,0
7353,1818.62,1893.81,17.9489,0.0016,1.323,1.176,0.016,0.014,0.69,1
7214,2204.92,2467.42,17.9504,0.0015,1.556,1.298,0.012,0.013,0.5,1
7539,2061.64,2462.74,17.9568,0.0018,1.553,1.192,0.017,0.013,0.36,0
6848,1542.19,2268.5,17.9625,0.0019,1.318,1.064,0.017,0.018,0.068,0
7501,1940.44,1979.44,17.9641,0.0015,1.726,1.471,0.014,0.014,0.09,0
7358,2300.46,2187.6,17.9657,0.0014,1.273,1.173,0.014,0.012,0.882,1
7162,1906.14,1681.84,17.9661,0.0015,1.334,1.068,0.014,0.012,0.52,1
7171,1932.52,2196.5,17.9679,0.0013,1.504,1.241,0.015,0.015,0.26,0
7153,1712.18,2527.19,17.9731,0.0013,1.403,1.19,0.011,0.011,0.21,0
6946,1607.66,2453.52,17.9744,0.0016,1.163,1.041,0.012,0.012,0.45,0
7316,1942.28,2261.32,17.9853,0.0015,1.428,1.17,0.013,0.012,0.36,0
7441,1616.15,2040.43,17.9868,0.0014,1.278,1.206,0.015,0.015,0.27,0
7271,1542.05,1775.69,17.9947,0.0032,1.488,1.241,0.013,0.013,0.13,0
5773,1902.69,2302.5,17.9995,0.0079,1.336,1.131,0.01,0.01,0.24,0
