ID,x,y,Gmag,e_Gmag,VI,BV,VIerr,BVerr,MP,sel
2,1401.96,889.2,11.8933,0.0002,0.6,0.518,0.004,0.003,0.713,1
3,1308.78,1253.23,12.0771,0.0002,0.412,0.355,0.005,0.004,0.702,1
17,985.64,1188.0,12.6772,0.0002,0.654,0.56,0.004,0.004,0.7,1
48,1251.57,1230.0,13.6815,0.0003,0.855,0.742,0.005,0.004,0.679,1
52,1039.55,1040.29,13.8416,0.0003,0.843,0.745,0.004,0.003,0.679,1
56,1162.36,1053.02,13.9212,0.0003,0.849,0.763,0.004,0.003,0.676,1
38,1235.82,1003.41,13.0244,0.0004,1.124,1.03,0.005,0.004,0.664,1
53,1215.32,1330.76,13.9517,0.0003,0.502,0.445,0.006,0.005,0.658,1
1443,985.865,1067.43,18.2885,0.0024,1.061,0.844,0.051,0.049,0.65,1
1267,1453.94,1031.68,18.2989,0.0029,1.126,0.785,0.044,0.046,0.64,1
1509,1525.11,973.413,18.2859,0.0022,1.042,1.005,0.052,0.064,0.63,1
31,989.415,993.39,12.9385,0.0027,0.883,0.791,0.008,0.007,0.622,1
1444,1512.51,1019.1,18.3505,0.0025,1.111,0.786,0.054,0.051,0.61,1
164,1510.4,1061.72,15.4112,0.0006,0.591,0.515,0.007,0.006,0.602,1
43,1467.69,1015.45,12.9188,0.0004,1.894,1.688,0.005,0.005,0.577,1
1260,1402.49,1285.91,18.351,0.0038,1.351,0.958,0.048,0.052,0.57,1
1881,1513.77,937.559,18.7491,0.003,0.974,0.898,0.077,0.089,0.57,1
194,1417.99,1149.99,15.4465,0.0005,1.437,1.269,0.008,0.009,0.512,1
205,1238.81,1161.18,15.5967,0.0006,1.478,1.328,0.008,0.011,0.493,1
1198,1272.71,784.988,18.0265,0.002,0.908,0.801,0.037,0.037,0.49,1
1786,1511.74,915.74,18.617,0.003,1.178,0.801,0.068,0.081,0.49,1
977,1223.09,1068.39,17.699,0.0015,0.958,0.881,0.029,0.028,0.48,1
1218,1335.32,836.435,18.0239,0.0016,0.922,0.741,0.047,0.049,0.48,1
176,1148.24,1314.54,15.4009,0.0005,1.277,1.242,0.008,0.009,0.47,1
1006,1028.25,976.681,17.7033,0.0015,0.982,0.758,0.034,0.036,0.47,1
213,1200.38,917.946,15.5485,0.0005,1.462,1.386,0.01,0.012,0.45,1
1500,1290.49,1293.17,18.38,0.0021,1.215,1.066,0.045,0.065,0.44,1
287,1290.54,1308.64,15.9982,0.0011,1.412,1.235,0.01,0.012,0.42,1
1531,1319.14,1086.86,18.3889,0.0019,1.196,1.039,0.056,0.069,0.41,1
372,1325.3,1145.22,16.3618,0.0008,1.24,1.091,0.013,0.015,0.4,1
389,1395.11,814.148,16.395,0.0008,1.42,1.264,0.015,0.019,0.39,1
413,1197.47,951.932,16.468,0.0008,1.464,1.319,0.014,0.021,0.39,1
462,1478.56,894.727,16.6107,0.0008,1.169,0.99,0.019,0.02,0.39,1
633,1345.58,903.92,17.1575,0.0011,0.801,0.636,0.023,0.02,0.37,1
680,1254.34,802.283,17.1924,0.0011,1.444,1.36,0.022,0.032,0.36,1
677,1166.48,1318.28,17.3091,0.0011,0.593,0.523,0.028,0.023,0.36,1
2157,1390.48,942.167,18.8813,0.0032,1.17,0.676,0.081,0.093,0.32,1
712,1079.09,872.293,17.3389,0.0013,0.782,0.657,0.031,0.021,0.01,1
22,1277.87,1122.71,12.8974,0.0003,0.502,0.411,0.005,0.004,0.684,0
69,1057.06,1257.75,14.0549,0.0003,0.789,0.694,0.005,0.005,0.669,0
131,1121.32,1120.21,15.0786,0.0004,0.695,0.566,0.006,0.005,0.63,0
32,1352.67,938.339,12.8599,0.0003,1.291,1.269,0.005,0.006,0.628,0
193,1372.95,1161.62,15.634,0.0006,0.787,0.645,0.009,0.007,0.586,0
191,1129.28,1053.47,15.5603,0.0005,0.91,0.794,0.009,0.007,0.579,0
215,1226.33,1026.91,15.745,0.0006,0.861,0.752,0.008,0.007,0.573,0
120,1354.8,903.064,14.8461,0.0007,1.002,0.924,0.008,0.008,0.57,0
150,1352.82,770.242,15.2378,0.0006,0.734,0.594,0.01,0.008,0.566,0
281,1069.01,1007.15,16.1794,0.0007,0.537,0.415,0.01,0.007,0.56,0
152,1114.29,980.851,15.1365,0.0004,0.909,0.82,0.01,0.009,0.55,0
239,1238.59,1094.12,15.867,0.0007,0.821,0.661,0.009,0.008,0.55,0
238,1291.07,1086.41,15.8397,0.0006,0.887,0.761,0.01,0.009,0.549,0
257,1208.22,1147.55,15.9391,0.0006,0.882,0.717,0.01,0.009,0.544,0
237,1454.57,986.544,15.8079,0.0007,0.838,0.756,0.012,0.011,0.52,0
262,1087.08,801.921,15.9308,0.001,0.911,0.777,0.013,0.01,0.52,0
400,1307.12,1145.71,16.5416,0.0007,0.798,0.657,0.013,0.011,0.501,0
302,1014.61,935.981,16.0826,0.0007,0.942,0.831,0.013,0.011,0.497,0
435,1375.07,1100.21,16.6019,0.0008,0.963,0.86,0.012,0.013,0.481,0
2001,1204.97,1061.06,18.7431,0.003,1.012,1.189,0.068,0.087,0.48,0
340,1418.49,935.492,16.2493,0.0008,0.911,0.848,0.014,0.013,0.476,0
426,1120.47,908.645,16.5987,0.0008,0.862,0.703,0.018,0.017,0.461,0
1974,1264.07,1286.27,18.7554,0.0026,1.107,0.935,0.069,0.07,0.46,0
997,1198.5,938.88,17.7478,0.0019,0.919,0.74,0.037,0.033,0.45,0
0,1380.67,1279.0,17.7527,0.0015,1.043,0.806,0.029,0.03,0.45,0
1834,1204.08,818.541,18.6106,0.0023,1.094,0.998,0.07,0.073,0.45,0
1838,1324.61,965.265,18.6363,0.0026,1.002,0.862,0.065,0.082,0.44,0
509,1451.31,900.697,16.8532,0.001,0.876,0.745,0.018,0.016,0.438,0
64,1182.85,989.234,13.7239,0.0024,2.026,1.879,0.009,0.011,0.43,0
185,1482.62,977.891,15.251,0.0006,1.893,1.79,0.011,0.013,0.43,0
1780,1000.52,1205.24,18.5737,0.0027,0.968,0.8,0.065,0.068,0.43,0
755,1167.9,1223.29,17.4051,0.0013,0.8,0.686,0.022,0.021,0.423,0
1091,1186.52,773.25,17.8564,0.0015,0.923,0.801,0.035,0.037,0.42,0
1045,1091.94,1292.98,17.8653,0.0014,0.89,0.669,0.035,0.029,0.42,0
441,1252.77,1001.37,16.6295,0.0007,1.043,0.897,0.014,0.015,0.41,0
1132,1357.56,1104.86,17.9461,0.0016,1.037,0.747,0.035,0.036,0.4,0
1866,1304.52,1155.75,18.6171,0.0024,1.072,1.09,0.065,0.083,0.4,0
490,1369.97,1061.31,16.7436,0.0008,1.42,1.26,0.016,0.02,0.39,0
555,1379.28,1186.8,16.9281,0.0009,1.221,1.065,0.015,0.02,0.39,0
541,1085.98,1259.7,16.949,0.0009,0.838,0.71,0.017,0.015,0.39,0
1856,1017.1,1215.23,18.6472,0.0027,0.916,0.717,0.062,0.06,0.39,0
471,1228.18,907.065,16.6765,0.0009,1.366,1.236,0.018,0.022,0.38,0
567,1235.12,1099.32,16.9467,0.0012,1.155,0.975,0.016,0.019,0.38,0
598,1040.16,1220.76,17.0077,0.0009,1.3,1.162,0.019,0.024,0.38,0
650,1125.22,1199.23,17.204,0.001,0.935,0.859,0.019,0.019,0.38,0
1145,1317.56,1170.16,17.937,0.0016,1.018,0.824,0.039,0.037,0.38,0
1875,1178.27,763.7,18.6081,0.0024,1.308,1.084,0.068,0.092,0.38,0
444,1361.84,950.313,16.5872,0.0012,1.496,1.336,0.017,0.027,0.37,0
646,1268.91,1041.78,17.152,0.001,1.353,1.169,0.019,0.027,0.37,0
662,1525.14,954.032,17.1576,0.0012,1.008,0.828,0.023,0.022,0.37,0
676,1482.72,1001.29,17.2394,0.0013,0.971,0.87,0.019,0.018,0.37,0
497,1486.76,1232.29,16.839,0.0011,1.431,1.254,0.016,0.022,0.36,0
691,1123.12,1237.52,17.2705,0.0012,0.938,0.804,0.018,0.019,0.36,0
703,1201.32,786.126,17.2804,0.0011,0.801,0.681,0.026,0.023,0.36,0
740,1335.22,1065.4,17.3601,0.0012,1.431,1.232,0.019,0.03,0.36,0
830,1285.82,1060.92,17.4658,0.0013,1.102,0.943,0.026,0.028,0.36,0
778,1133.36,872.169,17.3859,0.0014,0.908,0.822,0.028,0.03,0.35,0
815,1152.81,837.866,17.4801,0.0012,0.94,0.662,0.025,0.025,0.35,0
841,1216.96,838.063,17.4842,0.0013,1.035,0.898,0.025,0.031,0.35,0
929,1457.8,911.494,17.5353,0.0012,1.216,1.056,0.029,0.029,0.35,0
908,1013.77,903.78,17.5622,0.0012,0.985,0.758,0.029,0.029,0.35,0
887,1472.97,1114.52,17.5925,0.0013,1.305,1.165,0.026,0.036,0.35,0
885,1229.49,1217.17,17.5926,0.0012,1.019,0.887,0.026,0.027,0.35,0
950,1274.21,898.567,17.6376,0.0013,0.947,0.884,0.028,0.031,0.35,0
936,1343.41,1133.25,17.6485,0.0015,1.147,1.05,0.025,0.033,0.35,0
1015,1269.94,1232.13,17.7594,0.0015,1.099,0.903,0.034,0.035,0.35,0
513,1384.11,807.358,16.8125,0.0009,1.022,0.942,0.019,0.021,0.34,0
807,1281.08,795.048,17.3877,0.0011,1.196,1.186,0.028,0.033,0.34,0
849,1342.81,1028.77,17.5317,0.0012,0.998,0.786,0.028,0.027,0.34,0
884,1356.67,860.055,17.5428,0.0014,0.925,0.737,0.028,0.03,0.34,0
1060,1067.88,1214.74,17.8376,0.0015,1.045,0.861,0.03,0.032,0.34,0
1033,1140.85,819.128,17.7324,0.0015,1.089,1.005,0.042,0.044,0.33,0
1083,1301.09,774.76,17.8687,0.0015,1.078,1.032,0.033,0.041,0.33,0
1170,1071.91,881.975,17.9632,0.0015,1.077,0.99,0.041,0.041,0.33,0
1240,1148.08,1148.47,18.1093,0.0017,1.112,0.95,0.036,0.04,0.33,0
1282,1329.82,1286.87,18.1569,0.0015,0.859,0.825,0.043,0.04,0.33,0
1630,1117.02,1161.25,18.5537,0.0028,1.002,0.863,0.052,0.059,0.33,0
975,1368.11,880.158,17.6952,0.0015,1.359,1.072,0.034,0.05,0.32,0
1075,993.276,1014.91,17.8955,0.0018,1.355,1.039,0.045,0.051,0.32,0
1122,1041.68,1029.05,17.9629,0.0021,1.097,1.077,0.039,0.048,0.32,0
1215,1537.48,971.156,18.0131,0.0019,0.927,0.811,0.042,0.041,0.32,0
1172,1235.44,1113.01,18.0142,0.002,0.968,0.813,0.04,0.038,0.32,0
1378,1265.12,1343.61,18.2825,0.0017,1.067,1.098,0.05,0.05,0.32,0
1405,1337.29,1011.9,18.2944,0.002,0.913,0.796,0.045,0.042,0.32,0
1086,1175.72,1175.41,17.8969,0.0015,1.053,0.903,0.029,0.035,0.31,0
1138,1488.32,899.555,17.9158,0.0015,0.882,0.741,0.04,0.034,0.31,0
1174,1323.51,1079.65,17.9771,0.0015,1.253,1.088,0.039,0.049,0.31,0
1135,1449.83,1167.97,18.0172,0.0027,1.194,1.032,0.038,0.043,0.31,0
1226,1366.88,1321.31,18.0985,0.0015,0.874,0.706,0.038,0.037,0.31,0
1346,1360.15,975.942,18.1984,0.0018,0.862,0.639,0.052,0.047,0.31,0
1298,1156.47,774.224,18.2111,0.0019,0.9,1.014,0.064,0.058,0.31,0
1621,1024.28,1174.97,18.4855,0.0021,1.156,0.991,0.055,0.065,0.31,0
1350,985.594,924.16,18.1245,0.0023,1.107,0.986,0.049,0.059,0.3,0
1439,1487.25,1144.08,18.3207,0.0021,0.869,0.767,0.05,0.037,0.3,0
1521,1334.96,905.394,18.4026,0.0024,0.581,0.595,0.059,0.05,0.3,0
1708,1059.61,1039.45,18.5269,0.0023,1.207,1.102,0.057,0.067,0.3,0
1692,1108.15,1154.18,18.5328,0.0021,1.429,1.102,0.057,0.077,0.3,0
2043,1264.09,1015.08,18.9895,0.0034,1.131,0.663,0.079,0.074,0.3,0
1526,1031.06,1200.77,18.4485,0.0031,1.563,1.248,0.055,0.083,0.29,0
2098,1424.94,1209.09,18.9689,0.003,1.019,0.922,0.081,0.082,0.29,0
1093,1462.2,1170.73,17.9094,0.0016,1.149,1.028,0.035,0.043,0.28,0
1321,1428.92,908.367,18.2513,0.0029,0.892,0.808,0.045,0.047,0.28,0
1614,1524.65,1044.89,18.5042,0.0022,1.083,0.926,0.053,0.062,0.28,0
1308,1497.09,993.57,18.1764,0.0026,1.264,1.144,0.039,0.053,0.27,0
1776,1062.32,1135.65,18.6705,0.0022,1.043,0.855,0.055,0.057,0.27,0
1683,1420.09,825.322,18.4892,0.0025,0.884,0.735,0.058,0.053,0.25,0
1943,1302.49,864.076,18.8428,0.003,1.052,1.028,0.077,0.098,0.18,0
1783,1382.64,1307.86,19.325,0.0041,1.132,0.852,0.063,0.066,0.06,0
1019,1276.59,1165.07,17.8294,0.0016,0.812,0.594,0.036,0.033,0.01,0
1552,1151.95,768.601,18.3488,0.0022,nan,0.869,nan,0.064,0.58,-1
1715,997.78,1011.15,18.5667,0.003,nan,0.98,nan,0.071,0.49,-1
2132,1213.62,922.723,18.8727,0.0027,nan,0.905,nan,0.087,0.34,-1
2293,1438.7,1163.6,19.008,0.0029,nan,0.961,nan,0.096,0.24,-1
2378,1095.16,1164.66,19.1236,0.0031,nan,0.757,nan,0.083,0.27,-1
2005,1201.59,825.475,18.8136,0.0028,nan,0.604,nan,0.067,0.26,-1
