ID,x,y,Gmag,e_Gmag,VI,BV,UB,VIerr,BVerr,UBerr,Plx,pmRA,pmDE,e_Plx,e_pmRA,e_pmDE,MP,sel
6,1487.26,1075.66,11.7458,0.0002,0.896,0.692,-0.037,0.006,0.005,0.004,2.7751,-26.142,5.596,0.1054,0.159,0.13,0.764,1
21,1581.06,1260.31,12.6148,0.0002,1.203,1.0,0.524,0.006,0.005,0.005,0.3619,-7.629,2.223,0.0312,0.048,0.044,0.762,1
14,977.643,1294.63,12.6049,0.0004,0.382,0.212,-0.111,0.007,0.005,0.004,0.2779,-5.898,2.441,0.0276,0.043,0.043,0.748,1
29,1364.62,1030.16,13.089,0.0004,0.747,0.584,0.211,0.007,0.005,0.005,0.784,-8.985,4.341,0.0251,0.037,0.036,0.748,1
17,1796.48,1230.56,12.7638,0.0002,0.395,0.258,-0.086,0.007,0.005,0.004,0.3079,-6.311,2.303,0.0307,0.048,0.043,0.745,1
50,1755.37,1113.77,13.6878,0.0004,0.439,0.263,-0.494,0.007,0.005,0.004,0.1761,-5.554,2.197,0.0199,0.031,0.027,0.745,1
11,1415.9,1409.09,12.3533,0.0002,0.409,0.252,-0.119,0.007,0.006,0.005,0.2333,-6.095,2.147,0.0274,0.045,0.04,0.739,1
2,791.579,1284.09,11.2126,0.0004,0.338,0.248,0.102,0.007,0.009,0.005,1.2127,-9.573,5.657,0.0299,0.05,0.045,0.737,1
99,1088.44,1250.88,14.4685,0.0003,0.478,0.351,0.112,0.006,0.005,0.006,0.1734,-5.729,2.348,0.0213,0.034,0.031,0.735,1
86,1085.76,1105.65,14.3232,0.0003,0.451,0.304,-0.098,0.007,0.006,0.006,0.302,-6.137,1.907,0.0225,0.035,0.031,0.732,1
31,1407.87,1276.52,12.8396,0.0002,1.386,1.184,0.579,0.006,0.005,0.006,0.1747,-7.921,2.4,0.0302,0.045,0.044,0.73,1
20,1506.12,1360.66,12.7686,0.0002,0.764,0.568,0.133,0.008,0.007,0.006,1.0407,-8.666,4.351,0.0331,0.048,0.043,0.727,1
4,1082.75,1607.9,11.4088,0.0005,0.352,0.211,-0.232,0.008,0.009,0.007,0.2236,-6.851,2.023,0.0399,0.059,0.055,0.726,1
13,1330.83,1586.62,12.6227,0.0002,0.368,0.264,0.067,0.009,0.007,0.005,0.6211,-6.566,2.438,0.0669,0.113,0.105,0.725,1
108,1201.7,1371.34,14.4617,0.0003,0.95,0.754,0.098,0.007,0.006,0.008,0.4888,-7.877,5.949,0.0245,0.038,0.033,0.725,1
129,1510.63,1055.7,14.814,0.0005,0.561,0.439,0.295,0.008,0.005,0.009,0.2113,-6.902,2.413,0.0312,0.045,0.045,0.715,1
44,1749.47,1395.08,13.52,0.0002,0.663,0.512,0.224,0.008,0.006,0.006,0.5516,-10.071,2.164,0.0189,0.031,0.027,0.709,1
163,1272.03,1284.8,14.9261,0.0003,1.053,0.852,0.056,0.007,0.006,0.012,0.8501,-14.818,-3.253,0.0305,0.044,0.04,0.704,1
196,1237.26,1042.29,15.1339,0.0003,1.048,0.806,0.363,0.006,0.006,0.016,0.2169,-6.675,2.132,0.0319,0.046,0.04,0.703,1
30,1234.29,1541.82,13.1078,0.0002,0.738,0.581,0.368,0.008,0.007,0.006,0.3419,-6.441,2.733,0.017,0.026,0.024,0.7,1
146,1660.12,1475.6,14.9561,0.0003,0.509,0.364,0.254,0.008,0.008,0.011,0.2182,-6.316,2.868,0.0251,0.041,0.037,0.694,1
98,1326.53,1657.94,14.3566,0.0003,0.849,0.673,0.04,0.011,0.01,0.009,0.6149,-3.757,1.865,0.0243,0.037,0.032,0.693,1
115,1838.95,1508.86,14.5078,0.0003,1.037,0.855,0.116,0.009,0.008,0.01,0.6238,2.109,-1.107,0.0213,0.035,0.033,0.69,1
8,1339.9,1248.19,11.0843,0.0022,2.533,1.829,2.123,0.011,0.006,0.013,0.1343,-6.427,1.824,0.0485,0.075,0.069,0.689,1
35,1162.55,1776.33,13.3458,0.0002,0.391,0.277,0.123,0.011,0.009,0.008,0.3856,-6.081,2.735,0.0163,0.026,0.024,0.689,1
154,1810.07,1253.86,14.8555,0.0003,1.018,0.816,0.164,0.008,0.007,0.013,0.4244,-7.546,4.301,0.0249,0.04,0.036,0.689,1
119,1081.06,1548.08,14.6363,0.0003,0.838,0.67,0.021,0.01,0.009,0.008,0.6744,-8.715,2.908,0.0224,0.036,0.034,0.686,1
232,1715.24,1313.24,15.3822,0.0004,0.844,0.654,0.17,0.009,0.007,0.02,0.3886,-5.253,0.413,0.0308,0.049,0.043,0.68,1
34,1120.54,1544.37,12.8958,0.0002,1.447,1.391,1.156,0.008,0.007,0.012,0.4297,-7.962,2.588,0.0244,0.04,0.037,0.679,1
42,1528.83,1625.7,13.2277,0.0002,1.284,1.184,0.732,0.009,0.008,0.009,0.8978,-27.141,-1.112,0.0157,0.025,0.024,0.679,1
26,899.835,1313.18,12.7563,0.0002,1.401,1.336,0.923,0.006,0.005,0.036,0.3834,-8.617,3.385,0.0281,0.046,0.042,0.678,1
41,939.91,1680.63,13.0129,0.0004,1.591,1.49,1.297,0.009,0.008,0.015,0.298,-8.156,0.888,0.0188,0.031,0.03,0.674,1
237,1248.68,1627.2,15.5021,0.0005,0.479,0.347,0.067,0.013,0.01,0.013,0.2995,-6.047,2.064,0.0313,0.05,0.046,0.672,1
280,754.478,1359.32,15.5458,0.0004,1.01,0.833,0.138,0.009,0.008,0.017,0.5734,-2.704,1.447,0.0314,0.057,0.05,0.672,1
431,1746.76,1422.53,16.2227,0.0006,0.566,0.455,0.276,0.01,0.009,0.019,0.2433,-5.531,2.031,0.051,0.085,0.07,0.67,1
336,1222.67,1203.77,15.7477,0.0005,1.014,0.8,0.083,0.009,0.009,0.023,0.6311,-6.747,4.406,0.0415,0.059,0.058,0.668,1
371,1524.07,1368.66,15.9125,0.0005,0.96,0.757,0.103,0.01,0.009,0.02,0.3705,-10.33,2.683,0.0431,0.065,0.057,0.662,1
252,1086.04,1265.25,15.4399,0.0004,0.894,0.684,0.177,0.009,0.009,0.017,0.3138,-7.768,3.7,0.03,0.048,0.043,0.661,1
219,1590.53,1601.56,15.2214,0.0005,1.067,0.868,0.207,0.011,0.009,0.016,0.2937,-5.713,2.624,0.0276,0.045,0.041,0.66,1
289,1734.33,1395.72,15.5883,0.0005,0.939,0.713,0.043,0.009,0.009,0.018,0.4351,-7.715,3.15,0.0368,0.059,0.055,0.66,1
300,1470.36,1470.69,15.6858,0.0004,0.829,0.651,0.156,0.01,0.009,0.019,0.2841,-6.662,2.306,0.0405,0.061,0.051,0.659,1
332,1821.13,1388.22,15.7244,0.0005,1.056,0.816,0.1,0.009,0.009,0.023,0.1494,-6.653,2.857,0.0519,0.084,0.072,0.659,1
206,1099.47,1699.91,15.1512,0.0004,1.042,0.916,0.314,0.011,0.011,0.018,0.5537,-6.591,5.104,0.0274,0.046,0.04,0.657,1
329,1605.58,1604.36,15.7179,0.0005,1.0,0.797,0.05,0.012,0.011,0.019,0.628,-5.977,1.323,0.0345,0.056,0.05,0.656,1
37,1121.34,1808.37,13.0467,0.0003,1.376,1.344,1.185,0.011,0.01,0.013,0.3655,-5.614,0.104,0.0159,0.025,0.024,0.654,1
53,1521.0,1952.03,13.3697,0.0002,1.48,1.452,1.228,0.01,0.01,0.019,0.1742,-6.181,1.948,0.0175,0.027,0.024,0.653,1
427,1248.6,998.355,16.1778,0.0005,0.718,0.584,0.345,0.011,0.009,0.03,0.1736,-6.837,2.322,0.0498,0.079,0.065,0.652,1
476,1222.64,1285.0,16.2111,0.0009,0.981,0.752,0.122,0.011,0.009,0.028,0.3301,-4.653,2.002,0.0588,0.091,0.08,0.651,1
97,1488.16,1228.31,14.1269,0.0002,1.38,1.315,1.011,0.007,0.006,0.022,0.2915,-4.447,1.6,0.0197,0.031,0.028,0.65,1
301,896.816,1529.0,15.7233,0.0004,0.664,0.52,0.257,0.01,0.009,0.02,0.2294,-5.765,1.78,0.033,0.056,0.048,0.65,1
308,835.722,1423.01,15.7307,0.0007,0.688,0.52,0.164,0.011,0.009,0.026,0.2719,-4.822,1.533,0.0395,0.068,0.066,0.648,1
302,1515.03,1610.36,15.6096,0.0005,0.977,0.77,0.13,0.011,0.01,0.021,0.2964,-8.829,3.586,0.032,0.051,0.047,0.647,1
120,1027.26,1421.19,14.3365,0.0003,1.495,1.427,1.231,0.008,0.008,0.034,0.2532,-5.452,1.356,0.0195,0.033,0.029,0.644,1
234,1678.58,1874.44,15.4819,0.0004,0.821,0.619,0.162,0.014,0.012,0.016,0.141,-5.396,2.65,0.0302,0.053,0.053,0.643,1
299,1078.41,1475.07,15.5994,0.0004,1.023,0.833,0.072,0.009,0.009,0.02,0.6545,-11.829,2.695,0.037,0.057,0.051,0.643,1
365,1275.54,1242.61,15.8217,0.0005,1.122,0.95,0.287,0.011,0.01,0.034,0.3864,-6.729,2.396,0.043,0.064,0.058,0.643,1
296,913.833,1945.97,15.6126,0.0004,0.93,0.764,0.04,0.014,0.012,0.017,0.637,-11.13,5.206,0.0331,0.053,0.048,0.642,1
406,1440.28,1552.0,15.9705,0.0005,1.007,0.82,0.102,0.012,0.011,0.028,0.6437,-13.0,2.132,0.0406,0.063,0.057,0.642,1
224,1233.57,1401.78,15.4124,0.001,0.66,0.489,0.315,0.015,0.012,0.019,0.206,-5.814,2.975,0.0472,0.075,0.07,0.641,1
370,1632.6,1787.65,15.9906,0.0006,0.589,0.444,0.114,0.015,0.012,0.018,0.1616,-6.804,3.237,0.0412,0.065,0.061,0.636,1
437,1408.82,1478.21,16.1204,0.0006,0.887,0.682,0.282,0.012,0.011,0.037,0.2799,-6.304,2.219,0.0474,0.074,0.062,0.634,1
273,1266.47,1594.47,15.4332,0.0004,1.109,0.935,0.276,0.011,0.009,0.024,1.0491,-10.02,2.714,0.0318,0.051,0.046,0.633,1
325,1768.86,1750.84,15.7073,0.0004,0.941,0.722,0.058,0.014,0.013,0.018,0.4472,-6.967,4.835,0.034,0.054,0.049,0.632,1
91,1191.36,1629.43,13.9945,0.0003,1.504,1.445,1.315,0.011,0.009,0.031,0.2551,-6.777,2.965,0.0182,0.03,0.029,0.627,1
330,1124.3,1493.76,15.8056,0.0005,0.862,0.692,0.106,0.015,0.013,0.02,0.3511,-7.028,1.758,0.0398,0.064,0.055,0.627,1
251,1130.29,1959.35,15.4184,0.0004,0.94,0.782,0.15,0.013,0.011,0.021,0.4195,-8.351,2.379,0.0323,0.056,0.048,0.626,1
474,1340.66,1287.67,16.2067,0.0007,0.952,0.717,0.43,0.011,0.011,0.035,0.1152,-6.311,2.423,0.0536,0.085,0.07,0.626,1
407,1414.68,1821.43,15.9556,0.0007,1.03,0.835,0.071,0.014,0.014,0.025,0.2484,-6.566,2.7,0.0545,0.089,0.081,0.625,1
473,1150.71,1700.32,16.1228,0.0006,1.092,0.89,0.051,0.014,0.013,0.034,0.2531,-9.54,-0.023,0.0428,0.07,0.061,0.625,1
527,1759.02,1228.5,16.2922,0.0007,1.147,0.943,0.274,0.012,0.013,0.047,0.4245,-6.528,5.024,0.052,0.086,0.075,0.624,1
164,1670.19,1423.43,14.7406,0.0009,1.523,1.4,1.034,0.01,0.01,0.043,0.2379,-6.589,1.908,0.0505,0.086,0.071,0.622,1
463,1626.17,1233.73,16.1713,0.0013,1.018,0.769,0.082,0.012,0.011,0.028,0.588,-5.577,1.509,0.1362,0.209,0.182,0.622,1
343,992.911,1795.58,15.7863,0.0014,1.04,0.842,0.121,0.017,0.013,0.022,0.1425,-4.973,0.741,0.0699,0.118,0.106,0.62,1
577,1179.72,1553.38,16.4809,0.0007,0.94,0.763,0.093,0.014,0.013,0.038,0.4159,-5.853,2.923,0.0596,0.094,0.075,0.62,1
586,1140.97,1332.43,16.5026,0.0007,0.953,0.755,0.176,0.012,0.011,0.093,0.3384,-5.027,1.236,0.0552,0.095,0.076,0.62,1
583,1282.94,1338.35,16.5122,0.0008,0.909,0.708,0.168,0.011,0.011,0.043,0.185,-5.74,2.091,0.0681,0.099,0.084,0.62,1
517,867.906,1322.85,16.3314,0.0006,0.92,0.73,0.077,0.012,0.011,0.029,0.3314,-8.381,2.869,0.0502,0.085,0.069,0.619,1
555,1654.68,1104.85,16.431,0.0007,0.983,0.768,0.107,0.012,0.013,0.04,0.356,-7.543,3.376,0.0562,0.09,0.075,0.619,1
429,1489.33,2003.54,16.0782,0.0006,0.962,0.719,0.161,0.012,0.011,0.036,0.2283,-5.794,2.222,0.0395,0.065,0.058,0.618,1
126,1500.74,1573.66,14.392,0.0003,1.479,1.401,1.14,0.012,0.01,0.034,0.2339,-6.712,4.146,0.0203,0.032,0.031,0.617,1
497,779.967,1745.22,16.1185,0.0015,0.932,0.768,-0.017,0.025,0.014,0.03,0.3761,-7.133,4.767,0.043,0.071,0.066,0.617,1
344,958.939,1728.64,15.7866,0.0005,0.933,0.689,0.475,0.014,0.012,0.032,0.188,-6.278,2.213,0.0367,0.059,0.055,0.616,1
495,1739.4,1400.05,16.3423,0.0024,0.675,0.485,-0.041,0.013,0.012,0.025,0.1053,-5.859,2.687,0.0852,0.13,0.113,0.612,1
105,918.324,1907.51,14.1085,0.0003,1.566,1.544,1.5,0.014,0.014,0.044,0.2357,-5.745,-1.265,0.0206,0.033,0.029,0.604,1
646,937.944,1250.18,16.6629,0.0007,0.872,0.676,-0.002,0.015,0.013,0.037,0.3057,-5.579,1.851,0.0577,0.098,0.082,0.6,1
836,1120.86,1673.31,16.9428,0.0008,1.021,0.844,0.024,0.019,0.018,0.05,0.3779,-7.127,4.29,0.0721,0.125,0.102,0.596,1
710,897.331,1565.4,16.745,0.0008,0.94,0.736,0.002,0.015,0.014,0.062,0.3154,-4.644,1.557,0.0604,0.102,0.084,0.592,1
779,841.429,1134.77,16.8643,0.0008,0.975,0.771,-0.035,0.013,0.013,0.047,0.3844,-2.309,0.892,0.0662,0.121,0.101,0.587,1
848,823.926,1328.06,16.9888,0.0008,0.989,0.776,-0.068,0.016,0.016,0.054,0.5053,-6.326,1.302,0.0701,0.12,0.102,0.58,1
1258,875.716,1700.93,17.4367,0.001,1.119,0.832,-0.005,0.023,0.025,0.093,0.2754,-5.826,3.684,0.0836,0.136,0.119,0.535,1
94,1775.31,1558.93,13.0847,0.0027,2.944,2.564,-0.274,0.027,0.075,0.073,0.3991,-4.719,1.414,0.1272,0.202,0.177,0.51,1
12,1120.21,1291.71,12.3919,0.0001,0.734,0.617,0.306,0.006,0.005,0.004,0.6086,-7.341,2.645,0.0257,0.041,0.037,0.744,0
142,1425.2,1234.78,14.7668,0.0004,0.985,0.779,0.038,0.007,0.006,0.01,0.699,-10.242,6.321,0.0978,0.148,0.13,0.732,0
169,1344.97,1014.9,15.0766,0.0003,0.767,0.596,0.189,0.008,0.007,0.013,0.4005,-7.136,1.864,0.0282,0.044,0.039,0.694,0
158,1472.33,1449.23,14.9443,0.0003,0.863,0.675,0.018,0.009,0.008,0.011,0.7027,-8.066,2.601,0.0301,0.046,0.038,0.693,0
64,1232.56,939.28,13.9318,0.0008,0.506,0.353,0.208,0.012,0.01,0.009,0.3073,-6.312,2.371,0.0196,0.031,0.028,0.691,0
152,764.338,1274.37,14.9135,0.0004,0.831,0.657,0.298,0.009,0.008,0.012,0.2737,-7.041,1.668,0.03,0.055,0.058,0.69,0
36,1610.89,1917.91,13.221,0.0009,1.0,0.874,0.162,0.01,0.009,0.008,2.287,-20.649,4.476,0.1831,0.283,0.247,0.685,0
107,1867.71,1613.42,14.447,0.0003,0.879,0.689,0.006,0.011,0.009,0.009,0.7068,-8.568,3.317,0.0213,0.035,0.033,0.682,0
5,1795.44,1165.63,11.2096,0.0007,1.586,1.531,1.465,0.013,0.01,0.007,0.7134,-11.487,2.516,0.0494,0.082,0.079,0.68,0
93,1059.26,1585.1,13.9556,0.0027,1.489,1.171,0.605,0.01,0.009,0.014,0.1981,-5.526,2.107,0.0191,0.03,0.029,0.678,0
85,1332.82,1565.52,14.3121,0.0003,0.492,0.382,0.28,0.01,0.009,0.007,0.2614,-6.997,2.406,0.0198,0.033,0.029,0.678,0
102,1104.66,1969.02,14.4788,0.0003,0.516,0.408,0.248,0.011,0.01,0.009,0.292,-7.147,2.659,0.0216,0.035,0.033,0.678,0
170,1410.4,1536.97,15.0068,0.0003,0.924,0.731,0.122,0.01,0.008,0.013,0.3686,-5.76,1.866,0.0304,0.045,0.04,0.678,0
61,1137.53,1353.21,13.5741,0.0002,1.322,1.207,0.741,0.007,0.007,0.012,0.3177,-7.839,2.631,0.0181,0.029,0.025,0.675,0
90,1090.58,967.485,14.3817,0.0003,0.479,0.349,0.085,0.013,0.012,0.01,0.2333,-6.157,2.434,0.0253,0.036,0.035,0.673,0
157,1624.69,1856.64,14.9932,0.0004,0.66,0.508,0.208,0.014,0.013,0.012,0.3435,-6.503,3.219,0.0263,0.042,0.039,0.664,0
132,1163.99,1705.43,14.6339,0.0003,1.026,0.837,0.047,0.012,0.011,0.012,0.9557,-26.799,1.935,0.0225,0.038,0.033,0.663,0
70,1071.69,949.264,13.8924,0.0002,0.859,0.706,0.042,0.012,0.011,0.01,1.0597,-10.25,6.597,0.0224,0.033,0.033,0.662,0
161,1249.43,1969.09,15.1127,0.0004,0.468,0.365,0.167,0.013,0.011,0.012,0.2521,-6.039,2.119,0.0257,0.042,0.038,0.662,0
190,1564.87,1623.39,15.14,0.0004,0.9,0.704,0.006,0.013,0.01,0.013,0.4607,-7.48,3.335,0.0261,0.042,0.038,0.662,0
56,1349.94,2002.93,13.7908,0.0002,0.483,0.325,0.175,0.011,0.011,0.009,0.2177,-5.876,1.838,0.0167,0.027,0.025,0.659,0
153,1534.86,1921.43,14.8877,0.0004,0.9,0.711,0.053,0.014,0.011,0.012,0.4586,-7.156,2.168,0.0248,0.04,0.035,0.657,0
470,1608.21,1220.01,16.1993,0.0006,0.924,0.695,0.274,0.011,0.009,0.028,0.2279,-5.326,1.389,0.0506,0.077,0.067,0.652,0
211,911.327,1639.61,15.1575,0.0003,1.082,0.922,0.287,0.011,0.009,0.017,0.4322,-7.396,0.825,0.0251,0.041,0.037,0.651,0
193,1084.36,1718.1,15.1464,0.0006,0.946,0.748,0.048,0.014,0.012,0.016,0.9968,-11.646,6.386,0.0865,0.136,0.124,0.649,0
138,912.869,1792.07,14.8114,0.0003,0.65,0.532,0.313,0.015,0.013,0.014,0.2641,-6.531,2.794,0.0233,0.037,0.035,0.647,0
209,1074.39,1734.96,15.1608,0.0004,1.049,0.885,0.2,0.014,0.012,0.018,0.7863,-7.117,1.262,0.0324,0.047,0.041,0.647,0
272,1249.97,1419.89,15.4656,0.0004,1.052,0.918,0.331,0.011,0.011,0.024,0.3166,-7.781,4.254,0.0306,0.049,0.045,0.641,0
415,1405.06,1412.09,16.1105,0.0009,0.741,0.592,0.293,0.012,0.01,0.028,0.3427,-6.581,1.975,0.0431,0.069,0.061,0.639,0
362,1067.48,969.818,15.9203,0.0005,0.704,0.566,0.386,0.015,0.013,0.026,0.3334,-5.631,2.216,0.0483,0.071,0.065,0.637,0
411,1857.42,1617.63,16.0878,0.0008,0.71,0.545,0.327,0.012,0.011,0.025,0.1189,-7.592,2.814,0.0452,0.074,0.065,0.637,0
58,1659.29,1312.14,13.3832,0.0003,1.631,1.543,1.401,0.009,0.01,0.024,0.215,-5.17,1.268,0.018,0.029,0.028,0.636,0
112,1055.57,1885.83,14.5451,0.0004,0.942,0.752,0.297,0.017,0.015,0.014,0.1854,-6.769,2.239,0.0253,0.04,0.035,0.636,0
292,1294.39,1697.22,15.6854,0.0005,0.634,0.463,0.301,0.013,0.011,0.019,0.0983,-5.804,1.899,0.0353,0.055,0.049,0.63,0
369,1462.11,1861.51,15.92,0.0005,0.808,0.603,0.357,0.015,0.014,0.027,0.2083,-6.234,2.5,0.0358,0.059,0.054,0.63,0
396,1764.59,1175.95,15.9354,0.0006,1.084,0.843,0.341,0.009,0.009,0.039,0.1612,-7.013,3.762,0.0431,0.072,0.07,0.63,0
361,1802.17,1424.69,15.7957,0.0004,1.127,0.959,0.253,0.011,0.01,0.033,0.5055,-8.625,2.915,0.0407,0.066,0.058,0.627,0
360,1324.4,1533.17,15.8818,0.0005,0.865,0.687,0.194,0.012,0.01,0.023,0.2527,-6.847,3.292,0.0356,0.059,0.054,0.627,0
446,1524.02,1919.15,16.069,0.0005,1.07,0.869,0.18,0.013,0.012,0.032,0.4498,-7.588,2.126,0.0441,0.068,0.059,0.627,0
319,1078.06,1714.74,15.5044,0.0007,1.351,1.19,0.728,0.012,0.012,0.044,0.1617,-10.287,2.708,0.0424,0.062,0.055,0.625,0
51,1800.87,1828.47,13.0697,0.0004,1.866,1.724,1.566,0.012,0.013,0.025,0.1639,-5.224,1.539,0.024,0.038,0.036,0.624,0
377,914.378,1686.72,15.8394,0.0006,1.152,0.993,0.396,0.013,0.012,0.036,1.0599,-15.203,3.768,0.0344,0.058,0.053,0.624,0
383,1082.92,1434.21,16.0339,0.0008,0.747,0.538,0.42,0.017,0.014,0.028,0.0632,-6.087,2.422,0.0405,0.068,0.06,0.623,0
379,904.792,1540.94,15.8957,0.0005,1.009,0.845,0.215,0.012,0.011,0.027,0.4033,-9.353,2.348,0.0664,0.108,0.101,0.622,0
551,1336.19,1405.85,16.4917,0.0008,0.748,0.634,0.304,0.013,0.011,0.042,0.2471,-5.48,2.455,0.0649,0.104,0.085,0.622,0
430,1608.59,1508.7,16.0453,0.0007,1.101,0.913,0.215,0.012,0.012,0.032,0.9548,-9.243,2.914,0.0528,0.086,0.075,0.621,0
466,829.294,1825.98,16.1122,0.0006,1.041,0.875,0.098,0.016,0.016,0.027,0.6608,-1.45,2.057,0.0423,0.073,0.065,0.618,0
338,1047.4,1799.96,15.8335,0.0005,0.693,0.522,0.357,0.015,0.013,0.022,0.1588,-5.456,2.061,0.0356,0.057,0.052,0.617,0
480,774.795,1377.4,16.213,0.0005,0.914,0.701,0.161,0.012,0.01,0.032,0.3118,-4.875,2.51,0.0435,0.073,0.065,0.617,0
76,1030.64,971.181,13.649,0.0003,1.56,1.448,1.285,0.011,0.013,0.027,0.3587,-3.838,1.806,0.0564,0.09,0.083,0.616,0
512,784.945,1533.06,16.2547,0.0006,1.055,0.797,0.078,0.012,0.013,0.031,0.2543,-7.288,3.993,0.0478,0.082,0.068,0.616,0
382,1794.49,1798.77,15.8549,0.0007,1.153,0.976,0.265,0.018,0.012,0.033,1.2072,-17.101,6.318,0.1556,0.244,0.218,0.615,0
535,1569.75,1607.69,16.3182,0.0007,1.013,0.833,0.054,0.014,0.012,0.035,0.5903,-7.203,2.219,0.0487,0.082,0.069,0.614,0
683,882.181,1670.4,16.695,0.0007,0.905,0.708,0.134,0.015,0.013,0.042,0.2623,-6.594,2.478,0.0562,0.103,0.086,0.613,0
385,1167.18,955.402,15.8928,0.0005,1.032,0.817,0.516,0.015,0.015,0.036,0.2102,-6.656,3.111,0.0422,0.063,0.06,0.612,0
657,1243.19,1120.92,16.6536,0.0011,1.014,0.799,0.091,0.013,0.013,0.049,0.2369,-8.947,4.105,0.0847,0.14,0.115,0.606,0
598,965.467,1860.43,16.5257,0.0008,0.895,0.706,0.061,0.015,0.014,0.04,0.2458,-5.992,3.125,0.0544,0.097,0.077,0.604,0
610,954.746,1947.18,16.5333,0.0008,1.023,0.816,0.066,0.015,0.015,0.036,0.5358,-11.441,2.426,0.0557,0.099,0.077,0.603,0
223,921.294,1749.77,15.273,0.0012,1.068,0.913,0.159,0.019,0.016,0.02,0.4655,-8.848,2.983,0.0411,0.065,0.063,0.601,0
483,1034.42,1604.07,16.1653,0.0006,1.065,0.859,0.25,0.013,0.012,0.038,0.4376,-7.327,2.955,0.0475,0.08,0.071,0.601,0
729,1280.22,1785.63,16.6859,0.0009,1.031,0.789,0.031,0.017,0.015,0.046,0.5204,-6.452,2.341,0.0584,0.103,0.086,0.601,0
593,1035.77,1645.29,16.5984,0.0007,0.676,0.554,0.389,0.015,0.014,0.042,0.207,-6.902,2.675,0.0578,0.103,0.088,0.594,0
481,848.347,1789.67,16.2639,0.0006,0.741,0.619,0.3,0.015,0.013,0.029,0.2648,-5.793,1.796,0.0431,0.072,0.063,0.593,0
637,1649.93,1068.86,16.6191,0.0007,0.981,0.766,0.153,0.013,0.012,0.066,0.1413,-6.798,2.587,0.0616,0.099,0.082,0.591,0
350,1283.81,1154.94,15.7666,0.0005,1.064,0.942,0.094,0.017,0.02,0.031,0.3818,-7.923,1.42,0.0375,0.061,0.052,0.589,0
651,1173.99,1693.77,16.6101,0.0008,0.998,0.802,0.173,0.017,0.015,0.044,0.242,-4.377,2.964,0.0568,0.097,0.081,0.586,0
539,1199.39,1765.54,16.3353,0.0008,1.102,0.926,0.217,0.018,0.015,0.048,0.7395,-6.564,2.721,0.048,0.087,0.073,0.585,0
225,1316.31,990.72,14.9968,0.0003,1.479,1.264,0.718,0.018,0.02,0.046,0.2568,-5.355,1.83,0.0279,0.042,0.041,0.578,0
669,863.498,1686.94,16.5342,0.0007,1.207,0.898,0.413,0.015,0.013,0.069,0.136,-6.139,2.376,0.0511,0.089,0.074,0.578,0
774,1148.2,932.854,16.8164,0.0007,0.946,0.755,0.115,0.019,0.019,0.047,0.2836,-6.405,1.655,0.0698,0.11,0.091,0.568,0
570,1350.72,1979.26,16.5004,0.0008,0.975,0.823,0.106,0.019,0.017,0.044,0.5122,-8.922,2.117,0.0556,0.099,0.086,0.565,0
557,1188.05,1662.17,16.6721,0.0016,1.013,0.816,0.067,0.044,0.037,0.037,0.3443,-4.941,1.698,0.087,0.159,0.122,0.564,0
368,1511.05,1753.24,15.894,0.0007,1.004,0.869,0.272,0.055,0.053,0.032,0.3277,-5.352,1.727,0.0374,0.059,0.053,0.563,0
922,1286.66,1347.24,17.0563,0.001,1.085,0.889,0.185,0.017,0.018,0.079,0.4827,-9.525,6.605,0.0823,0.126,0.109,0.562,0
867,1224.1,1764.21,16.9785,0.0011,1.077,0.879,0.085,0.019,0.019,0.069,0.3622,-5.464,2.33,0.0755,0.125,0.112,0.56,0
618,1395.76,1216.74,16.6185,0.0033,1.214,1.005,0.334,0.033,0.029,0.063,1.0304,-1.918,9.483,0.1155,0.168,0.148,0.554,0
440,1794.18,1560.96,16.1469,0.0008,0.954,0.935,0.026,0.076,0.07,0.064,0.2982,-6.468,3.708,0.0661,0.109,0.096,0.535,0
734,1559.71,1587.91,17.0728,0.0033,1.077,0.843,0.176,0.056,0.046,0.053,-0.1504,-6.311,3.704,0.1327,0.243,0.193,0.532,0
1195,984.337,1860.05,17.4042,0.0011,1.032,0.798,0.114,0.026,0.024,0.079,0.2097,-4.788,2.217,0.0849,0.141,0.12,0.531,0
200,1174.58,1081.77,16.0362,0.0025,1.011,0.91,0.124,0.052,0.041,0.035,0.6692,-7.15,2.434,0.0926,0.208,0.245,0.526,0
376,1095.07,1280.89,15.9708,0.0036,0.968,0.781,0.09,0.01,0.009,0.023,nan,nan,nan,nan,nan,nan,0.29,0
348,1527.9,1948.07,15.5877,0.0014,1.463,1.339,nan,0.015,0.015,nan,0.0718,-6.891,2.926,0.0596,0.093,0.082,0.54,-1
65,1787.6,1635.44,13.0454,0.0007,2.311,1.994,nan,0.01,0.01,nan,0.1374,-4.903,1.226,0.0306,0.049,0.046,0.58,-1
68,1130.99,1309.0,12.8988,0.0006,2.551,2.12,nan,0.005,0.006,nan,0.1777,-4.856,2.297,0.0421,0.067,0.061,0.64,-1
127,1421.08,1524.22,14.3122,0.0003,1.618,1.521,nan,0.009,0.008,nan,0.2051,-6.601,2.317,0.0274,0.04,0.033,0.61,-1
171,1260.58,940.033,14.718,0.0003,1.551,1.437,nan,0.014,0.014,nan,0.2177,-5.379,1.298,0.0243,0.038,0.034,0.56,-1
197,1464.95,1571.29,14.8915,0.0003,1.542,1.417,nan,0.01,0.009,nan,0.1683,-6.699,2.406,0.0256,0.04,0.038,0.59,-1
199,739.583,1350.76,14.4814,0.0003,2.184,1.975,nan,0.007,0.01,nan,0.1594,-5.398,2.772,0.0248,0.041,0.038,0.61,-1
217,1716.64,1074.58,14.9702,0.0003,1.607,1.508,nan,0.008,0.009,nan,0.2355,-4.398,2.106,0.0332,0.049,0.04,0.61,-1
222,1153.37,1225.35,15.0208,0.0003,1.541,1.37,nan,0.006,0.008,nan,0.1697,-8.119,3.661,0.0263,0.042,0.038,0.62,-1
229,1419.08,1253.36,15.0353,0.0004,1.567,1.486,nan,0.008,0.008,nan,0.2604,-5.563,2.477,0.0281,0.043,0.038,0.61,-1
239,1508.32,1035.79,15.4458,0.0004,0.804,0.645,nan,0.009,0.008,nan,0.2872,-5.768,2.162,0.0353,0.056,0.048,0.6,-1
247,774.75,1672.95,15.0317,0.0003,1.687,1.454,nan,0.012,0.012,nan,0.2415,-7.026,1.358,0.0261,0.042,0.037,0.58,-1
259,1565.75,1470.84,15.1689,0.0004,1.554,1.385,nan,0.008,0.009,nan,0.1669,-4.593,2.571,0.0272,0.046,0.043,0.59,-1
266,1065.63,1640.16,15.0122,0.0003,1.845,1.712,nan,0.013,0.014,nan,0.2334,-6.168,3.907,0.0275,0.053,0.044,0.55,-1
2508,1272.19,1587.63,18.6611,0.0027,1.238,0.921,nan,0.06,0.064,nan,-0.5774,-6.446,2.288,0.2119,0.341,0.297,0.88,-1
278,1195.51,1454.13,15.3663,0.0004,1.378,1.175,nan,0.01,0.009,nan,0.3159,-8.963,4.191,0.0296,0.048,0.045,0.59,-1
288,1461.55,1043.96,15.3086,0.0004,1.571,1.458,nan,0.009,0.01,nan,0.1798,-5.078,2.473,0.0362,0.052,0.051,0.58,-1
291,1313.35,1081.58,15.307,0.0004,1.574,1.426,nan,0.008,0.009,nan,0.209,-4.417,2.464,0.0307,0.05,0.041,0.6,-1
976,1150.3,1637.81,16.8951,0.0013,1.393,1.162,nan,0.022,0.025,nan,0.0239,-6.111,3.86,0.0823,0.175,0.193,0.47,-1
318,872.376,1203.3,15.0149,0.0004,2.174,1.96,nan,0.007,0.01,nan,0.1529,-4.488,1.069,0.0294,0.047,0.045,0.61,-1
334,1318.17,1648.27,15.4469,0.0009,1.635,1.484,nan,0.017,0.019,nan,0.2575,-6.432,3.376,0.0734,0.117,0.102,0.5,-1
339,924.294,1051.57,15.4276,0.0004,1.684,1.563,nan,0.006,0.009,nan,0.1772,-5.894,1.624,0.0318,0.051,0.046,0.61,-1
346,1793.77,1781.74,15.572,0.0004,1.464,1.3,nan,0.014,0.014,nan,0.1008,-6.059,2.787,0.0335,0.053,0.048,0.55,-1
353,1641.91,1298.85,15.3089,0.0004,1.965,1.813,nan,0.008,0.012,nan,0.1267,-4.411,1.354,0.0357,0.057,0.05,0.57,-1
366,1223.98,1813.83,15.6753,0.0006,1.37,1.192,nan,0.015,0.014,nan,0.1963,-7.314,1.723,0.035,0.057,0.051,0.55,-1
392,1514.19,1927.32,16.0398,0.0006,0.686,0.5,nan,0.013,0.012,nan,0.1568,-5.799,2.544,0.0411,0.068,0.058,0.56,-1
400,1209.82,1022.47,15.6975,0.0008,1.631,1.46,nan,0.009,0.011,nan,0.0733,-7.287,2.907,0.0494,0.072,0.061,0.57,-1
405,946.958,1333.28,15.57,0.0005,1.789,1.667,nan,0.008,0.012,nan,0.205,-6.348,3.459,0.0361,0.058,0.06,0.58,-1
423,1855.37,1642.11,15.973,0.0005,1.109,0.945,nan,0.013,0.012,nan,0.7837,-4.661,5.453,0.0389,0.063,0.056,0.56,-1
801,1480.04,2000.11,16.8631,0.0008,1.013,0.801,nan,0.015,0.016,nan,0.3019,-8.1,3.222,0.0618,0.11,0.091,0.53,-1
433,1707.16,1776.14,15.5079,0.0005,2.022,1.848,nan,0.013,0.017,nan,0.0953,-5.496,1.774,0.0378,0.059,0.054,0.52,-1
436,1601.03,1005.5,15.835,0.0006,1.583,1.413,nan,0.01,0.013,nan,0.3698,-6.621,2.095,0.0457,0.067,0.058,0.55,-1
441,1232.73,1897.33,15.8353,0.0004,1.498,1.32,nan,0.019,0.017,nan,0.2777,-3.396,2.036,0.0368,0.062,0.055,0.52,-1
482,1664.64,1313.53,16.0883,0.003,nan,0.777,0.027,nan,0.015,0.032,1.0859,-7.702,0.836,0.2416,0.433,0.44,0.56,-1
492,1814.45,1737.41,15.8738,0.0006,1.674,1.574,nan,0.012,0.015,nan,0.1273,-3.542,0.617,0.0378,0.06,0.055,0.55,-1
493,1449.73,1714.31,17.046,0.0021,0.898,0.796,nan,0.043,0.044,nan,0.1542,-7.839,2.949,0.1522,0.337,0.251,0.43,-1
501,1245.53,1665.8,16.1308,0.0009,1.432,1.279,nan,0.023,0.025,nan,0.1568,-6.192,2.677,0.0422,0.075,0.08,0.48,-1
505,1787.39,1813.01,16.2227,0.0006,1.138,0.898,nan,0.018,0.015,nan,0.2896,-7.417,3.659,0.0451,0.072,0.063,0.54,-1
522,847.604,1868.52,16.2856,0.0087,1.491,1.162,nan,0.032,0.029,nan,nan,nan,nan,nan,nan,nan,0.63,-1
533,1290.94,1689.63,16.3429,0.0007,1.005,0.776,nan,0.015,0.014,nan,0.3548,-9.389,3.368,0.0496,0.086,0.072,0.53,-1
543,1717.65,1706.74,16.0526,0.0005,1.656,1.535,nan,0.014,0.017,nan,0.1411,-4.966,2.345,0.043,0.065,0.061,0.52,-1
545,1872.31,1329.78,16.0038,0.0006,1.764,1.657,nan,0.01,0.014,nan,0.1816,-5.766,2.39,0.0421,0.067,0.059,0.55,-1
546,1620.73,1110.97,16.0543,0.0006,1.702,1.483,nan,0.012,0.016,nan,0.0752,-6.07,2.668,0.0437,0.071,0.062,0.53,-1
554,1703.49,1137.13,16.3237,0.0006,1.225,1.029,nan,0.013,0.012,nan,0.5677,-13.044,6.705,0.0491,0.08,0.07,0.56,-1
562,790.705,1301.96,16.6415,0.0029,0.981,0.799,nan,0.05,0.07,nan,1.6786,-2.794,3.498,0.2055,0.359,0.274,0.43,-1
568,747.366,1438.5,16.0586,0.0005,1.72,1.508,nan,0.012,0.015,nan,0.1497,-5.526,2.166,0.039,0.064,0.059,0.53,-1
738,1201.21,1830.98,16.3593,0.0007,1.76,1.557,nan,0.015,0.02,nan,0.2317,-5.907,1.915,0.0537,0.091,0.079,0.52,-1
581,1293.95,1642.72,16.589,0.0016,0.975,0.77,nan,0.031,0.024,nan,0.071,-8.559,4.927,0.0704,0.122,0.102,0.47,-1
588,1617.46,1823.53,16.2868,0.0007,1.385,1.197,nan,0.015,0.016,nan,0.3068,-4.004,3.213,0.0494,0.077,0.071,0.55,-1
599,1431.86,1045.72,16.2896,0.0011,1.573,1.382,nan,0.013,0.017,nan,0.0479,-5.298,3.334,0.1099,0.167,0.145,0.49,-1
612,1850.74,1584.98,16.4633,0.0007,1.202,0.948,nan,0.025,0.022,nan,0.3883,-9.955,4.706,0.0522,0.09,0.076,0.5,-1
615,927.583,1463.94,16.5438,0.0008,1.091,0.882,nan,0.017,0.013,nan,0.3939,-8.382,0.387,0.0534,0.099,0.081,0.55,-1
629,1800.46,1626.3,15.2805,0.0008,2.97,2.516,nan,0.015,0.029,nan,0.201,-6.402,2.628,0.0483,0.078,0.071,0.5,-1
633,964.695,1123.81,16.5416,0.0006,1.156,0.964,nan,0.011,0.012,nan,0.5647,2.927,3.321,0.0531,0.091,0.076,0.55,-1
2071,1217.1,1719.23,18.2872,0.0033,1.304,1.21,nan,0.056,0.058,nan,0.1503,-12.216,3.999,0.1537,0.28,0.227,0.42,-1
663,1358.89,1162.77,16.295,0.0006,1.703,1.403,nan,0.01,0.016,nan,0.0865,-5.407,-0.304,0.0526,0.083,0.07,0.55,-1
670,1474.5,1107.26,16.5837,0.0036,1.15,0.885,nan,0.013,0.013,nan,0.8274,-5.966,5.239,0.4783,0.818,0.646,0.64,-1
1546,880.598,1597.97,17.7682,0.0013,1.111,0.913,nan,0.025,0.03,nan,0.4897,-6.322,2.062,0.1042,0.175,0.15,0.47,-1
677,1132.28,1549.3,16.5754,0.0011,1.147,0.905,nan,0.013,0.013,nan,0.3089,-7.727,5.272,0.0674,0.115,0.1,0.66,-1
681,1340.07,1662.49,16.7354,0.0013,0.882,0.716,nan,0.015,0.015,nan,0.2553,-5.686,2.271,0.0821,0.139,0.117,0.52,-1
684,1198.75,1613.6,16.6998,0.0007,1.131,0.953,nan,0.03,0.028,nan,0.6452,-3.569,1.205,0.0582,0.1,0.082,0.46,-1
689,999.559,1038.96,16.6994,0.0009,1.067,0.837,nan,0.015,0.013,nan,0.3425,-5.349,1.638,0.0699,0.125,0.105,0.51,-1
691,1694.01,1070.12,16.7939,0.0008,0.798,0.618,nan,0.014,0.012,nan,0.4069,-4.941,2.398,0.0746,0.113,0.093,0.54,-1
692,1638.46,1097.59,16.7336,0.0029,1.108,0.917,nan,0.018,0.016,nan,0.6731,-4.012,5.666,0.199,0.321,0.267,0.46,-1
698,892.52,1235.57,16.7255,0.0007,1.0,0.789,nan,0.015,0.013,nan,0.1738,-5.19,1.913,0.0597,0.101,0.085,0.52,-1
706,1539.18,1912.45,17.0487,0.0074,1.059,0.814,nan,0.021,0.021,nan,nan,nan,nan,nan,nan,nan,0.08,-1
711,1235.61,1049.09,16.319,0.0007,1.8,1.675,nan,0.014,0.023,nan,0.1563,-3.816,1.596,0.0528,0.082,0.068,0.51,-1
714,982.168,1377.36,16.6925,0.0044,1.264,1.041,nan,0.014,0.015,nan,0.9424,-4.06,2.015,0.7424,1.306,1.068,0.61,-1
719,1530.83,1151.95,16.7374,0.0007,1.03,0.874,nan,0.018,0.018,nan,0.3267,-5.507,1.071,0.0621,0.104,0.088,0.51,-1
726,1629.88,1546.33,16.7793,0.0007,0.942,0.736,nan,0.015,0.014,nan,0.1512,-5.606,1.401,0.0612,0.103,0.086,0.53,-1
743,1708.98,1618.89,16.7347,0.0008,1.107,0.88,nan,0.022,0.021,nan,0.4298,-8.508,4.259,0.0612,0.109,0.091,0.48,-1
761,1153.25,1329.23,16.7494,0.0008,1.078,0.863,nan,0.014,0.013,nan,0.4772,-7.46,2.299,0.0627,0.117,0.092,0.54,-1
766,1562.43,1903.27,16.8632,0.0008,0.853,0.659,nan,0.02,0.016,nan,0.2887,-6.138,2.71,0.0693,0.115,0.097,0.51,-1
771,1366.97,1279.47,16.4038,0.0008,1.843,1.609,nan,0.017,0.024,nan,0.0735,-4.448,2.637,0.0554,0.088,0.076,0.52,-1
775,967.059,1457.81,16.5245,0.0007,1.61,1.418,nan,0.013,0.018,nan,0.0929,-5.294,2.68,0.0515,0.091,0.075,0.52,-1
777,1418.31,1831.31,16.1798,0.0007,2.182,1.656,nan,0.015,0.023,nan,4.1945,-10.424,3.449,0.0446,0.073,0.065,0.52,-1
778,949.438,1240.66,16.404,0.0006,1.811,1.644,nan,0.011,0.02,nan,0.1016,-6.465,2.784,0.0533,0.09,0.078,0.53,-1
780,1100.9,1274.82,16.8079,0.001,1.118,0.926,nan,0.016,0.016,nan,0.1307,-5.591,2.183,0.0634,0.11,0.091,0.51,-1
784,1770.26,1525.44,16.7587,0.0013,1.291,1.11,nan,0.015,0.016,nan,0.849,-8.264,4.147,0.0682,0.119,0.099,0.52,-1
789,1609.45,1055.13,16.8351,0.0007,1.167,1.025,nan,0.014,0.016,nan,0.7113,-6.007,3.247,0.0718,0.114,0.094,0.51,-1
794,1570.17,1976.99,16.7206,0.0007,1.342,1.216,nan,0.016,0.018,nan,0.2705,-6.54,1.487,0.0607,0.103,0.088,0.5,-1
800,1251.75,1188.64,16.8421,0.0008,1.144,0.965,nan,0.014,0.016,nan,0.2655,-5.215,1.809,0.0725,0.113,0.097,0.51,-1
803,1108.97,1150.95,16.5658,0.0007,1.682,1.573,nan,0.014,0.018,nan,0.2469,-9.154,2.53,0.0612,0.1,0.085,0.51,-1
804,1553.24,1748.71,16.8915,0.001,0.937,0.734,nan,0.018,0.015,nan,0.4017,-6.65,1.25,0.0718,0.113,0.103,0.5,-1
805,1337.06,993.896,16.9007,0.0007,1.052,0.844,nan,0.015,0.016,nan,0.3051,-5.506,-0.128,0.0686,0.112,0.097,0.54,-1
810,1314.41,1723.97,16.4734,0.0007,1.786,1.542,nan,0.015,0.024,nan,0.0631,-5.27,2.446,0.0497,0.087,0.073,0.49,-1
815,839.884,1419.65,16.9811,0.002,0.929,0.723,nan,0.022,0.019,nan,-0.1981,-5.551,2.13,0.1017,0.181,0.162,0.47,-1
818,1331.3,1287.27,16.8851,0.0011,1.154,0.937,nan,0.018,0.015,nan,0.367,-7.485,2.295,0.0814,0.131,0.102,0.52,-1
2316,1017.73,1986.54,18.387,0.0017,1.249,1.182,nan,0.043,0.056,nan,0.5626,-8.347,2.888,0.1662,0.265,0.23,0.61,-1
830,1248.58,1793.27,16.8612,0.0008,1.207,1.022,nan,0.019,0.019,nan,0.3158,-4.683,-1.442,0.0661,0.112,0.092,0.5,-1
831,1203.57,1263.68,16.7417,0.0008,1.452,1.243,nan,0.014,0.019,nan,1.1613,10.129,0.755,0.0621,0.105,0.089,0.52,-1
839,1029.84,1379.33,16.9188,0.0009,1.166,1.018,nan,0.015,0.016,nan,0.294,-3.763,1.847,0.0985,0.174,0.143,0.52,-1
840,1218.21,1190.19,16.9397,0.0015,1.213,1.022,nan,0.02,0.02,nan,0.3425,-9.244,5.139,0.159,0.238,0.203,0.45,-1
841,955.603,1640.94,16.9213,0.0007,1.089,0.896,nan,0.015,0.016,nan,0.5072,-9.752,-1.891,0.0636,0.114,0.093,0.52,-1
844,1590.78,1370.2,16.9591,0.0009,1.067,0.81,nan,0.017,0.016,nan,0.2125,-7.005,1.115,0.0702,0.119,0.102,0.51,-1
849,1631.9,1449.24,16.959,0.0008,1.091,0.966,nan,0.016,0.018,nan,0.1905,-8.849,3.163,0.08,0.143,0.108,0.5,-1
850,1365.9,1149.47,16.9658,0.0008,1.094,0.897,nan,0.016,0.016,nan,0.3708,-8.347,-0.754,0.0798,0.123,0.106,0.5,-1
851,1508.01,1179.48,16.9554,0.0008,1.138,0.92,nan,0.017,0.016,nan,0.3624,-7.747,2.917,0.0758,0.121,0.097,0.52,-1
857,1249.91,1405.92,16.4455,0.0007,1.979,1.632,nan,0.014,0.025,nan,0.055,-5.881,2.381,0.0548,0.093,0.078,0.5,-1
858,1632.23,1270.02,16.8912,0.0008,1.276,1.11,nan,0.015,0.018,nan,0.766,-5.553,5.546,0.0676,0.113,0.094,0.52,-1
860,939.49,1115.21,16.9261,0.0009,1.178,0.987,nan,0.015,0.02,nan,0.5659,-9.859,1.779,0.0738,0.129,0.112,0.48,-1
871,1527.9,1377.13,16.5699,0.001,1.868,1.695,nan,0.014,0.025,nan,0.1472,-4.5,1.665,0.0718,0.113,0.095,0.5,-1
873,1213.93,1398.59,16.9676,0.0008,1.164,0.985,nan,0.02,0.026,nan,0.1826,-4.35,2.095,0.0674,0.113,0.097,0.48,-1
875,1474.56,1788.96,17.0123,0.0009,0.938,0.741,nan,0.016,0.016,nan,0.2552,-6.689,2.37,0.0719,0.132,0.104,0.6,-1
878,1043.26,1769.9,16.9679,0.0008,1.062,0.903,nan,0.019,0.019,nan,0.3002,-5.2,1.843,0.0671,0.113,0.096,0.5,-1
879,1194.95,1029.26,16.5441,0.0007,1.929,1.738,nan,0.013,0.025,nan,0.0531,-4.008,1.9,0.0626,0.097,0.081,0.53,-1
882,1338.54,1649.52,17.0169,0.001,0.946,0.647,nan,0.022,0.022,nan,0.3855,-6.455,2.792,0.0715,0.119,0.101,0.6,-1
890,1719.26,1675.67,16.9764,0.0009,1.193,0.976,nan,0.019,0.018,nan,0.144,-2.401,2.611,0.0683,0.113,0.097,0.49,-1
892,1877.83,1363.01,17.025,0.0008,1.062,0.872,nan,0.018,0.017,nan,0.3347,-2.471,0.305,0.0761,0.132,0.109,0.48,-1
897,1238.15,1960.28,17.879,0.0017,1.037,0.805,nan,0.053,0.048,nan,0.2711,-4.969,-0.055,0.1507,0.261,0.173,0.25,-1
905,1683.08,1512.61,16.9706,0.0022,1.258,1.049,nan,0.015,0.018,nan,-0.0284,-9.016,6.749,0.1508,0.259,0.232,0.5,-1
907,1121.62,1990.9,17.0043,0.001,1.099,0.835,nan,0.017,0.018,nan,0.1793,-5.723,1.454,0.0866,0.165,0.137,0.48,-1
908,1847.59,1310.98,17.2307,0.0035,1.251,1.103,nan,0.037,0.035,nan,0.6715,-6.24,2.261,0.2033,0.316,0.275,0.67,-1
911,1231.93,1107.67,17.0224,0.0008,1.182,1.028,nan,0.015,0.016,nan,0.2598,-8.797,5.079,0.0717,0.119,0.098,0.54,-1
912,1416.49,961.234,16.9342,0.0008,1.26,1.109,nan,0.022,0.024,nan,0.4637,-11.801,5.547,0.07,0.113,0.096,0.49,-1
917,1761.62,1190.93,17.1734,0.0009,0.898,0.71,nan,0.015,0.016,nan,-0.0152,-6.561,2.586,0.0797,0.151,0.138,0.51,-1
921,1029.65,1773.74,17.0458,0.0016,1.116,0.889,nan,0.017,0.018,nan,0.5811,-3.734,1.666,0.1381,0.229,0.202,0.48,-1
1780,1068.8,1791.79,17.957,0.0017,1.195,0.989,nan,0.032,0.035,nan,0.2573,-3.557,0.908,0.1282,0.202,0.18,0.43,-1
932,1865.06,1563.87,17.1099,0.0009,0.951,0.771,nan,0.031,0.02,nan,0.3738,-4.677,2.044,0.0781,0.129,0.113,0.46,-1
942,1118.3,1387.34,17.1214,0.0009,0.99,0.78,nan,0.018,0.017,nan,0.3445,-5.8,0.734,0.0706,0.123,0.102,0.5,-1
946,1147.52,1840.23,17.0169,0.0021,1.26,1.079,nan,0.025,0.026,nan,0.4581,-7.069,3.56,0.0855,0.153,0.127,0.47,-1
958,1672.19,1334.66,17.1173,0.0015,1.067,0.771,nan,0.021,0.017,nan,0.0975,-5.775,2.736,0.0834,0.129,0.117,0.48,-1
961,1573.06,1493.59,17.1159,0.0009,1.105,0.877,nan,0.018,0.019,nan,0.3853,-7.428,1.532,0.0738,0.122,0.106,0.49,-1
962,1129.84,1588.2,17.0898,0.0009,1.114,0.936,nan,0.019,0.019,nan,0.4421,2.182,0.819,0.0721,0.118,0.101,0.48,-1
964,1659.8,1898.13,17.1125,0.0009,1.055,0.842,nan,0.022,0.021,nan,0.4746,-8.217,2.055,0.0788,0.128,0.112,0.47,-1
978,925.45,1365.07,17.0755,0.0011,1.256,1.071,nan,0.015,0.018,nan,0.743,-9.368,0.614,0.0786,0.121,0.115,0.52,-1
980,1301.21,1143.4,17.1445,0.0009,1.16,0.964,nan,0.016,0.017,nan,0.5623,-7.847,4.529,0.0795,0.132,0.107,0.5,-1
989,1419.14,1485.63,17.2299,0.0009,0.908,0.748,nan,0.019,0.019,nan,0.0462,-5.506,2.745,0.089,0.126,0.11,0.5,-1
993,1156.1,1294.3,17.2053,0.0009,1.001,0.775,nan,0.018,0.016,nan,0.0754,-7.463,2.391,0.0791,0.127,0.111,0.51,-1
1597,1646.49,1263.31,17.7827,0.0033,1.343,1.068,nan,0.034,0.037,nan,0.4021,-6.653,2.193,0.1223,0.189,0.169,0.68,-1
998,1338.78,1627.7,16.7233,0.0017,1.904,1.487,nan,0.017,0.024,nan,1.7442,-8.0,1.429,0.0677,0.114,0.095,0.48,-1
0,1467.07,1159.07,17.4003,0.0027,1.437,0.906,nan,0.059,0.039,nan,0.4844,-5.171,2.126,0.1575,0.266,0.212,0.42,-1
1007,968.473,1047.66,17.0242,0.0009,1.458,1.337,nan,0.015,0.022,nan,0.327,-4.056,1.41,0.0708,0.12,0.103,0.52,-1
1008,1356.67,1696.45,17.3587,0.0017,0.823,0.642,nan,0.039,0.029,nan,0.2631,-5.837,2.953,0.0944,0.158,0.143,0.46,-1
1009,1422.19,1003.9,17.2042,0.0009,1.113,0.857,nan,0.018,0.018,nan,0.2283,-5.355,2.543,0.0885,0.135,0.118,0.48,-1
1010,965.529,1300.3,17.1925,0.0014,1.047,0.831,nan,0.018,0.02,nan,0.479,-5.449,1.202,0.0825,0.131,0.12,0.49,-1
1011,1865.03,1365.29,17.1631,0.0009,1.157,0.926,nan,0.017,0.018,nan,0.2461,-7.034,2.729,0.0783,0.129,0.11,0.49,-1
1014,1773.91,1649.22,17.1773,0.001,1.144,0.85,nan,0.016,0.019,nan,0.5308,-5.271,1.122,0.0765,0.12,0.106,0.49,-1
1018,941.379,1652.05,17.1434,0.0013,1.248,0.954,nan,0.02,0.021,nan,0.2213,-5.913,-0.853,0.0994,0.175,0.149,0.46,-1
1019,999.02,1514.85,17.1519,0.0014,1.372,1.152,nan,0.023,0.024,nan,0.3305,-5.373,3.715,0.0849,0.16,0.126,0.45,-1
1023,1477.29,1609.91,17.1895,0.001,1.148,0.871,nan,0.019,0.02,nan,0.3012,-4.156,7.558,0.0844,0.125,0.11,0.49,-1
1029,1381.03,1096.56,17.1504,0.0008,1.276,0.997,nan,0.016,0.02,nan,0.1565,-5.368,1.762,0.0855,0.13,0.11,0.5,-1
1040,1070.49,1132.12,17.2381,0.0008,1.103,0.86,nan,0.017,0.018,nan,0.5032,-6.234,-1.392,0.0762,0.13,0.111,0.49,-1
1048,1390.69,1869.54,17.2836,0.001,0.984,0.794,nan,0.024,0.022,nan,0.2742,-7.151,3.595,0.0844,0.133,0.114,0.48,-1
1052,1114.71,1040.95,17.2391,0.001,1.155,0.971,nan,0.019,0.019,nan,0.1786,-5.515,2.071,0.0995,0.143,0.118,0.55,-1
1055,1280.82,1124.83,17.3082,0.0011,1.134,0.886,nan,0.02,0.019,nan,0.5473,-7.505,2.019,0.0852,0.137,0.117,0.5,-1
2164,778.061,1499.31,18.1678,0.0014,1.402,1.066,nan,0.04,0.057,nan,0.1,-5.792,2.131,0.1319,0.217,0.193,0.46,-1
1065,1192.83,1442.92,17.2685,0.001,1.106,0.835,nan,0.021,0.022,nan,0.1078,-7.172,3.498,0.0812,0.129,0.117,0.5,-1
1066,1757.11,1282.64,17.3122,0.0009,1.031,0.819,nan,0.017,0.019,nan,0.2734,-4.525,1.995,0.0878,0.143,0.127,0.49,-1
1067,995.467,1062.58,17.3032,0.0031,1.253,0.995,nan,0.02,0.023,nan,-0.1681,-1.979,6.831,0.4521,0.735,0.684,0.42,-1
1069,1716.2,1170.97,17.2585,0.0009,1.214,0.904,nan,0.059,0.02,nan,0.1459,-6.412,2.715,0.081,0.132,0.112,0.46,-1
1070,1325.82,1253.49,17.1814,0.0025,1.848,1.098,nan,0.076,0.026,nan,0.7134,-12.937,5.768,0.1273,0.221,0.161,0.44,-1
1075,1246.01,932.442,17.1889,0.0011,1.107,0.726,nan,0.043,0.042,nan,0.3421,-4.19,1.649,0.0871,0.141,0.124,0.42,-1
1078,1527.22,1663.28,17.237,0.001,1.183,0.937,nan,0.021,0.022,nan,0.322,-7.513,0.783,0.0833,0.128,0.112,0.5,-1
1079,1230.25,1687.14,17.4138,0.0014,0.98,0.792,nan,0.038,0.036,nan,-0.0843,-4.363,1.765,0.1019,0.168,0.153,0.43,-1
1092,1149.19,1745.98,17.3201,0.0014,0.956,0.778,nan,0.021,0.019,nan,0.1773,-8.275,1.668,0.1058,0.156,0.138,0.49,-1
1094,956.651,1194.1,17.1386,0.0008,1.453,1.318,nan,0.017,0.025,nan,0.3004,-8.637,4.386,0.0728,0.123,0.104,0.49,-1
1095,1397.48,1541.44,17.2809,0.001,1.142,0.878,nan,0.018,0.018,nan,0.095,-6.045,2.569,0.0899,0.138,0.123,0.49,-1
1099,1641.5,1232.33,17.2117,0.0009,1.293,1.061,nan,0.016,0.02,nan,0.1567,-6.446,2.577,0.0793,0.127,0.108,0.5,-1
1104,1549.57,1459.55,17.1133,0.0014,1.527,1.291,nan,0.022,0.035,nan,0.5063,-5.471,3.936,0.0786,0.135,0.114,0.46,-1
1105,1567.2,1786.15,17.2585,0.001,1.176,1.02,nan,0.019,0.023,nan,0.1377,-3.904,2.274,0.0975,0.15,0.133,0.47,-1
1112,1327.89,1129.21,17.3822,0.0009,0.978,0.767,nan,0.02,0.018,nan,0.3547,-5.046,1.639,0.0921,0.141,0.119,0.48,-1
1385,1714.38,1371.97,17.626,0.0012,1.069,0.788,nan,0.02,0.024,nan,0.2916,-6.806,2.693,0.1076,0.169,0.148,0.48,-1
1140,1265.77,1624.93,17.3652,0.001,0.994,0.716,nan,0.019,0.019,nan,0.3059,-5.446,1.773,0.0839,0.141,0.121,0.51,-1
1145,1743.11,1900.86,17.3963,0.0009,0.992,0.728,nan,0.026,0.026,nan,0.3608,-5.52,1.197,0.0853,0.138,0.123,0.45,-1
1148,1877.99,1522.62,17.3568,0.0011,1.034,0.832,nan,0.021,0.021,nan,0.3107,-8.897,3.522,0.0843,0.136,0.118,0.46,-1
1152,1491.35,1380.64,17.2024,0.0011,1.469,1.336,nan,0.02,0.029,nan,0.1265,-5.31,3.067,0.0878,0.133,0.113,0.46,-1
1157,1044.38,1374.65,17.3203,0.0009,1.176,1.003,nan,0.018,0.022,nan,0.5212,-3.937,3.769,0.0787,0.128,0.113,0.49,-1
1165,726.618,1545.65,17.2848,0.001,1.214,1.0,nan,0.019,0.021,nan,0.2139,-4.004,2.159,0.0793,0.139,0.12,0.48,-1
1168,1132.3,1392.35,17.3409,0.0009,1.139,0.941,nan,0.02,0.02,nan,0.3383,-5.325,1.05,0.0796,0.135,0.112,0.46,-1
1171,1722.96,1423.86,17.3346,0.001,1.117,0.976,nan,0.022,0.022,nan,0.4071,-7.361,3.622,0.0896,0.154,0.123,0.49,-1
1805,711.47,1564.27,17.9694,0.0016,1.161,1.009,nan,0.034,0.038,nan,0.2762,-5.895,2.58,0.1352,0.241,0.257,0.92,-1
1173,1335.22,1181.14,17.3796,0.001,1.096,0.96,nan,0.018,0.021,nan,0.5107,-10.325,3.571,0.1004,0.153,0.123,0.5,-1
1174,1408.37,1197.72,17.1743,0.0031,1.588,1.327,nan,0.017,0.029,nan,0.1617,-8.809,3.917,0.09,0.155,0.141,0.45,-1
1176,1404.15,1893.99,17.3506,0.001,1.047,0.839,nan,0.036,0.035,nan,0.2834,-5.08,1.089,0.0825,0.134,0.115,0.67,-1
1189,865.115,1830.88,17.3781,0.0011,1.028,0.801,nan,0.026,0.024,nan,0.3294,-8.344,2.358,0.0889,0.153,0.127,0.47,-1
1192,1371.45,1012.54,17.3101,0.0009,1.403,1.185,nan,0.017,0.024,nan,0.2867,-7.463,-0.422,0.0851,0.14,0.12,0.49,-1
1204,1201.52,1218.82,17.505,0.0011,0.895,0.703,nan,0.024,0.023,nan,0.2461,-6.364,2.739,0.1003,0.161,0.136,0.6,-1
1205,1457.95,1403.26,17.5068,0.0012,0.935,0.7,nan,0.021,0.019,nan,-0.0996,-5.789,1.912,0.1076,0.161,0.131,0.6,-1
1209,872.619,1133.13,17.5045,0.0027,1.103,0.886,nan,0.018,0.019,nan,0.0752,-5.209,1.187,0.2593,0.425,0.388,0.88,-1
1210,1766.15,1498.78,17.5214,0.0021,1.022,0.987,nan,0.04,0.046,nan,0.0105,-7.212,1.082,0.1379,0.233,0.207,0.42,-1
1215,1399.21,1025.13,17.2985,0.001,1.436,1.218,nan,0.02,0.026,nan,0.2613,-3.056,0.028,0.0899,0.139,0.122,0.47,-1
1219,1594.18,1223.6,17.4077,0.001,1.203,0.958,nan,0.02,0.024,nan,0.3293,-6.632,2.336,0.0983,0.15,0.141,0.46,-1
1220,1728.39,1699.39,17.3701,0.0009,1.208,0.952,nan,0.023,0.026,nan,0.2388,-8.989,3.222,0.0829,0.132,0.117,0.46,-1
1221,740.935,1552.24,17.303,0.0015,1.388,1.136,nan,0.019,0.024,nan,0.5704,-4.919,0.631,0.117,0.2,0.171,0.49,-1
1228,789.189,1406.88,17.4168,0.001,1.152,0.968,nan,0.022,0.024,nan,0.4911,-9.559,1.738,0.102,0.144,0.124,0.49,-1
1231,1391.69,1263.54,17.4137,0.0015,1.12,0.857,nan,0.022,0.023,nan,-0.0759,-5.697,2.46,0.1025,0.163,0.145,0.45,-1
1234,1433.17,1540.24,17.5305,0.0023,1.319,1.15,nan,0.056,0.059,nan,-0.4883,-6.534,2.589,0.2258,0.335,0.29,0.4,-1
1236,1835.14,1552.5,17.4624,0.0011,1.1,0.848,nan,0.018,0.019,nan,0.0421,-3.261,1.865,0.0896,0.147,0.128,0.48,-1
1238,1459.34,1074.16,17.6202,0.0013,1.036,0.904,nan,0.025,0.026,nan,0.2818,-6.041,1.557,0.1141,0.169,0.146,0.48,-1
1241,1449.66,1333.5,17.4856,0.001,1.062,0.881,nan,0.019,0.023,nan,0.1839,-7.373,0.33,0.1017,0.179,0.138,0.49,-1
1247,969.795,1403.38,17.4678,0.001,1.115,0.928,nan,0.022,0.022,nan,0.3728,-8.007,4.017,0.0999,0.142,0.125,0.46,-1
1248,1091.08,1755.67,17.4613,0.0011,1.047,0.856,nan,0.023,0.022,nan,0.1778,-5.451,2.601,0.093,0.146,0.125,0.5,-1
1257,978.595,1451.33,17.4407,0.001,1.202,0.962,nan,0.018,0.022,nan,0.1418,-5.422,2.105,0.0878,0.139,0.122,0.48,-1
1260,1534.67,1360.77,17.4969,0.0013,1.15,0.893,nan,0.02,0.024,nan,0.1535,-6.406,2.05,0.1021,0.158,0.143,0.7,-1
1264,1296.66,1116.4,17.4614,0.001,1.179,1.007,nan,0.023,0.025,nan,0.4283,2.726,-0.491,0.0951,0.152,0.13,0.47,-1
1267,1487.02,964.885,17.4367,0.001,1.148,0.872,nan,0.024,0.027,nan,0.3049,-7.61,3.524,0.0984,0.152,0.13,0.47,-1
1269,1574.4,1281.54,17.5166,0.0012,1.117,0.907,nan,0.023,0.025,nan,0.4196,-4.363,2.351,0.107,0.163,0.142,0.62,-1
1274,990.172,1221.2,17.4455,0.001,1.244,1.074,nan,0.025,0.028,nan,0.0998,-7.166,3.151,0.09,0.139,0.134,0.44,-1
1285,1135.71,1596.86,17.5142,0.001,1.084,0.871,nan,0.023,0.022,nan,0.1689,-5.689,2.677,0.0907,0.145,0.128,0.79,-1
1286,1530.08,1556.01,17.5612,0.0012,0.99,0.683,nan,0.035,0.046,nan,0.1577,-6.561,2.46,0.0946,0.15,0.134,0.54,-1
1289,810.946,1676.48,17.5169,0.001,1.033,0.75,nan,0.024,0.024,nan,0.1578,-4.447,0.764,0.0925,0.156,0.155,0.45,-1
1293,839.088,1288.87,17.473,0.0011,1.167,0.878,nan,0.021,0.024,nan,0.0973,-4.536,2.59,0.0915,0.149,0.129,0.47,-1
1302,1568.67,1313.18,17.5249,0.0011,1.084,0.799,nan,0.021,0.032,nan,0.3979,-5.662,1.668,0.1193,0.181,0.154,0.48,-1
1303,1638.18,1751.98,17.5136,0.0012,1.084,0.843,nan,0.028,0.028,nan,0.1681,-6.247,3.07,0.0958,0.152,0.132,0.67,-1
1306,1521.1,1476.71,17.5927,0.0013,0.969,0.775,nan,0.023,0.022,nan,0.0276,-5.28,2.747,0.0947,0.156,0.141,0.63,-1
1314,979.787,1500.58,17.5184,0.0011,1.138,0.922,nan,0.021,0.023,nan,0.3204,-10.141,4.826,0.0971,0.166,0.137,0.48,-1
1316,1554.04,1202.75,17.478,0.001,1.272,1.169,nan,0.023,0.03,nan,0.3397,-6.774,2.455,0.0948,0.16,0.138,0.47,-1
1320,1585.11,1954.79,17.4435,0.0009,1.291,1.207,nan,0.025,0.032,nan,0.2437,-4.122,0.006,0.0901,0.142,0.124,0.45,-1
1321,1570.87,1656.01,17.4736,0.0012,1.214,0.997,nan,0.025,0.028,nan,0.299,-0.314,-1.695,0.09,0.147,0.125,0.46,-1
1323,887.86,1278.6,17.5169,0.0012,1.244,1.115,nan,0.022,0.029,nan,0.6365,-10.606,4.478,0.0962,0.151,0.131,0.46,-1
1324,1335.56,1154.01,17.5431,0.0014,1.175,0.878,nan,0.02,0.023,nan,0.2699,-6.88,3.837,0.1225,0.192,0.154,0.47,-1
1325,1770.25,1712.41,17.5592,0.0011,1.105,0.834,nan,0.027,0.026,nan,0.1634,-5.631,2.315,0.0939,0.149,0.13,0.6,-1
1334,1166.74,1307.72,17.5716,0.0011,1.112,0.823,nan,0.019,0.023,nan,0.2439,-6.087,2.587,0.0922,0.15,0.13,0.47,-1
1335,1573.96,1449.84,17.5917,0.0012,1.02,0.762,nan,0.026,0.025,nan,0.2257,-5.93,2.745,0.1016,0.179,0.156,0.63,-1
1337,1288.95,984.889,17.5681,0.003,1.081,0.776,nan,0.041,0.033,nan,0.3228,-4.631,2.576,0.1049,0.171,0.142,0.6,-1
1344,995.567,1114.82,17.4712,0.001,1.354,1.142,nan,0.022,0.028,nan,0.2518,-7.318,0.869,0.0946,0.145,0.127,0.46,-1
1345,1759.19,1542.24,17.544,0.0012,1.242,0.993,nan,0.022,0.025,nan,0.0095,-5.58,1.223,0.097,0.154,0.134,0.66,-1
1355,1322.23,1449.66,17.5714,0.0077,1.568,1.001,nan,0.024,0.03,nan,nan,nan,nan,nan,nan,nan,0.03,-1
1358,997.379,1260.14,17.617,0.0011,1.048,0.898,nan,0.024,0.022,nan,0.4181,-3.415,2.237,0.096,0.156,0.136,0.47,-1
1510,1367.98,1832.59,17.7,0.0013,1.116,0.88,nan,0.026,0.026,nan,0.3386,-6.863,1.84,0.105,0.164,0.146,0.44,-1
1388,1215.03,1292.13,17.5747,0.0021,1.263,0.998,nan,0.022,0.027,nan,0.5716,-6.959,1.794,0.2547,0.395,0.353,0.45,-1
2029,1541.31,1754.66,18.1395,0.0025,1.322,1.029,nan,0.042,0.049,nan,0.2452,-4.642,1.627,0.156,0.236,0.206,0.66,-1
1408,1519.81,1054.11,17.6584,0.0012,1.144,1.018,nan,0.027,0.029,nan,0.243,-10.983,4.121,0.1385,0.193,0.158,0.45,-1
1416,1725.15,1337.28,16.9963,0.0009,2.219,1.856,nan,0.019,0.047,nan,0.1251,-4.027,1.397,0.0796,0.129,0.114,0.47,-1
1421,1330.2,1705.08,17.676,0.0013,1.043,0.909,nan,0.024,0.026,nan,0.1726,-5.3,1.518,0.099,0.161,0.143,0.65,-1
1422,1435.7,1458.46,17.4163,0.001,1.544,1.322,nan,0.019,0.028,nan,1.1091,2.719,-4.095,0.1101,0.165,0.135,0.45,-1
1423,945.067,1077.23,17.5734,0.0011,1.32,1.132,nan,0.023,0.027,nan,0.3714,-3.124,2.126,0.0937,0.158,0.138,0.44,-1
1424,814.771,1711.51,17.5435,0.001,1.305,1.01,nan,0.025,0.027,nan,0.0567,-5.419,1.452,0.1019,0.158,0.15,0.66,-1
1427,1187.01,1759.72,17.6608,0.0013,1.114,0.909,nan,0.021,0.026,nan,0.266,-6.498,2.499,0.1096,0.165,0.146,0.67,-1
1428,714.068,1529.8,17.6587,0.001,1.069,0.831,nan,0.026,0.025,nan,0.3456,-5.902,6.886,0.0967,0.166,0.146,0.45,-1
1432,714.109,1435.91,17.6161,0.001,1.185,0.974,nan,0.022,0.028,nan,0.2187,-7.914,2.06,0.0998,0.161,0.162,0.47,-1
1435,916.322,1316.6,17.6526,0.0013,1.236,0.966,nan,0.031,0.033,nan,0.26,-5.8,2.938,0.1137,0.166,0.14,0.66,-1
1443,1138.68,1726.46,17.6065,0.0013,1.161,0.945,nan,0.025,0.028,nan,0.0832,-4.767,2.095,0.105,0.165,0.144,0.45,-1
1447,1516.35,1105.98,17.6958,0.0013,1.136,0.868,nan,0.025,0.026,nan,0.3499,-10.608,2.684,0.1192,0.197,0.151,0.47,-1
1457,1156.3,1286.97,17.7332,0.0014,1.072,0.944,nan,0.025,0.029,nan,0.2603,-6.505,1.929,0.1026,0.171,0.146,0.46,-1
2103,1651.81,1903.06,18.2553,0.0018,1.128,0.829,nan,0.041,0.047,nan,-0.0418,-4.887,2.739,0.1619,0.245,0.22,0.96,-1
1472,1767.55,1202.09,17.6567,0.0012,1.21,0.926,nan,0.022,0.028,nan,0.4512,-6.577,2.646,0.1121,0.188,0.173,0.76,-1
1478,1004.06,1639.52,17.3463,0.001,1.778,1.473,nan,0.02,0.035,nan,1.1441,-7.527,5.822,0.0839,0.134,0.12,0.47,-1
1479,1224.58,1530.56,17.6955,0.0013,1.138,0.882,nan,0.023,0.026,nan,0.3812,-3.102,1.45,0.1043,0.162,0.145,0.44,-1
1480,1053.22,1966.91,17.6894,0.0012,1.127,0.878,nan,0.025,0.026,nan,0.2077,-6.122,2.076,0.1081,0.178,0.156,0.64,-1
1483,943.042,1111.69,17.6887,0.0015,1.215,0.978,nan,0.029,0.033,nan,0.2052,-7.114,2.592,0.1252,0.27,0.228,0.63,-1
1485,868.57,1289.5,17.0647,0.0009,2.235,1.733,nan,0.019,0.039,nan,2.606,10.855,24.92,0.0762,0.124,0.101,0.45,-1
1486,1614.46,1097.83,17.7523,0.0012,1.121,0.851,nan,0.028,0.025,nan,0.3205,-5.968,2.114,0.1197,0.191,0.16,0.43,-1
1493,1503.34,1197.11,17.2293,0.001,2.012,1.545,nan,0.025,0.04,nan,1.5036,8.955,14.363,0.1005,0.173,0.128,0.46,-1
1496,1217.37,1301.01,17.6481,0.0012,1.265,1.023,nan,0.024,0.029,nan,0.3004,-7.058,-0.39,0.1075,0.166,0.146,0.48,-1
1499,1337.67,1965.23,17.117,0.0009,2.122,1.721,nan,0.024,0.048,nan,0.1622,-5.952,2.622,0.0808,0.13,0.117,0.45,-1
1500,1189.19,947.695,18.5974,0.0036,1.088,0.785,nan,0.06,0.047,nan,0.5106,-5.686,1.395,0.2464,0.431,0.277,0.97,-1
1508,1852.07,1636.62,17.8085,0.0014,1.175,0.905,nan,0.038,0.039,nan,0.2092,-5.545,0.32,0.1108,0.176,0.155,0.58,-1
1513,1691.65,1820.51,17.687,0.0012,1.183,0.941,nan,0.027,0.03,nan,0.033,-4.613,0.659,0.1153,0.181,0.16,0.44,-1
1518,1359.33,1846.77,17.3094,0.001,1.91,1.794,nan,0.024,0.05,nan,0.2709,-3.944,1.416,0.0834,0.141,0.121,0.46,-1
1530,1747.55,1340.38,17.1211,0.0009,2.199,1.772,nan,0.022,0.05,nan,0.0963,-4.386,2.314,0.0763,0.122,0.109,0.48,-1
1537,926.933,1417.14,17.8019,0.0012,1.088,0.906,nan,0.025,0.026,nan,0.4369,-6.306,1.7,0.1145,0.187,0.174,0.47,-1
1540,1829.7,1566.79,17.7075,0.0011,1.237,1.021,nan,0.022,0.03,nan,0.2389,-5.153,1.807,0.1056,0.166,0.146,0.45,-1
1542,915.368,1277.06,17.783,0.0012,1.089,0.983,nan,0.023,0.032,nan,0.4237,-6.06,2.111,0.1142,0.175,0.151,0.66,-1
1545,1441.44,1152.93,17.7669,0.0012,1.187,0.939,nan,0.023,0.028,nan,0.3376,-4.377,4.995,0.126,0.201,0.165,0.45,-1
1552,1517.21,1410.86,17.7517,0.0013,1.209,1.029,nan,0.026,0.03,nan,0.1594,-9.676,1.5,0.1221,0.195,0.153,0.45,-1
1556,1242.18,1444.36,17.3339,0.0014,2.0,1.619,nan,0.024,0.045,nan,0.3456,-6.089,2.565,0.0939,0.151,0.136,0.44,-1
1557,1749.71,1733.36,17.6426,0.0012,1.407,1.225,nan,0.023,0.035,nan,0.3004,-7.723,3.878,0.0978,0.16,0.143,0.46,-1
1558,1401.49,1402.07,17.8528,0.0021,1.159,0.935,nan,0.033,0.045,nan,0.2436,-7.526,2.355,0.1326,0.206,0.167,0.63,-1
1563,1369.36,1203.7,17.7013,0.0013,1.292,1.078,nan,0.026,0.033,nan,0.3705,-5.217,-1.239,0.1226,0.186,0.159,0.43,-1
1570,1369.4,1808.87,17.7682,0.0016,1.114,0.849,nan,0.026,0.03,nan,0.1572,-6.576,3.365,0.1075,0.178,0.155,0.46,-1
1574,1261.19,1198.73,17.8267,0.0013,1.02,0.782,nan,0.027,0.028,nan,0.1268,-5.825,2.632,0.1199,0.208,0.173,0.54,-1
1579,1533.22,1724.43,17.811,0.0015,1.084,1.02,nan,0.024,0.028,nan,0.4958,-4.835,1.064,0.1188,0.185,0.159,0.57,-1
1590,1056.87,1140.49,17.816,0.0012,1.226,0.995,nan,0.029,0.031,nan,0.2816,-7.366,4.155,0.1255,0.209,0.184,0.44,-1
1592,927.007,1579.44,17.8232,0.0013,1.149,0.924,nan,0.03,0.032,nan,0.0587,-6.727,2.795,0.1083,0.188,0.156,0.65,-1
1601,1514.89,1022.03,17.8706,0.0014,1.08,0.839,nan,0.025,0.03,nan,0.2004,-6.263,2.497,0.1296,0.21,0.17,0.84,-1
1606,1870.7,1517.26,17.8485,0.0013,1.099,0.915,nan,0.027,0.03,nan,0.2093,-5.312,1.372,0.1142,0.187,0.16,0.18,-1
1611,1261.46,1037.14,17.7733,0.0012,1.318,0.966,nan,0.024,0.029,nan,0.2224,-4.952,2.112,0.1184,0.191,0.154,0.45,-1
1612,833.818,1601.39,17.7874,0.0018,1.229,0.941,nan,0.027,0.03,nan,0.0049,-6.567,2.407,0.2292,0.372,0.37,0.77,-1
1614,965.462,1780.98,17.7463,0.0013,1.275,1.133,nan,0.029,0.037,nan,0.1885,-5.364,2.246,0.1074,0.178,0.156,0.45,-1
1615,1208.25,991.798,17.9312,0.0014,1.092,0.88,nan,0.029,0.033,nan,0.2736,-6.068,1.889,0.1255,0.202,0.171,0.54,-1
1617,1178.34,1320.05,17.8736,0.0012,1.215,1.056,nan,0.041,0.034,nan,0.1699,-8.115,3.59,0.1136,0.187,0.16,0.41,-1
1618,1630.26,1531.67,17.8861,0.0013,1.007,0.75,nan,0.029,0.029,nan,0.1186,-5.713,1.931,0.1186,0.193,0.167,0.45,-1
1620,1036.45,1680.64,17.8736,0.0014,1.018,0.897,nan,0.029,0.03,nan,0.2352,-6.755,3.038,0.1194,0.194,0.169,0.8,-1
1625,1262.16,1884.66,17.8436,0.0014,1.122,1.001,nan,0.025,0.033,nan,0.2595,-7.403,4.28,0.1314,0.195,0.161,0.3,-1
1626,979.443,1554.06,17.8982,0.0012,1.184,1.014,nan,0.03,0.034,nan,0.3262,-6.493,3.025,0.1208,0.2,0.177,0.66,-1
1629,1010.13,1640.55,17.8539,0.0014,1.04,0.747,nan,0.029,0.029,nan,0.1301,-6.435,2.057,0.1252,0.217,0.27,0.52,-1
1632,1452.02,1470.72,17.8636,0.0013,1.097,0.89,nan,0.026,0.03,nan,0.3375,-7.447,2.621,0.132,0.206,0.172,0.76,-1
1640,1129.19,1429.2,17.8653,0.0013,1.183,0.891,nan,0.029,0.033,nan,0.261,-4.858,1.32,0.1132,0.183,0.161,0.21,-1
1646,1415.1,1122.24,17.8674,0.0014,1.206,1.023,nan,0.025,0.028,nan,0.4973,-6.509,4.151,0.1336,0.196,0.175,0.43,-1
1647,944.58,1878.22,17.8291,0.0013,1.163,1.012,nan,0.03,0.037,nan,0.3078,-5.908,2.266,0.1125,0.189,0.155,0.62,-1
1648,1198.22,1302.71,17.8718,0.0013,1.185,0.938,nan,0.025,0.029,nan,0.1441,-6.924,2.42,0.1137,0.187,0.162,0.76,-1
1649,1304.97,1441.25,17.9031,0.0015,1.131,0.998,nan,0.026,0.03,nan,0.3275,-6.384,2.408,0.1299,0.212,0.191,0.64,-1
1651,797.586,1448.14,17.8465,0.0012,1.18,0.954,nan,0.029,0.038,nan,0.1587,-8.473,2.901,0.1101,0.19,0.161,0.45,-1
1659,1042.66,1826.48,17.8769,0.0013,1.112,0.874,nan,0.03,0.028,nan,0.4993,-8.265,2.388,0.1135,0.193,0.163,0.12,-1
1661,1862.19,1574.89,17.9859,0.0039,1.096,0.978,nan,0.026,0.032,nan,0.5765,-2.566,3.43,0.3208,0.524,0.45,0.87,-1
1665,864.019,1618.64,17.8308,0.0014,1.231,0.938,nan,0.028,0.04,nan,0.1008,-7.022,5.475,0.106,0.184,0.158,0.41,-1
1667,1383.16,910.675,17.1132,0.0009,2.32,1.774,nan,0.04,0.073,nan,0.0592,-4.809,2.794,0.0799,0.134,0.105,0.42,-1
1673,850.63,1583.03,17.8762,0.0013,1.121,0.822,nan,0.029,0.03,nan,0.055,-5.17,1.713,0.1142,0.186,0.189,0.36,-1
1681,860.973,1804.53,17.8177,0.0013,1.244,0.902,nan,0.033,0.036,nan,0.2051,-4.46,2.043,0.114,0.195,0.168,0.44,-1
1682,793.185,1583.5,17.9578,0.0013,1.086,0.887,nan,0.036,0.036,nan,0.2875,-7.323,2.364,0.1174,0.197,0.176,0.9,-1
1687,1122.42,1030.86,17.8891,0.0015,1.256,0.955,nan,0.028,0.035,nan,0.2933,-8.051,3.029,0.1465,0.222,0.186,0.43,-1
1694,995.94,1056.49,17.8953,0.0018,1.316,1.112,nan,0.032,0.042,nan,0.8446,-6.495,2.055,0.1288,0.222,0.183,0.52,-1
1701,1019.88,1186.35,17.9567,0.0013,1.12,1.011,nan,0.031,0.035,nan,0.4668,-6.481,1.707,0.1233,0.196,0.18,0.9,-1
1702,1811.38,1388.91,17.8658,0.0014,1.376,1.233,nan,0.029,0.04,nan,0.1864,-7.059,3.638,0.1208,0.2,0.162,0.42,-1
1705,828.044,1487.89,17.9676,0.0014,1.059,0.908,nan,0.03,0.031,nan,0.2236,-6.793,2.344,0.1202,0.194,0.17,0.92,-1
1707,997.141,1178.23,17.962,0.0013,1.138,0.905,nan,0.03,0.03,nan,0.214,-6.812,0.111,0.1236,0.198,0.183,0.45,-1
1722,911.749,1872.97,17.7656,0.0014,1.369,1.141,nan,0.03,0.038,nan,0.1467,-6.147,0.929,0.1068,0.172,0.149,0.42,-1
1726,1318.28,1031.02,17.9389,0.0016,1.249,0.873,nan,0.027,0.032,nan,0.3257,-6.129,3.288,0.1275,0.198,0.167,0.63,-1
1727,1265.62,1220.22,17.9763,0.0021,1.164,0.89,nan,0.036,0.036,nan,0.436,-7.166,1.598,0.1592,0.237,0.213,0.74,-1
1733,909.48,1230.06,17.6761,0.0011,1.643,1.397,nan,0.027,0.043,nan,0.2252,-4.504,3.413,0.1049,0.167,0.146,0.42,-1
1734,1101.08,1466.46,17.8804,0.0019,1.279,1.194,nan,0.028,0.036,nan,0.7028,-9.639,4.282,0.1675,0.271,0.243,0.46,-1
1738,1266.06,1289.05,17.986,0.0023,1.058,0.834,nan,0.033,0.03,nan,0.4849,-2.085,1.221,0.2478,0.367,0.329,0.67,-1
1739,1376.98,1184.06,17.9601,0.0016,1.148,0.995,nan,0.029,0.032,nan,0.3896,-6.725,2.282,0.1384,0.218,0.191,0.94,-1
1745,1390.79,1277.7,17.9735,0.0015,1.236,0.945,nan,0.032,0.032,nan,-0.1302,-5.209,2.489,0.1374,0.226,0.201,0.7,-1
1748,1315.65,1951.03,18.0049,0.0014,1.027,0.8,nan,0.035,0.036,nan,0.0503,-9.287,3.848,0.1401,0.207,0.19,0.43,-1
1754,1004.36,1886.66,17.9549,0.0015,1.08,0.852,nan,0.033,0.036,nan,0.2672,-2.163,1.948,0.1235,0.212,0.174,0.43,-1
1762,1106.21,1616.17,18.0447,0.002,1.165,0.857,nan,0.038,0.05,nan,0.4566,-6.483,-0.036,0.1794,0.275,0.298,0.43,-1
1764,1229.86,1852.15,17.9806,0.0016,1.15,1.045,nan,0.029,0.033,nan,0.2804,-5.991,3.475,0.1377,0.232,0.209,0.74,-1
1769,970.676,1789.73,17.9302,0.0015,1.259,1.069,nan,0.036,0.038,nan,0.5087,-6.581,2.154,0.1227,0.201,0.185,0.56,-1
1772,1497.21,1239.82,17.9898,0.0014,1.19,1.059,nan,0.029,0.037,nan,0.2683,-4.331,2.631,0.1419,0.234,0.19,0.82,-1
1789,1117.26,1786.15,17.8388,0.0014,1.514,1.308,nan,0.03,0.046,nan,0.2088,-5.882,2.222,0.1159,0.196,0.171,0.44,-1
1796,731.159,1411.42,17.9429,0.0012,1.27,0.977,nan,0.033,0.037,nan,0.0811,-6.568,2.203,0.1208,0.202,0.186,0.77,-1
1797,1703.08,1326.65,17.9898,0.0014,1.225,0.921,nan,0.032,0.032,nan,0.2866,-5.911,3.12,0.1288,0.211,0.173,0.67,-1
1799,1272.57,1445.55,18.0744,0.0016,0.992,0.788,nan,0.032,0.032,nan,0.2771,-4.837,2.614,0.1375,0.214,0.178,0.47,-1
1801,1496.8,1944.84,18.0018,0.0016,1.152,0.925,nan,0.032,0.035,nan,0.3392,-5.657,4.735,0.1279,0.207,0.173,0.44,-1
1810,1176.84,1624.11,18.1431,0.0021,nan,0.973,nan,nan,0.05,nan,-0.0808,-7.659,4.596,0.1556,0.244,0.227,0.42,-1
1812,1150.56,1626.89,18.0702,0.002,1.203,1.137,nan,0.05,0.049,nan,0.0313,-3.77,1.03,0.1489,0.247,0.219,0.42,-1
1814,1422.52,1314.9,17.9846,0.0013,1.26,1.009,nan,0.034,0.041,nan,0.279,-3.668,2.577,0.13,0.218,0.186,0.8,-1
1820,802.599,1348.37,17.9276,0.0012,1.267,1.0,nan,0.031,0.036,nan,0.6772,-1.313,0.338,0.118,0.193,0.171,0.46,-1
1823,1541.46,1820.79,18.0226,0.0015,1.104,0.838,nan,0.034,0.038,nan,0.2857,-5.685,0.301,0.1253,0.203,0.173,0.43,-1
1827,1411.4,1679.21,17.1723,0.0011,2.562,2.248,nan,0.024,0.079,nan,-0.0264,-3.547,1.796,0.0851,0.139,0.117,0.46,-1
1834,1443.82,1069.14,18.0839,0.0015,1.09,0.908,nan,0.029,0.036,nan,0.1257,-3.935,2.397,0.1468,0.226,0.196,0.55,-1
1835,1323.31,1136.47,18.0035,0.0015,1.251,0.989,nan,0.032,0.037,nan,0.2776,-5.98,1.641,0.137,0.216,0.174,0.43,-1
1842,1333.69,1776.25,18.1034,0.0017,1.027,0.836,nan,0.032,0.035,nan,0.2421,-8.501,1.459,0.1481,0.237,0.22,0.45,-1
1845,1106.97,1703.31,17.9465,0.0021,1.153,1.011,nan,0.035,0.042,nan,0.3655,-5.783,1.583,0.13,0.21,0.185,0.83,-1
1847,990.534,1068.64,18.4377,0.0073,1.295,1.496,nan,0.069,0.096,nan,nan,nan,nan,nan,nan,nan,0.95,-1
1852,841.93,1404.09,18.0912,0.0013,1.089,0.939,nan,0.033,0.038,nan,0.0079,-5.918,3.169,0.1234,0.2,0.175,0.78,-1
1855,1166.19,1114.81,18.0953,0.0015,1.157,0.914,nan,0.033,0.032,nan,0.1209,-6.86,2.986,0.1539,0.238,0.206,0.77,-1
1856,1539.83,1110.05,17.9902,0.0015,1.331,1.111,nan,0.029,0.037,nan,0.4472,-7.335,3.549,0.1345,0.207,0.174,0.46,-1
1862,1431.29,1491.59,17.9062,0.0014,1.447,1.3,nan,0.031,0.051,nan,0.1476,-6.581,1.902,0.1392,0.195,0.17,0.42,-1
1865,780.762,1241.52,18.1482,0.0015,0.909,0.757,nan,0.032,0.034,nan,0.1183,-7.797,2.628,0.1452,0.218,0.193,0.44,-1
1866,895.888,1454.81,18.0837,0.0014,1.105,0.9,nan,0.029,0.034,nan,0.3213,-5.603,3.066,0.1317,0.209,0.196,0.7,-1
1867,967.505,1823.99,18.0248,0.0015,1.222,1.018,nan,0.033,0.04,nan,-0.197,-6.824,3.413,0.1352,0.205,0.175,0.43,-1
1871,945.192,1397.52,18.1339,0.0016,1.016,0.935,nan,0.033,0.03,nan,0.6031,-5.119,2.682,0.1492,0.239,0.216,0.66,-1
1876,1507.85,1743.92,18.2137,0.0017,1.037,1.092,nan,0.048,0.051,nan,0.3673,-6.816,3.027,0.1402,0.218,0.194,0.6,-1
1880,776.506,1658.85,18.0568,0.0015,1.205,0.965,nan,0.03,0.038,nan,0.4061,-6.575,3.269,0.1319,0.215,0.18,0.61,-1
1883,1535.93,1762.52,17.5927,0.0017,1.087,1.028,nan,0.035,0.041,nan,0.1308,-5.301,2.218,0.1064,0.161,0.142,0.45,-1
1884,1270.3,1695.56,18.0602,0.0016,1.253,1.012,nan,0.035,0.038,nan,0.2552,-5.254,-1.173,0.1411,0.228,0.185,0.44,-1
1886,1494.37,1153.06,18.0724,0.0015,1.126,0.804,nan,0.035,0.037,nan,0.0708,-8.016,3.795,0.1521,0.227,0.192,0.44,-1
1888,1122.22,1187.67,18.1326,0.0015,1.092,0.919,nan,0.033,0.036,nan,0.1688,-6.23,2.39,0.1335,0.218,0.191,0.66,-1
1893,1608.54,1190.31,17.9078,0.0015,1.632,1.506,nan,0.029,0.051,nan,0.2799,-4.3,2.332,0.1362,0.231,0.216,0.41,-1
1896,960.78,1892.91,18.0388,0.0015,1.205,1.057,nan,0.042,0.046,nan,0.5636,-4.082,-0.121,0.1436,0.239,0.192,0.44,-1
1899,1211.82,1740.13,18.0536,0.0016,1.15,0.846,nan,0.033,0.037,nan,0.1251,-5.794,3.852,0.1384,0.224,0.199,0.61,-1
1901,1210.07,1533.54,18.1024,0.0019,1.171,0.895,nan,0.034,0.036,nan,0.3119,-7.584,6.943,0.1713,0.262,0.235,0.47,-1
1908,1669.95,1289.25,17.9257,0.0016,1.539,1.252,nan,0.032,0.048,nan,0.1132,-5.35,1.518,0.1265,0.208,0.187,0.42,-1
1912,1298.04,1245.87,18.1969,0.0018,1.3,0.908,nan,0.038,0.036,nan,0.3375,-6.856,3.485,0.1474,0.229,0.201,0.81,-1
2022,1623.19,1938.35,18.1619,0.0014,1.184,0.794,nan,0.039,0.036,nan,0.3093,-7.757,2.988,0.1455,0.225,0.196,0.43,-1
1917,1426.52,1179.05,18.1023,0.0015,1.291,0.964,nan,0.029,0.032,nan,0.3317,-5.36,2.645,0.1439,0.249,0.218,0.46,-1
1918,1430.72,1817.9,17.965,0.0013,1.384,1.043,nan,0.03,0.042,nan,0.331,-5.407,1.239,0.1154,0.188,0.168,0.45,-1
1919,1660.06,1713.29,18.1053,0.0016,1.191,0.955,nan,0.03,0.038,nan,0.4786,-3.829,1.05,0.1364,0.205,0.184,0.43,-1
1920,1768.62,1734.98,17.5438,0.0011,2.109,1.905,nan,0.027,0.067,nan,-0.0801,-4.005,1.926,0.1082,0.177,0.152,0.44,-1
1921,1048.86,1547.65,18.1111,0.0015,1.322,1.071,nan,0.049,0.05,nan,0.4541,-8.526,5.174,0.1436,0.222,0.204,0.4,-1
2411,1723.83,1363.37,18.5397,0.0021,1.216,0.915,nan,0.055,0.073,nan,0.2039,-6.313,1.577,0.1883,0.303,0.258,0.44,-1
1931,1648.01,1438.42,18.0503,0.0014,1.338,1.192,nan,0.031,0.043,nan,0.333,-4.796,0.091,0.1425,0.244,0.193,0.43,-1
1938,1491.12,1141.71,18.5837,0.0039,nan,1.109,nan,nan,0.068,nan,0.5627,-6.683,4.053,0.283,0.435,0.379,0.98,-1
1939,974.188,1218.32,18.3107,0.0017,1.159,0.962,nan,0.059,0.056,nan,-0.0703,-5.764,1.795,0.152,0.234,0.225,0.96,-1
1940,1777.43,1686.1,18.1159,0.0015,1.211,1.029,nan,0.032,0.036,nan,0.2562,-2.777,2.877,0.1414,0.219,0.192,0.44,-1
1942,1816.81,1377.27,18.159,0.0016,1.423,1.023,nan,0.06,0.045,nan,0.2058,-4.305,1.659,0.147,0.235,0.199,0.62,-1
1943,1291.47,1386.97,18.1549,0.0016,1.154,1.086,nan,0.035,0.041,nan,0.1738,-6.503,3.163,0.1545,0.251,0.196,0.63,-1
1951,892.735,1665.28,18.0304,0.0014,1.281,1.059,nan,0.029,0.037,nan,0.2127,-5.841,1.558,0.1269,0.218,0.206,0.44,-1
1953,1183.54,1099.79,18.203,0.0014,1.117,0.89,nan,0.035,0.035,nan,0.2929,-4.93,2.392,0.1661,0.249,0.212,0.74,-1
1955,820.388,1698.51,18.0783,0.0015,1.229,0.998,nan,0.033,0.041,nan,0.4344,-6.705,4.359,0.1303,0.215,0.214,0.43,-1
1958,1806.94,1193.14,18.1656,0.0019,1.179,0.887,nan,0.039,0.044,nan,0.3191,-4.562,1.82,0.1585,0.242,0.234,0.63,-1
1959,1781.43,1345.3,18.1795,0.0015,1.178,0.889,nan,0.032,0.035,nan,0.1983,-6.483,2.572,0.151,0.236,0.193,0.42,-1
1981,1794.14,1476.73,18.2563,0.0017,1.094,0.933,nan,0.036,0.037,nan,0.3498,-4.745,2.252,0.1568,0.24,0.212,0.96,-1
1983,960.078,1697.5,18.1556,0.0017,1.295,1.1,nan,0.034,0.04,nan,0.1784,-7.32,3.288,0.1612,0.256,0.229,0.63,-1
2582,1613.46,1166.31,18.6905,0.0024,1.37,0.928,nan,0.052,0.068,nan,0.249,-4.939,1.659,0.2028,0.332,0.284,0.9,-1
2147,746.982,1635.16,18.2125,0.0013,1.339,1.007,nan,0.035,0.046,nan,0.0129,-8.163,2.39,0.1351,0.218,0.193,0.65,-1
1996,1186.22,1907.26,18.1652,0.0018,1.179,0.85,nan,0.036,0.039,nan,0.5555,-10.722,5.491,0.1419,0.241,0.245,0.44,-1
1998,1049.45,1010.91,18.1859,0.0017,1.273,1.076,nan,0.036,0.046,nan,0.4446,-8.033,2.547,0.1535,0.232,0.214,0.68,-1
1999,1881.82,1495.67,18.2013,0.0016,1.114,0.944,nan,0.038,0.041,nan,-0.0408,-5.087,2.511,0.1491,0.236,0.207,0.84,-1
2004,1470.41,1836.33,18.1243,0.0015,1.245,1.029,nan,0.036,0.046,nan,0.1358,-6.047,4.257,0.1313,0.211,0.193,0.4,-1
2008,795.13,1204.41,18.1994,0.0016,1.186,1.008,nan,0.033,0.039,nan,0.1273,-1.322,2.069,0.1542,0.226,0.219,0.44,-1
2019,1667.96,1634.2,18.2236,0.0016,1.061,0.998,nan,0.037,0.046,nan,0.2578,-5.491,1.569,0.1447,0.23,0.214,0.42,-1
2027,1369.1,1096.81,18.256,0.0017,1.22,1.005,nan,0.036,0.044,nan,0.6378,-7.981,3.116,0.1546,0.24,0.208,0.92,-1
2030,1007.95,1478.62,18.1918,0.0014,1.196,1.012,nan,0.033,0.044,nan,0.5728,-5.096,2.388,0.1354,0.224,0.197,0.85,-1
2032,1328.48,1715.35,18.1388,0.0019,1.238,1.03,nan,0.037,0.047,nan,0.513,-10.058,5.097,0.1334,0.217,0.2,0.43,-1
2035,1015.04,1891.89,18.234,0.0018,1.245,0.912,nan,0.035,0.039,nan,0.4419,-4.832,2.817,0.1979,0.318,0.262,0.72,-1
2036,1408.28,1240.96,18.2898,0.0019,1.305,1.102,nan,0.042,0.043,nan,0.3108,-7.516,2.985,0.1553,0.241,0.204,0.84,-1
2038,1047.23,1717.73,18.2078,0.0017,1.119,0.922,nan,0.035,0.038,nan,0.4315,-5.64,0.987,0.1428,0.218,0.194,0.59,-1
2039,1274.07,917.198,18.1309,0.0014,1.308,1.044,nan,0.037,0.049,nan,0.4251,-2.953,2.415,0.1411,0.221,0.187,0.65,-1
2040,1592.15,1623.24,18.1921,0.0018,1.243,1.012,nan,0.036,0.039,nan,0.4054,-8.446,2.522,0.1405,0.223,0.193,0.79,-1
2043,1304.9,1284.79,18.1482,0.002,1.316,1.176,nan,0.04,0.051,nan,1.2385,-10.066,-1.159,0.221,0.372,0.287,0.39,-1
2045,1037.52,961.123,18.0981,0.0019,1.089,1.008,nan,0.049,0.052,nan,0.2856,-7.427,3.928,0.1581,0.288,0.257,0.7,-1
2048,1036.24,1414.13,18.2641,0.0018,1.087,0.867,nan,0.041,0.044,nan,0.3644,-3.822,1.6,0.1748,0.3,0.273,0.87,-1
2053,1451.56,1928.42,18.2095,0.0017,1.233,1.181,nan,0.094,0.085,nan,0.5091,-7.143,1.707,0.1489,0.239,0.207,0.75,-1
2061,875.916,1348.77,18.2546,0.0016,1.095,0.894,nan,0.039,0.041,nan,-0.2242,-7.903,3.731,0.1513,0.238,0.215,0.87,-1
2063,1385.16,1586.7,18.1947,0.0017,1.224,1.023,nan,0.037,0.046,nan,0.227,-6.275,2.564,0.1586,0.24,0.212,0.93,-1
2075,1307.09,1845.38,18.2481,0.0017,1.091,0.834,nan,0.043,0.046,nan,0.2865,-7.728,2.355,0.1512,0.24,0.208,0.89,-1
2076,1337.3,1725.54,18.3305,0.0038,1.261,1.049,nan,0.047,0.056,nan,1.2699,-5.568,4.31,0.2345,0.381,0.355,0.66,-1
2080,1775.58,1388.65,18.312,0.0016,1.111,0.931,nan,0.036,0.045,nan,0.4553,-5.522,1.497,0.1619,0.253,0.209,0.93,-1
2081,1048.33,1485.6,18.261,0.0017,1.232,1.016,nan,0.035,0.042,nan,0.2454,-5.758,3.211,0.1461,0.244,0.207,0.96,-1
2082,1542.47,1082.15,18.2465,0.0017,1.217,1.04,nan,0.037,0.048,nan,0.1213,-5.835,2.443,0.1621,0.246,0.209,0.85,-1
2084,1017.2,1701.06,18.0718,0.0014,1.513,1.339,nan,0.031,0.051,nan,0.2147,-4.938,0.417,0.1298,0.211,0.184,0.45,-1
2091,1143.55,1467.34,18.1524,0.0015,1.402,1.226,nan,0.035,0.05,nan,0.4619,-2.193,0.98,0.1392,0.238,0.194,0.42,-1
2096,777.794,1318.41,18.282,0.0017,1.16,0.987,nan,0.045,0.06,nan,0.0877,-7.533,1.638,0.1562,0.267,0.222,0.82,-1
2104,1412.86,1506.04,18.2766,0.0017,1.219,1.026,nan,0.04,0.049,nan,0.2766,-5.974,2.604,0.1755,0.243,0.22,0.93,-1
2106,1012.11,1585.24,18.2455,0.0017,1.229,0.936,nan,0.034,0.04,nan,0.3446,-7.316,3.487,0.1475,0.239,0.221,0.91,-1
2108,940.554,1496.08,18.3044,0.0019,1.129,1.075,nan,0.043,0.052,nan,0.5622,-7.121,3.2,0.1489,0.25,0.219,0.89,-1
2112,1649.41,1850.68,18.2565,0.0018,1.172,1.024,nan,0.038,0.043,nan,0.0953,-7.263,2.54,0.1506,0.236,0.213,0.96,-1
2113,1337.49,1298.43,18.274,0.0021,1.297,0.938,nan,0.043,0.047,nan,0.2875,-7.902,3.474,0.1837,0.27,0.235,0.66,-1
2116,1189.29,1213.61,18.3038,0.0015,1.155,0.815,nan,0.035,0.039,nan,0.0137,-5.634,2.337,0.1491,0.239,0.206,0.95,-1
2120,1717.21,1424.58,18.3239,0.002,1.168,0.948,nan,0.04,0.038,nan,0.2096,-6.082,2.965,0.1717,0.28,0.223,0.93,-1
2125,1719.76,1531.94,18.3305,0.0017,1.197,0.951,nan,0.041,0.048,nan,0.3139,-6.293,2.258,0.1532,0.243,0.216,0.95,-1
2131,1594.82,1278.01,18.2935,0.0018,1.242,1.096,nan,0.037,0.05,nan,0.3556,-6.661,4.942,0.1766,0.27,0.226,0.4,-1
2132,1686.06,1501.97,18.3023,0.0018,1.152,0.895,nan,0.045,0.046,nan,0.3728,-4.437,1.834,0.153,0.24,0.218,0.89,-1
2133,1361.34,1701.79,18.1895,0.0017,1.397,1.013,nan,0.04,0.049,nan,0.0334,-5.718,2.571,0.1344,0.225,0.211,0.82,-1
2136,858.748,1380.14,18.3417,0.0016,1.178,0.955,nan,0.039,0.042,nan,0.1313,-5.74,2.243,0.1646,0.264,0.232,0.96,-1
2137,1666.18,1491.13,18.2782,0.0017,1.21,0.897,nan,0.046,0.049,nan,0.1452,-6.186,2.881,0.1493,0.246,0.213,0.89,-1
2142,1148.09,1715.62,18.3365,0.0021,1.079,0.839,nan,0.038,0.039,nan,0.0436,-5.639,1.139,0.1625,0.251,0.219,0.79,-1
2143,812.273,1186.0,18.3542,0.0016,1.188,0.9,nan,0.041,0.045,nan,0.2358,-6.488,2.067,0.1588,0.244,0.242,0.9,-1
2146,1452.01,1589.62,18.2585,0.0018,1.296,1.037,nan,0.041,0.048,nan,0.16,-5.491,2.567,0.1559,0.242,0.221,0.98,-1
2148,1813.64,1664.06,18.259,0.0017,1.215,0.883,nan,0.044,0.046,nan,0.3219,-5.173,1.738,0.1444,0.223,0.199,0.97,-1
2151,1030.48,1289.53,18.2346,0.0016,1.356,1.119,nan,0.042,0.054,nan,0.1152,-5.057,2.14,0.1376,0.218,0.19,0.78,-1
2153,989.319,1715.94,18.3141,0.0023,1.199,0.979,nan,0.041,0.047,nan,0.5171,-6.608,7.097,0.185,0.286,0.254,0.44,-1
2154,919.808,1598.7,18.2236,0.0027,1.395,1.103,nan,0.032,0.047,nan,0.6093,-3.93,3.311,0.3059,0.488,0.443,0.75,-1
2155,1302.85,1997.8,19.5209,0.0038,1.453,1.058,nan,0.043,0.052,nan,0.6599,-5.578,0.885,0.3864,0.698,0.505,0.62,-1
2157,985.312,1074.08,18.4857,0.0026,1.141,0.952,nan,0.069,0.057,nan,0.2229,-5.17,2.296,0.1896,0.308,0.279,1.0,-1
2163,1617.33,1026.57,18.1804,0.0015,1.549,1.2,nan,0.038,0.052,nan,0.4795,-13.82,6.427,0.1415,0.231,0.2,0.42,-1
2169,1481.25,1958.55,19.2259,0.0032,1.255,1.021,nan,0.041,0.052,nan,0.5103,-8.14,3.348,0.3049,0.551,0.416,0.51,-1
2172,992.453,1571.17,18.264,0.0019,1.306,1.079,nan,0.034,0.045,nan,0.2337,-5.489,2.099,0.1502,0.235,0.22,0.95,-1
2176,1557.69,1783.12,18.2908,0.0019,1.208,1.093,nan,0.043,0.045,nan,0.1955,-7.368,2.149,0.1778,0.267,0.253,0.93,-1
2177,1209.17,1633.44,18.1919,0.0015,1.45,1.392,nan,0.038,0.058,nan,-0.0204,-7.267,4.487,0.1428,0.222,0.198,0.41,-1
2179,1145.16,980.398,18.2862,0.0018,1.256,1.086,nan,0.045,0.053,nan,0.6342,-5.649,2.031,0.1629,0.244,0.203,0.92,-1
2185,873.007,1180.79,18.2948,0.0015,1.247,0.949,nan,0.038,0.043,nan,0.1916,-6.839,2.925,0.1433,0.231,0.209,0.89,-1
2186,1665.44,1285.65,18.3592,0.002,1.192,0.929,nan,0.042,0.053,nan,0.2105,-5.176,2.356,0.1717,0.279,0.265,0.88,-1
2187,1458.54,993.839,18.2877,0.0015,1.32,1.047,nan,0.037,0.051,nan,0.2994,-5.42,-0.399,0.1637,0.261,0.229,0.65,-1
2188,1630.8,1575.24,18.2872,0.0017,1.306,1.123,nan,0.042,0.053,nan,0.4094,-4.824,0.719,0.1511,0.239,0.222,0.79,-1
2198,938.696,1066.23,18.2778,0.0015,1.355,1.033,nan,0.035,0.042,nan,0.1154,-4.609,2.679,0.1426,0.237,0.206,0.82,-1
2199,1121.01,1609.09,18.2748,0.0017,1.402,1.158,nan,0.038,0.055,nan,0.7441,-5.007,1.326,0.1691,0.26,0.219,0.79,-1
2200,805.648,1555.98,18.3113,0.0015,1.2,0.867,nan,0.055,0.072,nan,0.5238,-6.36,2.815,0.1459,0.251,0.212,0.98,-1
2208,1200.87,1123.64,18.4001,0.0019,1.121,0.926,nan,0.045,0.048,nan,-0.0439,-7.83,2.625,0.1859,0.288,0.227,0.84,-1
2213,1623.47,1636.77,18.3056,0.0017,1.195,1.075,nan,0.042,0.058,nan,0.3053,-3.671,-0.44,0.1587,0.247,0.217,0.43,-1
2214,1495.4,1297.46,18.3789,0.0021,1.21,0.928,nan,0.038,0.046,nan,0.431,-5.112,2.35,0.1658,0.272,0.247,0.68,-1
2215,1456.89,1882.39,18.4191,0.0018,1.029,0.823,nan,0.046,0.046,nan,0.3772,-5.748,2.321,0.1585,0.251,0.222,0.79,-1
2217,930.433,1192.09,18.4554,0.0017,1.07,1.043,nan,0.046,0.056,nan,0.3188,-3.371,1.021,0.1584,0.253,0.222,0.77,-1
2220,862.181,1510.79,18.4141,0.0017,1.062,0.863,nan,0.042,0.044,nan,0.3826,-11.083,6.88,0.1647,0.257,0.243,0.43,-1
2221,1612.63,1866.87,18.3979,0.0017,1.164,0.942,nan,0.04,0.047,nan,0.7369,-5.228,2.687,0.1815,0.273,0.241,0.83,-1
2225,1749.14,1277.33,18.3717,0.0017,1.165,0.845,nan,0.044,0.046,nan,-0.1782,-6.892,2.321,0.1616,0.257,0.23,0.44,-1
2231,1485.79,1812.04,18.3477,0.0018,1.188,0.967,nan,0.039,0.045,nan,0.1383,-7.544,3.845,0.1483,0.237,0.208,0.7,-1
2234,1196.51,1410.32,18.3247,0.0018,1.245,1.038,nan,0.042,0.054,nan,-0.1181,-5.743,1.945,0.154,0.246,0.237,0.9,-1
2237,1354.55,1417.76,18.3287,0.0019,1.282,1.016,nan,0.035,0.043,nan,0.138,-6.007,2.285,0.1659,0.24,0.21,0.93,-1
2239,1366.41,1568.75,18.495,0.0022,1.118,0.962,nan,0.047,0.059,nan,0.4729,-6.712,2.614,0.1969,0.293,0.255,0.98,-1
2243,1732.15,1319.19,18.3758,0.0018,1.141,0.993,nan,0.043,0.052,nan,-0.089,-3.097,5.082,0.1646,0.267,0.227,0.4,-1
2247,1527.51,1741.75,18.3488,0.0019,1.146,0.91,nan,0.038,0.052,nan,0.2461,-7.065,3.346,0.1762,0.271,0.232,0.86,-1
2249,799.232,1601.25,18.3058,0.0015,1.296,1.101,nan,0.042,0.054,nan,0.3591,-5.638,2.767,0.1436,0.231,0.207,0.93,-1
2253,1070.8,1179.33,18.4069,0.0019,1.247,1.107,nan,0.035,0.053,nan,0.1355,-9.216,-2.39,0.1576,0.256,0.222,0.42,-1
2255,973.078,1243.29,18.3598,0.0016,1.272,1.043,nan,0.046,0.053,nan,0.1476,-4.007,1.208,0.1557,0.24,0.231,0.8,-1
2259,1104.98,1524.67,18.3993,0.0019,1.229,1.103,nan,0.036,0.046,nan,0.0706,-5.216,2.551,0.1711,0.279,0.244,0.96,-1
2260,1855.61,1298.0,18.3035,0.0014,1.386,1.109,nan,0.039,0.06,nan,0.242,-3.314,1.854,0.1556,0.244,0.212,0.7,-1
2265,758.29,1381.3,18.4014,0.0017,1.312,0.974,nan,0.041,0.05,nan,-0.0749,-6.792,2.208,0.1605,0.261,0.236,0.97,-1
2271,1677.36,1190.15,18.3444,0.0016,1.375,1.044,nan,0.045,0.056,nan,0.0927,-4.997,2.399,0.1608,0.255,0.226,0.7,-1
2276,1315.38,928.235,18.3621,0.0017,1.225,1.049,nan,0.048,0.054,nan,0.1574,-3.554,2.193,0.1647,0.257,0.217,0.8,-1
2280,1441.3,949.851,18.4064,0.0018,1.136,0.99,nan,0.043,0.052,nan,0.139,-6.828,3.54,0.1901,0.301,0.244,0.93,-1
2285,1455.83,1028.96,18.3846,0.0018,1.287,1.15,nan,0.044,0.059,nan,0.5053,-4.837,2.261,0.1717,0.264,0.236,0.7,-1
2289,1786.1,1757.61,18.4607,0.0018,1.052,0.891,nan,0.045,0.047,nan,0.1358,-6.748,2.888,0.1652,0.255,0.228,0.91,-1
2292,1756.63,1363.29,18.4584,0.0019,1.106,0.839,nan,0.045,0.04,nan,-0.235,-5.85,2.861,0.1727,0.27,0.241,0.83,-1
2294,936.998,1380.6,18.2713,0.0015,1.465,1.185,nan,0.041,0.062,nan,0.4102,-4.705,1.172,0.1795,0.248,0.233,0.74,-1
2296,889.44,1243.46,18.3463,0.0017,1.298,0.914,nan,0.042,0.052,nan,0.2435,-6.671,1.31,0.1671,0.237,0.23,0.83,-1
2297,1114.45,1533.72,18.4492,0.0023,1.283,1.068,nan,0.046,0.054,nan,-0.2874,-6.342,-0.261,0.1967,0.341,0.263,0.7,-1
2299,1038.25,1302.92,18.4094,0.0016,1.202,0.966,nan,0.042,0.051,nan,0.0358,-5.984,2.753,0.159,0.251,0.223,0.98,-1
2306,1549.91,1544.53,18.5098,0.0022,1.235,1.029,nan,0.041,0.046,nan,0.0541,-6.509,3.908,0.1836,0.278,0.254,0.88,-1
2310,1274.69,1648.67,18.3849,0.0018,1.245,1.009,nan,0.047,0.056,nan,0.2388,-3.907,0.675,0.1578,0.254,0.227,0.52,-1
2312,1013.56,1473.03,18.356,0.0018,1.311,1.037,nan,0.038,0.053,nan,0.3941,-10.857,5.908,0.1591,0.239,0.208,0.43,-1
2314,1113.17,1434.31,18.4666,0.002,1.174,0.966,nan,0.04,0.048,nan,0.2002,-5.882,3.058,0.172,0.268,0.235,0.95,-1
2318,1649.2,1029.88,18.4324,0.0015,1.32,0.979,nan,0.046,0.054,nan,0.1174,-5.448,3.812,0.1714,0.276,0.237,0.6,-1
2321,1063.55,1461.74,18.3339,0.0017,1.381,1.238,nan,0.043,0.064,nan,0.4725,-6.348,1.466,0.1453,0.238,0.211,0.78,-1
2324,1250.26,1991.53,18.3848,0.0017,1.198,0.962,nan,0.045,0.054,nan,0.7336,-7.054,2.879,0.1554,0.257,0.218,0.64,-1
2325,885.254,1835.37,18.4043,0.0019,1.241,1.049,nan,0.046,0.055,nan,-0.0346,-5.198,2.219,0.1609,0.269,0.226,0.96,-1
2328,1119.41,929.6,18.4689,0.0029,1.205,1.119,nan,0.062,0.069,nan,0.4649,-4.441,1.564,0.1736,0.28,0.238,0.96,-1
2329,1001.38,1800.87,18.2893,0.0022,1.448,1.176,nan,0.04,0.055,nan,0.6818,-13.427,0.263,0.1838,0.296,0.264,0.43,-1
2330,1186.9,1225.38,18.4338,0.0017,1.242,1.025,nan,0.042,0.045,nan,0.4204,-7.886,3.459,0.1633,0.266,0.232,0.44,-1
2331,1531.9,1281.33,18.406,0.0018,1.317,1.051,nan,0.041,0.054,nan,1.0181,-5.723,-1.507,0.1711,0.277,0.246,0.39,-1
2334,892.322,1765.47,18.2482,0.0016,1.536,1.118,nan,0.041,0.053,nan,-0.1547,-4.855,2.043,0.1397,0.241,0.221,0.42,-1
2343,887.878,1546.6,19.2472,0.0043,1.343,0.874,nan,0.061,0.066,nan,-0.0728,-3.481,2.434,0.4618,1.475,1.097,0.6,-1
2344,1546.31,1041.45,18.4527,0.0019,1.278,1.141,nan,0.042,0.07,nan,0.3363,-5.522,1.583,0.1836,0.271,0.231,0.81,-1
2345,969.373,1265.44,18.4125,0.0018,1.228,1.041,nan,0.044,0.056,nan,0.1979,-5.802,1.967,0.1652,0.25,0.238,0.96,-1
2348,987.692,1496.68,18.3035,0.0016,1.458,1.197,nan,0.039,0.064,nan,-0.1301,-4.343,1.793,0.1505,0.247,0.205,0.65,-1
2350,877.114,1170.37,18.4705,0.0016,1.168,0.933,nan,0.046,0.051,nan,0.4315,-4.887,2.808,0.1637,0.264,0.231,0.95,-1
2355,1691.13,1771.94,18.7636,0.0025,1.324,1.071,nan,0.068,0.081,nan,0.386,-6.512,2.737,0.21,0.325,0.281,0.92,-1
2358,1743.14,1511.89,18.4452,0.0019,1.247,1.147,nan,0.052,0.066,nan,0.1837,-5.456,1.433,0.1656,0.256,0.227,0.73,-1
2361,1098.44,1146.4,18.5007,0.002,1.246,0.972,nan,0.048,0.055,nan,0.3507,-6.716,2.653,0.2036,0.334,0.271,0.99,-1
2364,718.278,1506.3,18.4836,0.0024,1.235,1.084,nan,0.051,0.065,nan,0.3289,-10.735,2.65,0.1783,0.285,0.26,0.45,-1
2365,1237.92,1187.62,18.4881,0.0019,1.17,0.877,nan,0.045,0.047,nan,0.1588,-5.38,2.35,0.1846,0.276,0.241,0.97,-1
2371,1447.58,1671.02,18.2055,0.0017,1.71,1.279,nan,0.043,0.065,nan,0.6435,-13.618,7.316,0.1394,0.216,0.194,0.42,-1
2373,801.211,1658.89,18.4552,0.0019,1.158,0.995,nan,0.041,0.054,nan,0.5357,-7.803,3.659,0.1747,0.286,0.287,0.78,-1
2375,1306.85,1447.6,18.4332,0.0026,1.255,0.96,nan,0.045,0.048,nan,0.0123,-6.405,-0.101,0.1809,0.293,0.236,0.64,-1
2380,893.147,1370.78,18.554,0.0022,1.23,1.086,nan,0.052,0.062,nan,0.0281,-7.021,3.162,0.1744,0.295,0.259,0.82,-1
2383,1000.18,1453.44,18.4747,0.0017,1.229,0.991,nan,0.043,0.06,nan,0.1552,-5.359,1.026,0.1725,0.254,0.222,0.83,-1
2385,1757.62,1506.68,18.4724,0.0019,1.219,0.929,nan,0.047,0.05,nan,-0.1471,-7.254,3.06,0.1689,0.271,0.236,0.85,-1
2393,1419.79,1585.18,18.4325,0.002,1.377,0.985,nan,0.049,0.052,nan,0.034,-5.521,2.41,0.1778,0.275,0.23,0.62,-1
2397,784.221,1712.66,18.534,0.003,nan,1.2,nan,nan,0.074,nan,-0.5709,-3.131,0.339,0.2146,0.317,0.306,0.57,-1
2405,1685.28,1241.51,18.5251,0.002,1.309,1.154,nan,0.051,0.064,nan,0.1562,-8.509,1.696,0.1892,0.297,0.257,0.43,-1
2406,1241.77,1302.49,18.4949,0.0019,1.307,1.055,nan,0.049,0.058,nan,0.3078,-8.792,2.267,0.1799,0.281,0.25,0.71,-1
2409,1698.85,1602.49,18.5665,0.0025,1.108,1.006,nan,0.044,0.049,nan,0.3288,-2.843,0.713,0.1802,0.277,0.257,0.5,-1
2410,1184.12,1511.89,18.4627,0.0018,1.287,0.976,nan,0.046,0.058,nan,0.2815,-3.942,1.652,0.1768,0.284,0.243,0.89,-1
2412,1094.21,1951.85,18.4999,0.002,1.31,0.99,nan,0.041,0.046,nan,0.3202,-5.997,2.385,0.1864,0.29,0.257,0.98,-1
2413,1812.8,1639.35,18.6174,0.0022,1.236,1.061,nan,0.055,0.06,nan,0.3198,-5.032,1.935,0.1864,0.293,0.261,0.97,-1
2415,1573.07,1365.4,18.4868,0.0018,1.272,0.991,nan,0.039,0.052,nan,0.0823,-6.289,3.343,0.1712,0.272,0.236,0.98,-1
2422,1729.68,1671.95,18.5566,0.0022,1.124,0.962,nan,0.056,0.054,nan,0.0587,-4.804,1.077,0.1804,0.278,0.246,0.8,-1
2423,1255.7,1905.19,18.5263,0.002,1.12,1.053,nan,0.049,0.061,nan,0.2151,-6.65,3.573,0.2025,0.282,0.235,0.67,-1
2427,1074.14,1168.93,18.5019,0.0017,1.345,1.046,nan,0.044,0.057,nan,-0.1256,-6.268,4.145,0.1733,0.287,0.262,0.92,-1
2428,1317.45,1392.35,18.4539,0.0021,1.348,1.158,nan,0.043,0.054,nan,0.4936,-6.97,4.28,0.2267,0.319,0.246,0.65,-1
2430,1309.84,1897.96,18.61,0.0029,1.182,0.983,nan,0.049,0.055,nan,0.1324,-7.891,3.814,0.1916,0.301,0.269,0.6,-1
2436,1757.15,1869.97,18.5278,0.002,1.282,0.92,nan,0.047,0.053,nan,0.2436,-6.87,3.956,0.1887,0.292,0.255,0.62,-1
2437,1228.13,1615.8,18.4917,0.0023,1.327,1.128,nan,0.049,0.056,nan,-0.2196,-7.938,4.584,0.1777,0.288,0.272,0.81,-1
2441,1078.77,1139.74,18.4915,0.0029,1.408,0.998,nan,0.045,0.057,nan,0.5707,-3.21,5.944,0.1875,0.315,0.265,0.42,-1
2444,1578.56,1702.69,18.5884,0.0025,1.198,0.995,nan,0.049,0.061,nan,0.0731,-5.965,2.197,0.1822,0.278,0.245,1.0,-1
2445,1467.81,1252.59,18.5938,0.0021,1.169,1.044,nan,0.046,0.056,nan,0.2918,-6.195,2.42,0.1831,0.291,0.251,0.98,-1
2450,1323.4,1882.48,18.5474,0.0043,1.349,1.27,nan,0.05,0.069,nan,0.4083,-7.544,6.681,0.3278,0.524,0.478,0.44,-1
2452,1602.57,1631.85,18.485,0.0022,1.317,1.121,nan,0.043,0.054,nan,0.3361,-7.318,3.685,0.1767,0.272,0.241,0.91,-1
2453,1200.07,1289.05,18.5407,0.0019,1.257,1.035,nan,0.051,0.065,nan,0.2703,-4.298,3.254,0.1785,0.294,0.261,0.42,-1
2459,1586.55,1737.28,18.5649,0.002,1.182,1.09,nan,0.054,0.06,nan,-0.0745,-4.944,1.499,0.176,0.277,0.248,0.95,-1
2461,1502.0,1963.94,18.5799,0.005,1.415,0.947,nan,0.05,0.056,nan,1.185,-5.73,2.737,0.4323,0.664,0.597,1.0,-1
2474,1107.56,1250.65,18.5781,0.0021,1.369,1.209,nan,0.052,0.071,nan,0.2879,-5.474,1.416,0.2011,0.322,0.271,0.96,-1
2478,1573.65,1045.05,18.5263,0.0019,1.356,1.154,nan,0.042,0.063,nan,0.2288,-4.552,-0.425,0.1882,0.292,0.244,0.46,-1
2481,1374.89,1608.79,18.7573,0.0032,1.12,1.029,nan,0.065,0.068,nan,-0.1263,-7.045,1.994,0.2275,0.351,0.306,0.89,-1
2483,1248.59,1162.98,18.6597,0.0031,1.292,0.984,nan,0.052,0.065,nan,0.9601,-5.237,2.269,0.3173,0.511,0.431,0.94,-1
2485,1042.88,1422.56,18.7743,0.0027,1.212,1.057,nan,0.072,0.085,nan,0.5857,-5.266,3.892,0.2274,0.39,0.317,0.92,-1
2488,1174.76,1395.96,18.4789,0.0018,1.397,1.001,nan,0.048,0.058,nan,0.5106,-5.378,2.945,0.174,0.271,0.238,0.96,-1
2493,932.534,1169.29,18.601,0.0019,1.273,1.107,nan,0.044,0.057,nan,0.465,-5.179,2.504,0.1837,0.303,0.251,0.99,-1
2495,1356.26,1876.77,18.5694,0.0022,1.173,0.904,nan,0.052,0.057,nan,0.1951,-8.125,5.082,0.1802,0.29,0.259,0.44,-1
2496,870.006,1571.81,18.5534,0.0018,1.258,0.989,nan,0.048,0.061,nan,0.4688,-7.243,3.638,0.1737,0.269,0.258,0.69,-1
2497,1198.75,1791.62,18.6044,0.0023,1.285,0.913,nan,0.05,0.06,nan,0.1638,-6.155,2.449,0.2081,0.297,0.264,0.99,-1
2500,1267.49,1382.63,18.577,0.0025,1.193,0.976,nan,0.056,0.054,nan,0.2436,-5.545,2.095,0.2091,0.325,0.272,0.98,-1
2502,1026.27,1748.02,18.5229,0.0019,1.453,1.265,nan,0.051,0.071,nan,0.2658,-4.943,2.243,0.1739,0.279,0.25,0.42,-1
2503,1822.9,1319.96,18.6747,0.0023,1.224,1.225,nan,0.047,0.059,nan,0.4492,-1.657,0.256,0.2044,0.313,0.271,0.43,-1
2507,1753.94,1816.38,18.6604,0.0032,1.212,0.961,nan,0.054,0.06,nan,0.0197,-5.36,1.113,0.287,0.445,0.399,0.94,-1
2512,1609.73,1290.04,18.4881,0.0018,1.418,1.0,nan,0.047,0.062,nan,0.2397,-6.411,3.059,0.1825,0.291,0.252,0.99,-1
2514,921.698,1674.74,18.6868,0.0028,1.247,0.901,nan,0.051,0.069,nan,-0.1153,-5.642,-0.235,0.2021,0.328,0.312,0.68,-1
2525,1157.1,1170.68,18.6594,0.002,1.306,1.045,nan,0.049,0.065,nan,0.0492,-3.721,1.947,0.1877,0.3,0.258,0.9,-1
2526,1616.5,1472.66,18.6067,0.002,1.319,0.988,nan,0.051,0.065,nan,0.376,-5.094,1.039,0.1832,0.297,0.261,0.98,-1
2529,1079.67,1500.97,18.5575,0.002,1.331,0.922,nan,0.047,0.064,nan,-0.2108,-5.296,2.851,0.1867,0.314,0.279,0.92,-1
2530,1113.85,1667.25,18.5559,0.0021,1.427,1.368,nan,0.047,0.075,nan,0.4551,-4.524,2.79,0.1861,0.286,0.26,0.63,-1
2534,1062.11,1369.19,18.5752,0.0018,1.365,1.059,nan,0.051,0.059,nan,0.5937,-5.435,2.171,0.1908,0.301,0.276,0.96,-1
2537,1555.4,1337.17,18.6359,0.0024,1.271,1.019,nan,0.054,0.057,nan,0.2203,-5.895,2.008,0.2173,0.314,0.274,0.79,-1
2543,1850.12,1439.53,19.6236,0.006,1.214,1.084,nan,0.07,0.069,nan,0.5622,-8.916,0.26,0.5707,1.401,1.089,0.4,-1
2546,1379.96,1660.66,18.6965,0.0027,1.171,0.92,nan,0.052,0.055,nan,0.4157,-7.595,4.324,0.1992,0.336,0.298,0.82,-1
2547,1368.88,1630.74,18.7442,0.0026,1.171,1.128,nan,0.057,0.067,nan,0.2751,-6.086,2.848,0.2104,0.34,0.283,0.83,-1
2548,1354.08,1510.49,18.6981,0.0024,1.167,0.882,nan,0.049,0.061,nan,-0.1829,-6.825,1.804,0.191,0.325,0.309,0.94,-1
2549,1017.17,1819.21,18.6248,0.002,1.397,1.086,nan,0.091,0.063,nan,-0.0748,-7.613,2.624,0.1831,0.296,0.259,0.83,-1
2552,1563.18,1814.12,18.6319,0.0021,1.287,0.973,nan,0.048,0.056,nan,0.1061,-7.142,3.798,0.1886,0.285,0.253,0.73,-1
2553,1588.63,1823.97,18.623,0.0022,1.284,1.209,nan,0.051,0.08,nan,0.1511,-7.826,1.272,0.2091,0.3,0.277,0.68,-1
2555,1607.61,1404.69,18.6903,0.0025,1.288,1.032,nan,0.047,0.067,nan,0.1935,-9.669,-0.374,0.2148,0.369,0.341,0.4,-1
2558,1412.88,1790.4,19.5246,0.0065,1.451,1.175,nan,0.051,0.065,nan,-0.5482,-5.308,1.664,0.444,0.801,0.529,0.62,-1
2561,739.279,1700.22,18.6816,0.002,1.296,1.092,nan,0.055,0.076,nan,0.2011,-6.046,2.828,0.196,0.306,0.271,0.67,-1
2564,1704.12,1696.39,18.6075,0.0021,1.316,1.078,nan,0.051,0.07,nan,0.0205,-4.939,1.933,0.1927,0.293,0.26,0.98,-1
2568,764.491,1606.41,18.571,0.0021,1.417,1.096,nan,0.055,0.079,nan,0.7057,-9.936,4.246,0.1769,0.302,0.274,0.4,-1
2572,1543.22,1211.03,18.7055,0.0021,1.28,0.943,nan,0.048,0.062,nan,0.2032,-5.257,2.328,0.2108,0.338,0.29,0.97,-1
2574,1813.32,1470.45,18.7759,0.0024,1.182,1.048,nan,0.055,0.068,nan,0.1182,-7.115,2.198,0.2451,0.397,0.322,0.92,-1
2575,1405.03,1705.55,18.6106,0.0022,1.418,1.182,nan,0.05,0.069,nan,0.3025,-5.213,2.102,0.1837,0.291,0.259,0.98,-1
2577,1104.47,1363.89,18.6978,0.0021,1.203,0.907,nan,0.059,0.07,nan,0.459,-7.124,3.704,0.1912,0.31,0.264,0.9,-1
2588,1532.05,1890.8,18.7465,0.0022,1.233,0.844,nan,0.063,0.065,nan,-0.2376,-5.613,0.665,0.1943,0.308,0.272,0.53,-1
2591,1426.15,977.045,18.6251,0.002,1.31,1.017,nan,0.054,0.07,nan,0.1774,-4.884,2.231,0.1946,0.304,0.273,0.87,-1
2601,1454.98,1979.32,18.8142,0.0024,1.11,0.927,nan,0.063,0.068,nan,0.201,-5.525,2.137,0.2119,0.327,0.291,0.7,-1
2602,1185.18,1520.58,18.6622,0.0022,1.314,1.01,nan,0.051,0.072,nan,-0.0899,-4.061,1.857,0.1984,0.303,0.267,0.92,-1
2608,997.895,1334.91,18.7982,0.0022,1.216,0.975,nan,0.049,0.069,nan,0.1495,-4.443,1.593,0.2079,0.345,0.28,0.54,-1
2609,1478.98,1123.4,18.7107,0.0023,1.374,1.0,nan,0.051,0.068,nan,0.6021,-5.279,3.066,0.2343,0.38,0.283,0.9,-1
2616,1268.16,1961.44,18.7139,0.0021,1.279,0.776,nan,0.078,0.079,nan,-0.0422,-5.162,1.92,0.1925,0.313,0.271,0.79,-1
2617,1837.08,1438.47,18.7292,0.0023,1.373,1.291,nan,0.05,0.098,nan,0.8683,-1.841,0.631,0.2215,0.346,0.287,0.41,-1
2622,1870.76,1453.3,18.781,0.0023,1.293,0.879,nan,0.058,0.059,nan,-0.044,-6.842,3.187,0.2531,0.418,0.341,0.89,-1
2627,1405.61,1289.68,18.752,0.0037,1.169,0.982,nan,0.065,0.076,nan,1.2174,4.362,-2.756,0.3966,1.189,0.732,0.42,-1
2630,1429.52,1246.92,18.7327,0.0023,1.357,0.96,nan,0.062,0.074,nan,-0.0748,-5.221,2.419,0.2578,0.364,0.293,0.75,-1
2634,1039.55,1921.36,18.8374,0.0029,1.462,0.883,nan,0.074,0.084,nan,0.1623,-5.845,3.654,0.2213,0.376,0.312,0.4,-1
2637,1561.47,1354.93,18.7796,0.0023,1.287,0.983,nan,0.066,0.076,nan,-0.0976,-3.852,3.323,0.2168,0.358,0.297,0.78,-1
2639,1524.27,1535.07,18.642,0.0022,1.432,1.18,nan,0.06,0.085,nan,0.5134,-3.472,-0.316,0.1867,0.29,0.264,0.41,-1
2642,934.753,1628.75,18.8799,0.0021,1.135,0.979,nan,0.065,0.072,nan,0.2888,-3.814,2.092,0.2165,0.346,0.297,0.77,-1
2643,1136.46,1850.06,18.8409,0.0026,1.216,0.976,nan,0.062,0.075,nan,0.3554,-5.553,-1.658,0.2156,0.357,0.314,0.39,-1
2648,1029.85,1533.77,18.7219,0.0022,1.517,1.156,nan,0.054,0.095,nan,0.4418,-6.246,3.163,0.2109,0.335,0.28,0.78,-1
2651,1285.69,1113.69,18.8601,0.0025,1.329,1.0,nan,0.053,0.066,nan,0.4819,-5.452,3.523,0.2223,0.365,0.301,0.43,-1
2655,1322.66,1822.81,18.8794,0.0028,1.171,0.879,nan,0.061,0.07,nan,0.1675,-4.982,1.928,0.2164,0.355,0.299,0.84,-1
2664,1107.99,948.075,18.8145,0.0026,1.279,1.025,nan,0.07,0.084,nan,0.1795,-6.582,3.06,0.2363,0.368,0.327,0.65,-1
2665,1412.85,1757.33,18.8947,0.0028,1.32,0.82,nan,0.071,0.078,nan,-0.302,-4.231,1.532,0.2322,0.366,0.313,0.85,-1
2667,1233.82,1922.42,18.8968,0.0022,1.278,1.024,nan,0.07,0.095,nan,0.1393,-6.118,2.039,0.2322,0.387,0.3,0.78,-1
2670,1616.58,1122.77,18.9182,0.0026,1.347,1.065,nan,0.054,0.084,nan,-0.3897,-4.796,2.525,0.253,0.418,0.364,0.57,-1
2672,908.151,1243.98,18.9292,0.0023,1.321,1.082,nan,0.072,0.096,nan,0.402,-6.914,2.138,0.2238,0.371,0.313,0.57,-1
2674,1253.72,1137.86,18.8757,0.0023,1.476,1.102,nan,0.065,0.094,nan,0.2597,-7.933,3.825,0.2399,0.407,0.33,0.42,-1
2682,1243.89,1606.31,18.9896,0.0032,1.34,1.147,nan,0.076,0.099,nan,-0.3389,-5.485,0.451,0.3035,0.531,0.43,0.4,-1
2687,1418.18,1684.71,19.0385,0.0034,nan,0.895,nan,nan,0.08,nan,0.4773,-5.563,1.559,0.2618,0.464,0.362,0.43,-1
2689,1342.75,970.536,19.0825,0.0033,nan,0.903,nan,nan,0.082,nan,-0.0654,-9.123,2.911,0.3001,0.516,0.397,0.41,-1
580,1189.59,1830.16,16.4186,0.0008,1.069,0.878,nan,0.015,0.015,nan,0.2196,-6.45,2.14,0.0717,0.13,0.104,0.52,-1
309,1146.37,1634.88,15.1545,0.0005,1.9,1.721,nan,0.014,0.013,nan,0.1273,-6.86,3.4,0.0349,0.053,0.052,0.56,-1
1294,1561.28,1628.89,17.4077,0.0012,1.234,0.916,nan,0.028,0.034,nan,0.2286,-2.653,2.159,0.0873,0.147,0.124,0.47,-1
1126,1135.35,1442.73,17.3539,0.001,1.048,0.796,nan,0.019,0.019,nan,0.3771,-4.33,0.963,0.0879,0.147,0.126,0.69,-1
1136,1710.28,1382.39,17.2999,0.0011,1.189,0.922,nan,0.019,0.02,nan,0.1954,-6.042,2.416,0.0925,0.148,0.129,0.5,-1
1442,1119.06,1951.57,17.4535,0.0011,1.546,1.258,nan,0.024,0.032,nan,0.7861,-5.358,2.227,0.0952,0.16,0.136,0.45,-1
676,875.185,1591.0,16.5623,0.0006,1.187,1.028,nan,0.014,0.013,nan,0.4329,-9.614,6.337,0.0524,0.091,0.078,0.53,-1
995,1649.05,1266.84,16.8283,0.0008,1.712,1.503,nan,0.017,0.026,nan,0.1902,-5.167,1.664,0.0682,0.118,0.099,0.48,-1
1604,1462.65,1162.87,17.7879,0.0029,1.393,1.138,nan,0.034,0.035,nan,0.261,-3.893,3.372,0.1278,0.208,0.17,0.45,-1
1742,1739.76,1344.42,17.748,0.0013,1.541,1.13,nan,0.025,0.032,nan,0.1207,-3.442,1.79,0.1136,0.185,0.16,0.46,-1
927,1063.36,1792.74,17.0931,0.001,0.941,0.708,nan,0.018,0.019,nan,0.0771,-6.805,2.254,0.1047,0.167,0.144,0.48,-1
1172,706.228,1563.95,17.2138,0.0009,1.357,1.006,nan,0.019,0.025,nan,-0.0534,-5.463,2.403,0.0765,0.13,0.11,0.48,-1
1945,1055.69,1931.06,17.968,0.0015,1.436,1.253,nan,0.043,0.049,nan,0.554,-8.386,1.768,0.1241,0.198,0.165,0.42,-1
1971,941.33,1871.33,18.1161,0.0015,1.177,0.886,nan,0.04,0.041,nan,0.3182,-7.141,6.36,0.1422,0.229,0.199,0.45,-1
1916,1616.85,1942.39,18.1327,0.0021,1.221,1.074,nan,0.038,0.04,nan,0.002,-3.781,1.395,0.1955,0.285,0.247,0.76,-1
650,1213.51,1724.99,16.1244,0.0013,1.927,1.673,nan,0.023,0.029,nan,0.3267,-4.68,3.384,0.0853,0.139,0.126,0.47,-1
1462,1639.34,1908.57,17.6764,0.0014,1.083,0.81,nan,0.028,0.029,nan,0.2547,-5.597,2.012,0.1093,0.162,0.142,0.65,-1
2117,1222.89,1897.85,18.2917,0.0016,1.147,0.894,nan,0.04,0.046,nan,0.2115,-2.211,2.535,0.1557,0.264,0.232,0.43,-1
1995,737.345,1629.66,18.0513,0.0014,1.394,1.112,nan,0.036,0.046,nan,-0.0061,-7.161,2.584,0.1286,0.209,0.192,0.43,-1
1063,768.999,1498.35,17.2358,0.0009,1.139,0.875,nan,0.018,0.02,nan,0.3631,-3.825,0.741,0.0785,0.13,0.117,0.5,-1
1924,1426.67,1850.05,18.1189,0.0017,1.085,0.847,nan,0.038,0.036,nan,0.1666,-7.952,3.628,0.1384,0.213,0.184,0.45,-1
822,1024.76,1996.84,16.5212,0.0007,1.805,1.648,nan,0.017,0.025,nan,0.1808,-3.481,2.3,0.0538,0.095,0.076,0.48,-1
1929,1725.77,1367.23,18.1136,0.0015,1.178,0.994,nan,0.056,0.062,nan,-0.0343,-5.114,2.296,0.1372,0.215,0.192,0.46,-1
2473,1697.78,1850.16,18.7041,0.0023,1.104,0.973,nan,0.055,0.073,nan,0.2204,-7.262,3.192,0.2035,0.308,0.273,0.95,-1
2487,1489.55,1945.98,18.551,0.0022,nan,1.002,nan,nan,0.067,nan,-1.052,-6.341,1.758,0.2203,0.348,0.302,0.85,-1
1994,1609.4,1172.22,18.2,0.0016,1.189,1.029,nan,0.036,0.044,nan,0.3241,-7.998,3.286,0.1458,0.241,0.215,0.81,-1
2660,1407.01,1839.25,18.9587,0.0032,1.092,1.102,nan,0.064,0.093,nan,0.0084,-3.827,0.825,0.2888,0.5,0.355,0.4,-1
