ID,x,y,Gmag,e_Gmag,VI,BV,VIerr,BVerr,MP,sel
707,1352.0,1080.04,16.5805,0.0008,0.811,0.575,0.014,0.011,0.968,1
722,1313.25,1602.88,16.6146,0.0008,0.719,0.515,0.017,0.013,0.966,1
494,975.728,1002.05,16.0742,0.0007,0.715,0.489,0.01,0.008,0.965,1
440,1165.0,1326.15,15.8419,0.0005,0.765,0.536,0.011,0.009,0.962,1
436,1028.77,1295.2,15.8739,0.0007,0.603,0.415,0.01,0.007,0.96,1
466,1367.83,1529.04,15.9881,0.0009,0.605,0.419,0.013,0.01,0.96,1
730,1071.49,905.579,16.5766,0.0008,0.789,0.571,0.018,0.015,0.96,1
1235,864.11,1036.86,17.344,0.0009,0.964,0.719,0.021,0.019,0.96,1
1338,1019.49,1736.22,17.368,0.001,1.097,0.824,0.023,0.022,0.96,1
239,1161.58,978.007,15.0416,0.0004,0.658,0.431,0.016,0.012,0.957,1
405,1372.98,1205.53,15.7768,0.0005,0.636,0.414,0.009,0.007,0.955,1
447,1187.08,1299.03,15.9051,0.0006,0.648,0.45,0.012,0.008,0.955,1
716,1122.72,1541.96,16.5956,0.0008,0.7,0.534,0.015,0.013,0.953,1
108,1382.9,1434.36,14.1277,0.0005,0.564,0.332,0.011,0.008,0.952,1
589,1012.31,984.665,16.3021,0.0007,0.686,0.49,0.02,0.013,0.952,1
767,914.953,973.696,16.6898,0.001,0.695,0.548,0.022,0.021,0.95,1
899,1212.14,817.365,16.8871,0.001,0.785,0.606,0.02,0.016,0.95,1
959,950.562,1434.62,16.9955,0.0009,0.814,0.629,0.02,0.015,0.95,1
1306,835.512,1162.73,17.3593,0.0011,1.055,0.777,0.019,0.022,0.95,1
257,919.514,1142.09,15.2007,0.0004,0.5,0.338,0.007,0.006,0.949,1
348,834.365,1284.71,15.5667,0.0004,0.599,0.393,0.01,0.009,0.949,1
51,1197.46,1063.97,13.3515,0.0003,0.627,0.381,0.007,0.005,0.948,1
627,967.381,1171.44,16.4056,0.0007,0.68,0.417,0.015,0.013,0.948,1
116,1075.05,885.133,14.2655,0.0003,0.599,0.372,0.016,0.012,0.947,1
282,1386.11,969.859,15.2608,0.0005,0.578,0.425,0.015,0.012,0.947,1
295,1133.39,1201.45,15.3232,0.0004,0.559,0.366,0.008,0.006,0.947,1
176,1273.68,1175.9,14.7417,0.0003,0.643,0.415,0.008,0.005,0.946,1
414,1256.91,1296.44,15.8122,0.0006,0.625,0.394,0.009,0.007,0.946,1
695,1267.57,1760.88,16.5161,0.0007,0.733,0.522,0.02,0.013,0.945,1
83,1282.05,864.334,13.8471,0.0003,0.61,0.377,0.014,0.011,0.944,1
299,1324.82,1303.97,15.3259,0.0004,0.6,0.385,0.01,0.007,0.944,1
350,1133.39,1245.22,15.6082,0.0006,0.622,0.413,0.012,0.007,0.944,1
395,1197.41,1313.66,15.7373,0.0005,0.622,0.429,0.01,0.007,0.944,1
143,1340.84,1373.74,14.5386,0.0003,0.605,0.367,0.011,0.007,0.943,1
713,1175.55,989.195,16.5187,0.0009,0.736,0.497,0.022,0.02,0.943,1
69,970.824,1120.83,13.6852,0.0003,0.475,0.276,0.006,0.005,0.942,1
109,1121.88,1323.95,14.1496,0.0003,0.616,0.391,0.009,0.006,0.942,1
123,1080.86,1551.58,14.3332,0.0003,0.607,0.38,0.014,0.01,0.941,1
52,1041.94,1221.41,13.3769,0.0006,0.522,0.306,0.017,0.006,0.94,1
769,803.628,1223.52,16.6906,0.0008,0.787,0.563,0.014,0.012,0.94,1
1015,1609.75,1186.28,16.8622,0.0008,1.358,1.04,0.017,0.019,0.94,1
909,1099.62,1558.01,16.9162,0.001,0.815,0.612,0.071,0.055,0.94,1
1107,1122.82,1094.03,17.0968,0.0011,1.233,0.918,0.016,0.019,0.94,1
1061,1396.91,970.061,17.1077,0.0009,0.817,0.629,0.026,0.021,0.94,1
1185,1411.31,1619.86,17.2654,0.0013,0.875,0.667,0.021,0.02,0.94,1
1375,1543.04,1511.27,17.4445,0.0012,1.065,0.812,0.022,0.022,0.94,1
1301,847.512,1135.15,17.519,0.001,0.848,0.882,0.046,0.044,0.94,1
13,1236.16,1606.28,11.7496,0.0003,1.552,1.37,0.009,0.009,0.939,1
534,1169.03,1732.97,16.1688,0.0007,0.665,0.474,0.019,0.015,0.939,1
670,1165.39,1260.89,16.5132,0.0009,0.735,0.547,0.014,0.01,0.939,1
841,1060.42,1243.87,16.8216,0.001,0.827,0.612,0.014,0.013,0.939,1
183,1287.17,1275.0,14.7817,0.0003,0.608,0.377,0.009,0.006,0.937,1
198,1568.3,1477.57,14.8374,0.0003,0.606,0.362,0.011,0.008,0.937,1
157,942.757,1030.98,14.6591,0.0003,0.566,0.355,0.006,0.005,0.936,1
278,1303.25,1570.2,15.2333,0.0005,0.566,0.345,0.015,0.012,0.935,1
302,1067.4,1268.43,15.3591,0.0004,0.639,0.415,0.009,0.006,0.934,1
438,848.474,1176.06,15.8903,0.0006,0.555,0.378,0.009,0.009,0.933,1
59,858.592,1664.69,13.5291,0.0003,0.534,0.332,0.014,0.01,0.932,1
612,967.788,1181.0,16.3795,0.0008,0.648,0.455,0.013,0.01,0.931,1
870,981.322,1621.52,16.8471,0.0009,0.824,0.617,0.019,0.015,0.93,1
966,1056.43,887.935,16.9754,0.0009,0.868,0.617,0.021,0.019,0.93,1
1168,1366.82,1130.83,17.2347,0.0011,1.034,0.721,0.02,0.016,0.93,1
1204,1079.62,1202.36,17.261,0.0013,1.04,0.722,0.02,0.019,0.93,1
1220,1295.45,894.535,17.2876,0.0011,0.923,0.72,0.024,0.024,0.93,1
104,781.829,1449.29,14.0908,0.0003,0.591,0.354,0.013,0.009,0.929,1
625,1250.21,1356.17,16.3444,0.0007,0.907,0.661,0.013,0.011,0.929,1
62,1270.04,1452.65,13.5577,0.0002,0.659,0.395,0.011,0.008,0.924,1
280,1110.55,1445.44,15.2274,0.0004,0.675,0.435,0.013,0.009,0.924,1
488,812.648,1118.57,16.0713,0.0006,0.635,0.462,0.01,0.009,0.924,1
119,1181.5,1405.91,14.303,0.0003,0.628,0.378,0.011,0.007,0.923,1
1112,1231.31,891.933,17.1244,0.0009,1.038,0.764,0.024,0.026,0.92,1
1442,1150.83,1413.37,17.5264,0.0013,1.099,0.787,0.022,0.021,0.92,1
578,1122.11,1373.28,16.2975,0.0007,0.71,0.508,0.013,0.01,0.918,1
15,1330.94,1142.37,11.8161,0.0003,1.721,1.587,0.009,0.005,0.916,1
648,1228.19,1532.12,16.447,0.0007,0.744,0.532,0.016,0.013,0.915,1
577,970.52,1697.15,16.2169,0.0006,0.903,0.645,0.018,0.014,0.912,1
121,1151.48,1251.84,14.3521,0.0004,0.544,0.335,0.007,0.005,0.911,1
975,1084.76,961.423,16.9927,0.0008,0.875,0.694,0.025,0.019,0.91,1
64,1131.41,921.234,13.596,0.0003,0.609,0.379,0.012,0.009,0.909,1
343,1287.42,1266.74,15.546,0.0007,0.638,0.413,0.009,0.008,0.905,1
475,1094.48,1401.73,16.0026,0.0007,0.695,0.487,0.011,0.008,0.905,1
392,1057.58,1371.66,15.723,0.0007,0.67,0.451,0.014,0.009,0.902,1
78,1257.99,1464.52,13.7519,0.0003,0.654,0.386,0.01,0.008,0.901,1
1026,932.364,1194.15,17.0455,0.0011,1.02,0.781,0.017,0.016,0.9,1
0,1556.66,1460.15,17.0502,0.0011,0.861,0.607,0.015,0.016,0.9,1
1363,796.511,1600.31,17.458,0.0012,0.976,0.741,0.026,0.024,0.9,1
1021,1297.31,989.12,17.0015,0.0009,0.81,0.625,0.025,0.023,0.899,1
28,1205.71,1075.56,12.6853,0.001,0.548,0.298,0.006,0.004,0.898,1
90,1169.4,1212.46,13.935,0.0003,0.573,0.336,0.008,0.005,0.898,1
205,842.388,1274.07,14.9097,0.0004,0.564,0.38,0.009,0.007,0.897,1
172,1337.26,1191.52,14.7395,0.0003,0.609,0.379,0.007,0.005,0.895,1
213,945.291,855.099,14.9445,0.0005,0.599,0.363,0.016,0.013,0.894,1
266,1283.5,1024.87,15.2165,0.0004,0.609,0.403,0.009,0.006,0.893,1
250,1096.64,1416.59,15.1265,0.0004,0.619,0.389,0.011,0.008,0.891,1
515,1215.78,1353.06,16.1129,0.0008,0.769,0.517,0.013,0.009,0.891,1
1435,1039.94,955.31,17.5017,0.0019,1.016,0.843,0.034,0.026,0.89,1
1489,884.141,1342.63,17.5716,0.0014,1.077,0.774,0.023,0.024,0.89,1
168,931.36,1003.13,14.7158,0.0004,0.594,0.385,0.007,0.006,0.889,1
300,1024.93,1179.19,15.3709,0.0004,0.555,0.351,0.009,0.006,0.886,1
384,1240.96,1288.3,15.689,0.0005,0.614,0.419,0.011,0.006,0.886,1
486,1015.13,1076.63,16.0619,0.0007,0.665,0.465,0.009,0.008,0.885,1
355,1479.82,1523.38,15.5581,0.0004,0.668,0.433,0.014,0.011,0.884,1
364,1096.97,1472.28,15.5831,0.0005,0.723,0.493,0.013,0.009,0.882,1
1450,1246.69,1454.15,17.5823,0.0019,1.07,0.809,0.026,0.025,0.88,1
1481,1505.05,1037.53,17.6667,0.0035,1.15,0.809,0.027,0.024,0.88,1
181,1033.32,1423.44,14.8079,0.0004,0.555,0.382,0.014,0.012,0.879,1
604,1196.89,1325.64,16.3521,0.0007,0.692,0.502,0.013,0.01,0.879,1
120,1308.32,1344.85,14.3103,0.0003,0.635,0.404,0.009,0.006,0.876,1
217,965.119,1251.93,14.9867,0.0005,0.51,0.319,0.008,0.006,0.876,1
95,1119.19,1775.31,13.9802,0.0003,0.571,0.355,0.017,0.013,0.873,1
1371,1267.37,1656.8,17.4036,0.001,1.116,0.861,0.026,0.025,0.87,1
321,1236.23,1371.92,15.477,0.0008,0.648,0.421,0.015,0.013,0.866,1
448,1228.87,1208.58,15.9463,0.0008,0.603,0.45,0.009,0.007,0.864,1
663,1154.46,1387.42,16.4744,0.0008,0.776,0.533,0.015,0.012,0.861,1
325,1215.83,1329.05,15.4667,0.0005,0.688,0.459,0.009,0.006,0.856,1
824,1290.65,1520.31,16.7874,0.0012,0.778,0.593,0.017,0.013,0.853,1
875,1560.54,1009.6,16.8902,0.0008,0.827,0.622,0.017,0.015,0.85,1
158,1209.59,865.322,14.6212,0.0003,0.656,0.441,0.016,0.013,0.842,1
153,1180.41,1645.38,14.6063,0.0004,0.559,0.361,0.017,0.012,0.84,1
1285,1285.95,1317.81,17.3432,0.0012,1.008,0.738,0.019,0.019,0.84,1
215,1215.01,1407.98,14.937,0.0004,0.652,0.419,0.011,0.008,0.834,1
94,1181.49,1540.97,13.9702,0.0002,0.627,0.391,0.013,0.01,0.833,1
775,1305.04,1381.38,16.6913,0.0007,0.776,0.563,0.017,0.013,0.83,1
1228,763.43,1206.61,17.2903,0.0012,0.972,0.714,0.019,0.019,0.77,1
2714,1138.87,1010.15,18.9861,0.0027,1.34,0.981,0.066,0.081,0.77,1
1642,1283.38,845.342,17.7563,0.0011,1.09,0.812,0.03,0.029,0.74,1
353,1221.78,1121.82,15.6115,0.001,0.64,0.416,0.013,0.007,0.736,1
725,1094.83,1528.31,16.5453,0.0012,0.911,0.697,0.016,0.013,0.72,1
236,1436.52,1036.57,15.1016,0.0003,0.597,0.377,0.007,0.006,0.699,1
504,1041.34,1630.68,16.0062,0.0006,0.889,0.645,0.018,0.014,0.697,1
1230,787.386,1345.5,17.27,0.0012,1.086,0.86,0.019,0.019,0.69,1
603,1541.35,1351.37,16.2941,0.0006,0.878,0.649,0.015,0.012,0.684,1
68,1051.36,1494.97,13.6456,0.0002,0.61,0.38,0.012,0.009,0.668,1
594,1091.48,814.004,16.2688,0.0008,0.894,0.687,0.017,0.013,0.667,1
27,1204.78,1573.62,12.6583,0.0006,0.654,0.398,0.011,0.009,0.659,1
102,1368.69,826.763,14.0901,0.0004,0.541,0.326,0.014,0.012,0.639,1
85,1139.63,1491.43,13.421,0.0003,1.667,1.538,0.01,0.008,0.608,1
303,855.806,1433.27,15.3546,0.0011,0.713,0.535,0.014,0.01,0.56,1
697,1336.42,1309.02,16.4961,0.0007,0.903,0.67,0.012,0.01,0.51,1
1038,1330.81,848.394,16.9678,0.001,1.103,0.822,0.019,0.017,0.51,1
1416,798.733,1013.33,17.4739,0.001,1.25,0.959,0.018,0.022,0.51,1
709,745.263,1022.66,16.5265,0.0007,0.924,0.705,0.012,0.013,0.501,1
1127,1106.89,1450.44,17.1405,0.002,1.049,0.718,0.032,0.033,0.5,1
304,1247.23,1580.65,15.3031,0.0005,0.81,0.607,0.016,0.012,0.492,1
114,1299.33,1702.74,14.2728,0.0004,0.511,0.352,0.016,0.011,0.485,1
561,997.157,1683.82,16.1612,0.0007,0.933,0.702,0.019,0.013,0.482,1
543,1388.44,1624.36,16.14,0.0009,0.891,0.641,0.021,0.014,0.443,1
717,692.005,1231.52,16.543,0.0007,0.924,0.692,0.013,0.011,0.44,1
1362,1063.22,1568.73,16.7961,0.0009,2.16,1.894,0.022,0.035,0.44,1
544,1170.06,1235.42,15.2686,0.0005,2.405,2.068,0.01,0.018,0.41,1
2717,1269.08,1388.38,18.7551,0.003,1.602,1.239,0.063,0.094,0.41,1
2617,766.458,1051.77,18.5562,0.0019,1.511,1.085,0.048,0.075,0.39,1
513,1042.76,1375.61,16.0526,0.0008,0.869,0.722,0.013,0.01,0.369,1
2285,1421.37,1054.6,18.2184,0.0016,1.541,1.179,0.041,0.058,0.36,1
2327,689.122,1222.97,18.2502,0.0014,1.487,1.172,0.039,0.063,0.34,1
93,1367.22,1547.49,14.008,0.0006,0.518,0.366,0.014,0.009,0.322,1
1813,1035.67,1539.68,17.3761,0.0012,2.146,1.763,0.026,0.062,0.32,1
508,1574.05,1084.3,16.0534,0.0007,0.884,0.662,0.009,0.009,0.313,1
1293,1535.41,1043.51,16.7597,0.001,2.122,1.813,0.016,0.04,0.3,1
1602,1460.89,1329.88,17.1868,0.0011,2.091,1.779,0.021,0.044,0.3,1
454,1135.9,1541.62,15.8481,0.0006,0.895,0.669,0.016,0.012,0.292,1
675,1361.49,1687.87,16.4438,0.0008,0.885,0.647,0.019,0.015,0.263,1
616,1607.56,1170.56,16.4068,0.0044,0.89,0.625,0.022,0.013,0.246,1
939,1403.35,1616.44,16.6728,0.0008,1.456,1.314,0.018,0.02,0.2,1
2529,982.346,1081.24,19.8968,0.0088,1.525,1.247,0.056,0.072,0.2,1
10,1089.73,1086.18,12.078,0.0003,0.424,0.304,0.005,0.003,0.161,1
572,1087.9,925.383,15.5548,0.0005,2.115,1.802,0.017,0.022,0.14,1
227,1207.87,921.167,14.7382,0.0096,1.569,0.795,0.018,0.014,0.0,1
2283,1358.02,1241.2,18.8839,0.0087,1.51,1.216,0.049,0.057,0.0,1
1732,1528.45,1359.71,17.8538,0.0014,1.173,0.858,0.03,0.036,0.94,0
1730,959.483,1177.57,17.8836,0.0014,1.09,0.764,0.029,0.032,0.94,0
1957,1586.37,1094.6,18.0881,0.0014,1.271,0.943,0.033,0.038,0.94,0
2008,761.596,1083.72,18.1084,0.0014,1.283,0.914,0.031,0.042,0.94,0
942,811.57,1282.4,16.9444,0.0009,0.952,0.659,0.017,0.015,0.93,0
1149,1208.21,854.442,17.2009,0.0011,0.928,0.697,0.021,0.019,0.93,0
1617,1132.46,1294.85,17.7583,0.0012,1.084,0.823,0.026,0.026,0.93,0
1785,1359.02,1262.43,17.8916,0.0014,1.158,0.843,0.027,0.032,0.93,0
1946,1411.89,1308.14,18.069,0.0015,1.212,0.899,0.029,0.035,0.93,0
1130,990.899,1708.9,17.1516,0.001,0.998,0.687,0.023,0.019,0.92,0
1986,859.844,1104.16,18.1705,0.0013,1.173,0.848,0.034,0.039,0.92,0
2130,1461.97,1352.83,18.1786,0.0016,1.288,0.919,0.032,0.039,0.92,0
2364,1132.4,1734.57,18.3329,0.0017,1.32,1.04,0.042,0.054,0.91,0
2083,993.029,1009.63,18.2764,0.0048,1.329,1.02,0.03,0.048,0.9,0
1668,1319.7,1723.72,17.7725,0.0014,1.046,0.76,0.037,0.03,0.89,0
1238,1382.1,1257.42,18.3653,0.0022,1.138,0.992,0.062,0.046,0.89,0
2363,1201.39,1347.52,18.4247,0.0019,1.194,0.969,0.04,0.056,0.89,0
1685,1457.03,1385.15,17.7918,0.0013,1.118,0.795,0.026,0.026,0.88,0
1877,1391.17,1194.84,18.0589,0.0014,1.211,0.97,0.025,0.035,0.88,0
2049,826.039,1052.57,18.1917,0.0015,1.21,0.935,0.035,0.037,0.87,0
1159,1659.1,1344.76,17.2523,0.0008,0.945,0.686,0.017,0.016,0.86,0
1727,1061.85,1333.34,17.8812,0.0015,1.108,0.879,0.03,0.034,0.86,0
1630,1071.95,1083.71,17.9739,0.0023,1.041,0.896,0.034,0.054,0.86,0
2267,1197.75,1663.37,18.4106,0.0023,1.182,0.869,0.046,0.056,0.86,0
1118,1108.89,1363.48,17.1924,0.001,0.919,0.694,0.019,0.018,0.84,0
1758,1176.82,1735.32,17.9251,0.0021,1.238,1.017,0.04,0.041,0.84,0
598,1320.2,1675.68,16.3077,0.0007,0.735,0.52,0.019,0.014,0.833,0
2493,1065.85,1415.59,18.5773,0.0022,1.174,0.9,0.045,0.056,0.83,0
635,1032.45,1690.04,16.3489,0.0007,0.871,0.605,0.019,0.015,0.82,0
2157,1152.02,1206.85,18.3078,0.0019,1.142,0.995,0.039,0.044,0.82,0
2284,849.43,1144.04,18.3931,0.002,1.186,0.877,0.04,0.047,0.82,0
2332,1337.94,1228.48,18.477,0.0019,1.04,0.942,0.042,0.052,0.78,0
2614,1568.21,1334.49,18.6808,0.0022,1.284,0.997,0.051,0.072,0.78,0
385,922.976,998.266,15.679,0.0005,0.669,0.456,0.009,0.007,0.777,0
579,1402.93,1518.29,16.3306,0.0008,0.664,0.487,0.016,0.013,0.776,0
649,1441.75,993.044,16.5119,0.0009,0.672,0.523,0.014,0.011,0.768,0
823,1468.52,1562.85,16.7344,0.0008,0.85,0.546,0.03,0.03,0.764,0
2225,1128.62,997.321,18.3037,0.0022,1.298,0.838,0.036,0.043,0.76,0
898,1298.23,1642.9,16.877,0.0009,0.819,0.57,0.018,0.015,0.75,0
1872,1286.97,1623.53,18.0465,0.0017,1.032,0.841,0.034,0.033,0.75,0
2680,1249.73,1261.32,18.7805,0.0026,1.287,1.017,0.051,0.076,0.74,0
2320,903.905,1239.63,18.4278,0.0018,1.068,0.922,0.044,0.044,0.72,0
1749,961.351,1198.08,17.9594,0.0013,1.042,0.82,0.033,0.029,0.71,0
1960,1053.72,949.108,18.1204,0.0017,1.131,1.123,0.044,0.045,0.71,0
682,1369.7,971.582,16.4846,0.0008,0.808,0.587,0.016,0.015,0.67,0
2378,1239.97,1637.82,18.5295,0.0028,1.315,1.058,0.051,0.059,0.65,0
2043,988.304,831.444,17.9883,0.0014,1.454,1.088,0.04,0.046,0.6,0
2309,927.273,1188.28,19.0831,0.003,1.363,0.923,0.079,0.065,0.59,0
624,1163.11,1297.52,16.3624,0.0008,0.855,0.621,0.012,0.011,0.583,0
932,1247.74,1368.03,16.9344,0.0012,0.868,0.609,0.015,0.014,0.58,0
721,687.284,1353.59,16.5524,0.0007,0.988,0.837,0.021,0.019,0.563,0
493,1351.86,1531.27,15.4357,0.0005,1.949,1.654,0.015,0.013,0.55,0
2646,1231.53,1020.29,18.6901,0.0021,1.361,1.103,0.054,0.08,0.55,0
2235,1140.95,936.273,18.3218,0.0018,1.249,1.004,0.045,0.049,0.53,0
1776,1568.02,1158.48,17.8347,0.002,1.441,1.14,0.029,0.043,0.52,0
2549,1337.82,991.737,18.5062,0.002,1.446,0.96,0.046,0.066,0.52,0
2480,946.515,1238.56,18.4662,0.0017,1.385,1.086,0.045,0.067,0.51,0
84,1343.5,1644.0,13.601,0.0002,1.316,1.198,0.013,0.01,0.509,0
741,1112.38,918.883,16.5013,0.0009,1.091,0.883,0.017,0.015,0.5,0
1099,1347.57,1284.96,17.1639,0.0008,0.943,0.723,0.017,0.019,0.5,0
1297,1082.48,1123.74,17.3056,0.0014,1.241,0.955,0.02,0.02,0.5,0
1644,995.683,1277.38,17.7436,0.0018,1.194,0.821,0.028,0.03,0.5,0
245,843.999,1222.58,15.1211,0.0004,0.635,0.474,0.008,0.006,0.49,0
1095,1394.59,1179.86,17.0839,0.0012,1.174,0.897,0.017,0.019,0.49,0
2366,974.904,1066.72,18.4822,0.002,1.106,0.904,0.045,0.047,0.49,0
196,1269.57,1718.81,14.7987,0.0003,0.698,0.537,0.017,0.013,0.477,0
311,1643.51,1327.15,14.9612,0.0004,1.622,1.481,0.008,0.009,0.47,0
679,1204.28,989.469,16.1498,0.0008,1.424,1.171,0.021,0.02,0.47,0
1085,1422.79,1564.5,16.5529,0.0009,2.031,1.656,0.016,0.027,0.47,0
757,1353.98,863.692,16.577,0.001,1.015,0.802,0.024,0.018,0.47,0
1807,1173.64,1285.81,17.3895,0.0013,2.047,1.753,0.035,0.072,0.47,0
1275,1085.85,1769.79,17.4753,0.0033,1.151,0.899,0.039,0.032,0.47,0
1983,1087.46,1024.32,18.0244,0.0015,1.426,1.176,0.032,0.044,0.47,0
783,1497.67,1408.2,15.7045,0.0006,2.5,2.099,0.012,0.025,0.46,0
1350,1481.11,1488.37,16.799,0.001,2.146,1.679,0.017,0.037,0.46,0
1011,1336.55,1158.33,17.0473,0.0014,1.086,0.786,0.024,0.02,0.46,0
711,1477.48,1452.04,16.5244,0.0007,0.968,0.825,0.015,0.013,0.457,0
7,1033.84,1219.65,11.3385,0.0005,1.702,1.581,0.008,0.004,0.455,0
1201,767.534,1565.17,17.235,0.0009,1.018,0.823,0.02,0.019,0.45,0
1639,1150.89,1165.89,17.7021,0.0013,1.26,0.903,0.029,0.029,0.45,0
1121,854.87,1565.01,17.1845,0.0011,0.963,0.796,0.022,0.019,0.44,0
1757,1002.74,1499.02,17.86,0.0015,1.239,0.797,0.029,0.031,0.44,0
2288,923.146,1368.11,18.3136,0.0024,1.404,1.215,0.041,0.058,0.44,0
596,1070.34,1158.19,16.2087,0.0006,1.083,0.813,0.011,0.011,0.435,0
320,1170.68,1275.31,15.4986,0.0004,0.481,0.337,0.011,0.007,0.43,0
815,946.576,1485.2,16.7048,0.0008,0.962,0.775,0.017,0.015,0.43,0
1244,1400.42,1177.58,17.3335,0.0017,1.04,0.923,0.018,0.018,0.43,0
1580,1413.85,1652.41,17.6752,0.0012,1.097,0.836,0.027,0.025,0.43,0
1657,1193.39,1740.55,17.704,0.0014,1.266,1.116,0.029,0.037,0.43,0
1947,1041.19,1655.6,18.0495,0.0015,1.202,0.996,0.039,0.047,0.43,0
2555,1403.1,1023.65,18.6035,0.0021,1.335,1.156,0.048,0.072,0.43,0
739,1103.28,1597.79,16.5405,0.0007,0.984,0.831,0.018,0.016,0.42,0
1296,1513.0,1042.07,17.3462,0.001,1.145,1.006,0.019,0.022,0.42,0
1334,1075.01,1057.23,17.4025,0.0012,1.173,0.886,0.024,0.027,0.42,0
1722,916.071,1404.3,17.7714,0.0013,1.379,1.131,0.022,0.03,0.42,0
1747,1204.75,1343.27,17.94,0.0017,1.027,0.89,0.026,0.034,0.42,0
2197,1170.2,1499.54,18.2772,0.0018,1.202,0.953,0.043,0.047,0.42,0
580,943.564,1053.19,16.3489,0.0007,0.657,0.495,0.012,0.011,0.412,0
371,1128.1,1659.32,15.6478,0.0005,0.634,0.473,0.019,0.014,0.411,0
904,759.408,1002.47,16.422,0.0007,1.839,1.516,0.012,0.021,0.41,0
733,1168.19,1166.62,17.121,0.0027,1.218,0.895,0.049,0.035,0.41,0
1110,842.975,1306.45,17.1499,0.001,1.034,0.833,0.017,0.018,0.41,0
1876,1375.89,1719.85,17.9356,0.0014,1.247,0.928,0.032,0.039,0.41,0
1988,960.58,1415.32,18.1735,0.0016,1.111,0.949,0.036,0.04,0.41,0
2709,853.911,1464.18,18.8178,0.0023,1.366,1.011,0.067,0.079,0.41,0
159,1194.08,1274.37,14.6992,0.0006,0.497,0.363,0.007,0.005,0.407,0
570,841.425,1490.8,16.2148,0.0007,0.933,0.781,0.016,0.013,0.4,0
1328,1523.1,1093.81,16.5731,0.001,2.419,1.995,0.022,0.051,0.4,0
1044,1306.16,993.291,17.0353,0.0009,1.093,0.868,0.015,0.018,0.4,0
1194,1055.88,1433.89,17.2669,0.0011,0.948,0.695,0.018,0.015,0.4,0
1541,1215.56,1159.21,17.544,0.0012,1.342,0.966,0.022,0.026,0.4,0
2634,1042.6,891.12,18.743,0.0022,1.162,1.057,0.075,0.069,0.4,0
151,1400.96,1579.21,14.2441,0.0003,1.47,1.336,0.014,0.01,0.398,0
235,921.912,1291.01,15.0255,0.0004,0.788,0.645,0.009,0.007,0.391,0
1252,1095.46,1770.64,16.721,0.0009,2.053,1.743,0.021,0.032,0.39,0
272,1284.23,1736.79,14.1348,0.0004,2.52,2.239,0.016,0.015,0.38,0
1399,1025.96,1075.76,17.3015,0.0011,1.479,1.077,0.019,0.023,0.38,0
1788,1623.12,1255.92,17.902,0.0014,1.308,1.172,0.027,0.041,0.38,0
2248,1316.69,1582.56,18.3728,0.0025,1.28,1.013,0.039,0.062,0.38,0
859,751.579,1179.03,16.8083,0.0008,0.949,0.721,0.014,0.014,0.379,0
56,798.641,1354.97,13.1851,0.0003,1.323,1.19,0.009,0.007,0.373,0
478,1229.35,1037.1,15.8605,0.0007,1.158,0.88,0.012,0.01,0.373,0
674,1558.13,1201.65,16.3618,0.001,1.165,0.883,0.011,0.012,0.37,0
1846,709.866,1321.22,17.8131,0.0014,1.467,1.125,0.029,0.037,0.37,0
2009,1513.6,1506.62,18.0318,0.0016,1.29,0.986,0.033,0.039,0.37,0
2016,825.429,1186.47,18.0432,0.0014,1.375,1.041,0.033,0.041,0.37,0
2302,1094.91,1489.32,18.4255,0.0021,1.262,1.042,0.055,0.06,0.37,0
622,870.794,1334.18,16.3784,0.0009,1.109,0.976,0.04,0.04,0.36,0
946,948.767,1273.37,16.9176,0.0015,1.039,0.826,0.015,0.015,0.36,0
2609,936.211,1138.95,18.7419,0.0023,1.166,0.915,0.058,0.068,0.36,0
506,1370.3,998.053,16.0586,0.0007,0.843,0.582,0.012,0.009,0.359,0
178,1447.76,972.249,14.7466,0.0004,0.663,0.5,0.015,0.012,0.356,0
200,976.346,1101.32,14.8509,0.0005,0.649,0.398,0.006,0.005,0.35,0
1119,1204.55,812.04,17.0798,0.001,1.199,0.927,0.023,0.023,0.35,0
1109,1184.77,1108.54,17.152,0.001,1.035,0.742,0.016,0.017,0.35,0
1769,852.648,1644.74,17.9272,0.0015,1.077,0.811,0.039,0.039,0.35,0
1861,1022.17,1628.71,18.03,0.0016,1.053,0.905,0.037,0.039,0.35,0
2175,867.342,1070.7,18.2325,0.0015,1.309,0.978,0.034,0.047,0.35,0
906,1412.96,952.227,16.8472,0.001,0.903,0.686,0.021,0.016,0.349,0
970,1489.64,991.365,16.9545,0.0011,1.001,0.735,0.02,0.022,0.34,0
1393,1348.76,1351.87,17.5052,0.001,1.024,0.826,0.021,0.023,0.34,0
1600,1068.2,1651.11,17.6847,0.0016,1.071,0.786,0.029,0.028,0.34,0
2234,1170.71,1536.41,18.1193,0.0025,1.425,1.06,0.039,0.056,0.34,0
2192,1249.8,865.304,18.1621,0.0016,1.288,0.925,0.042,0.057,0.34,0
2170,1156.95,1722.39,18.1934,0.0019,1.345,1.039,0.038,0.053,0.34,0
1063,1356.22,1624.4,17.0845,0.001,0.954,0.729,0.022,0.019,0.33,0
1069,784.793,1434.54,17.0905,0.0014,1.07,0.805,0.021,0.02,0.33,0
1466,840.029,906.118,17.5331,0.0011,1.143,0.969,0.032,0.026,0.33,0
1887,1274.26,982.924,18.0046,0.0015,1.182,0.919,0.031,0.036,0.33,0
2181,814.047,1546.91,18.3002,0.0019,1.154,0.894,0.041,0.044,0.33,0
2221,1515.28,1408.29,18.3765,0.0019,1.145,0.909,0.036,0.042,0.33,0
2574,1160.98,1672.5,18.6634,0.0023,1.205,1.141,0.046,0.071,0.33,0
640,897.284,1583.97,16.4313,0.0007,0.735,0.59,0.015,0.013,0.322,0
1142,1181.24,917.698,17.1605,0.001,1.012,0.796,0.023,0.022,0.32,0
1231,1243.7,1169.72,17.3047,0.0025,1.153,0.87,0.032,0.027,0.32,0
1521,837.527,921.718,17.6031,0.0011,1.057,0.873,0.026,0.028,0.32,0
2195,1164.86,876.546,18.1207,0.0015,1.444,1.053,0.04,0.054,0.32,0
2040,1192.47,1090.73,18.1865,0.0029,1.302,1.03,0.034,0.042,0.32,0
2318,1610.13,1361.54,18.3534,0.0016,1.354,1.081,0.038,0.05,0.32,0
2444,1035.43,1593.91,18.3816,0.0022,1.463,1.019,0.04,0.053,0.32,0
2558,1249.67,1741.68,18.5207,0.0025,1.36,1.066,0.046,0.057,0.32,0
2524,1017.41,1096.34,18.6029,0.0019,1.253,0.969,0.048,0.061,0.32,0
434,1026.83,952.537,15.792,0.0006,0.802,0.64,0.016,0.013,0.311,0
941,1318.52,840.463,16.7962,0.0012,1.185,0.837,0.018,0.017,0.31,0
1335,1032.63,1432.79,17.3516,0.0016,1.139,0.948,0.023,0.024,0.31,0
1336,933.506,1126.68,17.4246,0.0011,1.058,0.836,0.021,0.023,0.31,0
1678,868.499,1030.3,17.6522,0.0012,1.463,1.178,0.028,0.038,0.31,0
1650,813.176,1300.36,17.6663,0.0012,1.349,0.95,0.024,0.029,0.31,0
1648,1214.56,1524.69,17.6752,0.0012,1.296,1.011,0.029,0.029,0.31,0
2206,1030.33,1675.25,18.2948,0.002,1.247,0.924,0.05,0.047,0.31,0
2456,885.493,1049.0,18.4764,0.002,1.365,1.001,0.047,0.056,0.31,0
47,1491.55,921.605,13.3833,0.0003,0.276,0.2,0.011,0.008,0.308,0
452,1351.88,1015.96,15.357,0.0005,1.899,1.645,0.009,0.012,0.3,0
694,1250.71,1594.12,16.3368,0.0021,1.217,0.934,0.029,0.024,0.3,0
905,1236.16,1002.08,16.8694,0.0008,0.999,0.812,0.015,0.013,0.3,0
1265,1002.6,1534.59,17.3082,0.001,1.045,0.846,0.022,0.023,0.3,0
1698,959.87,1546.85,17.877,0.0017,1.096,0.886,0.026,0.029,0.3,0
2266,1014.41,1677.12,18.1511,0.0016,1.591,1.245,0.038,0.057,0.3,0
2445,1291.25,1526.86,18.4115,0.0025,1.384,1.038,0.046,0.065,0.3,0
2484,1021.5,1380.3,18.5262,0.0021,1.302,1.081,0.045,0.057,0.3,0
429,1490.37,1407.21,15.8094,0.0005,0.722,0.533,0.012,0.01,0.296,0
1531,1186.11,1261.8,16.9377,0.001,2.243,1.918,0.021,0.052,0.29,0
1487,1164.46,1185.31,17.5913,0.0012,1.091,0.909,0.022,0.025,0.29,0
1793,1222.94,886.867,17.8129,0.0015,1.337,1.252,0.037,0.047,0.29,0
1974,688.201,1274.61,18.0603,0.0014,1.263,0.95,0.031,0.037,0.29,0
1910,1410.96,1034.69,18.1278,0.0016,1.049,0.826,0.034,0.036,0.29,0
2210,1397.59,1544.64,18.19,0.0018,1.36,1.02,0.033,0.05,0.29,0
2482,1198.07,1046.53,18.5191,0.0034,1.322,1.097,0.044,0.063,0.29,0
602,1004.59,1245.63,16.2551,0.0006,0.959,0.777,0.011,0.01,0.289,0
614,1069.51,1115.38,16.2698,0.0006,1.015,0.815,0.011,0.011,0.289,0
162,1438.78,1013.22,14.7068,0.0005,0.547,0.399,0.007,0.006,0.282,0
96,1278.13,1306.2,13.752,0.0002,1.358,1.222,0.008,0.006,0.28,0
290,1364.84,1408.21,15.2353,0.0004,0.805,0.629,0.011,0.007,0.28,0
794,971.388,1077.53,16.7009,0.0012,0.934,0.763,0.017,0.015,0.28,0
950,1367.52,1266.02,16.8855,0.0023,1.151,0.914,0.024,0.02,0.28,0
1087,759.619,1368.96,17.1381,0.0009,0.959,0.754,0.018,0.018,0.28,0
1299,1453.27,1088.48,17.3497,0.001,1.134,0.912,0.019,0.021,0.28,0
2390,1210.75,904.786,18.2892,0.0018,1.313,0.886,0.042,0.053,0.28,0
275,920.863,863.137,14.9586,0.0004,1.323,1.158,0.015,0.013,0.278,0
732,1523.33,1064.43,16.5709,0.0008,0.955,0.808,0.012,0.013,0.276,0
49,1498.8,982.562,12.743,0.0003,1.87,1.729,0.009,0.011,0.271,0
1246,854.479,1377.73,17.3175,0.0011,0.954,0.75,0.019,0.018,0.27,0
1976,1446.57,1321.86,17.9729,0.0015,1.452,0.973,0.031,0.039,0.27,0
2015,1202.93,1778.08,18.1101,0.0019,1.173,0.844,0.042,0.041,0.27,0
2176,1092.56,1578.61,18.2134,0.0017,1.255,0.93,0.039,0.048,0.27,0
2250,1014.36,1334.47,18.263,0.0015,1.361,0.891,0.037,0.045,0.27,0
949,1037.77,1103.32,16.3519,0.0008,2.095,1.51,0.014,0.021,0.26,0
934,1510.74,1121.56,16.8971,0.0008,1.019,0.745,0.013,0.015,0.26,0
951,793.672,1528.27,16.9258,0.0008,0.97,0.827,0.018,0.016,0.26,0
1432,1380.06,1146.02,17.558,0.0011,1.026,0.753,0.021,0.021,0.26,0
2186,756.882,1445.99,18.3383,0.002,1.18,1.058,0.042,0.056,0.26,0
118,1146.13,823.528,14.2344,0.0003,0.801,0.632,0.016,0.014,0.259,0
557,771.57,1200.54,16.2198,0.0007,0.83,0.636,0.011,0.009,0.259,0
972,1318.82,866.79,16.4553,0.0007,1.906,1.564,0.02,0.023,0.25,0
1147,1185.51,853.149,17.0852,0.001,1.188,0.9,0.02,0.019,0.25,0
963,1167.76,1303.11,17.225,0.0022,1.493,1.038,0.057,0.035,0.25,0
2293,1503.3,1514.45,18.1679,0.0017,1.563,1.251,0.033,0.055,0.25,0
2051,1123.16,1729.71,18.18,0.0018,1.155,1.02,0.037,0.046,0.25,0
2227,1069.3,1340.28,18.322,0.002,1.188,0.989,0.039,0.051,0.25,0
2655,1239.32,1116.18,18.7914,0.0023,1.243,1.203,0.051,0.084,0.25,0
112,1115.76,796.246,14.2081,0.0003,0.728,0.551,0.016,0.013,0.246,0
689,1054.21,1051.44,16.2997,0.0007,1.35,1.164,0.013,0.017,0.24,0
586,1247.79,1097.95,16.3151,0.0008,0.796,0.536,0.013,0.021,0.24,0
856,1296.73,951.276,16.7633,0.0008,0.945,0.719,0.019,0.016,0.24,0
1222,1360.7,1088.77,17.2586,0.001,1.183,0.833,0.019,0.023,0.24,0
1366,1336.87,927.322,17.4632,0.0012,1.027,0.854,0.029,0.031,0.24,0
1496,824.14,1004.06,17.65,0.0012,1.091,0.791,0.022,0.023,0.24,0
2190,1343.97,846.306,18.2031,0.002,1.105,0.612,0.033,0.049,0.24,0
2237,922.834,1317.8,18.3643,0.0019,1.234,0.955,0.047,0.049,0.24,0
468,947.74,1649.04,15.9049,0.0006,0.843,0.615,0.017,0.014,0.235,0
175,1207.22,1667.56,14.6196,0.0003,0.973,0.798,0.017,0.012,0.231,0
927,849.51,1548.1,16.841,0.0008,1.016,0.764,0.019,0.015,0.23,0
1372,940.247,1315.92,17.4609,0.0009,1.052,0.901,0.019,0.023,0.23,0
1540,732.34,1131.73,17.6723,0.0011,1.049,0.813,0.026,0.024,0.23,0
1641,965.608,1161.28,17.7564,0.0011,1.137,0.963,0.025,0.029,0.23,0
1811,842.344,1257.71,17.9756,0.0017,1.17,0.973,0.026,0.029,0.23,0
2294,1460.99,1394.16,18.3988,0.0043,1.454,1.194,0.067,0.072,0.23,0
2619,992.403,1026.78,18.5924,0.0021,1.493,1.048,0.051,0.07,0.23,0
555,918.528,1074.28,16.1916,0.0008,0.886,0.676,0.011,0.009,0.225,0
477,1402.86,1268.06,15.9238,0.0006,0.947,0.705,0.01,0.009,0.223,0
924,1140.53,784.816,16.2962,0.0008,2.024,1.732,0.018,0.023,0.22,0
1016,1521.01,1446.94,16.9395,0.0008,1.163,0.902,0.015,0.018,0.22,0
1433,1231.85,1474.88,17.5243,0.0015,1.145,0.851,0.03,0.032,0.22,0
1849,1151.12,1107.24,17.5522,0.0012,1.98,1.593,0.026,0.048,0.22,0
1505,947.023,870.554,17.5918,0.0011,1.1,0.954,0.03,0.035,0.22,0
1812,940.763,1674.53,17.9758,0.0013,0.996,0.986,0.032,0.03,0.22,0
539,1333.81,1580.99,16.1548,0.0009,0.839,0.686,0.017,0.015,0.219,0
608,1431.32,962.317,16.7248,0.0031,0.978,0.79,0.037,0.024,0.217,0
339,1333.56,916.995,15.5743,0.0014,0.58,0.378,0.02,0.012,0.21,0
500,839.07,1077.72,15.7121,0.0016,1.611,1.277,0.009,0.01,0.21,0
1242,1328.66,1003.94,17.2715,0.0011,1.131,0.944,0.019,0.02,0.21,0
1697,1611.73,1384.18,17.8397,0.0013,1.102,0.974,0.029,0.034,0.21,0
2625,1363.04,1433.15,18.9276,0.0094,1.355,1.032,0.046,0.063,0.21,0
161,1012.09,1718.71,14.6512,0.0005,0.544,0.347,0.017,0.013,0.209,0
229,1320.18,1034.61,15.0364,0.0016,0.711,0.41,0.01,0.006,0.209,0
684,914.227,940.694,16.4636,0.0007,0.903,0.75,0.018,0.016,0.205,0
673,1000.2,1558.68,16.4529,0.0008,0.9,0.659,0.068,0.054,0.2,0
785,768.067,1378.12,16.6864,0.0036,1.036,0.799,0.017,0.014,0.2,0
1100,875.033,1182.5,17.1637,0.0009,0.988,0.78,0.017,0.017,0.2,0
1440,938.372,1641.59,17.5037,0.0011,1.148,0.844,0.028,0.026,0.2,0
1609,1107.66,1696.4,17.7207,0.0014,1.114,0.904,0.029,0.03,0.2,0
2160,781.928,1567.28,18.2775,0.0017,1.115,0.855,0.041,0.045,0.2,0
2270,901.151,1694.77,18.3796,0.002,1.143,1.043,0.041,0.052,0.2,0
483,1455.86,1235.25,16.0255,0.0007,0.755,0.56,0.011,0.009,0.199,0
398,1256.82,983.833,15.6784,0.0006,0.829,0.641,0.016,0.011,0.197,0
521,889.088,1617.3,16.0763,0.0007,0.873,0.64,0.018,0.014,0.191,0
540,1068.76,1678.56,15.9164,0.0007,1.359,1.213,0.017,0.013,0.19,0
1128,1198.74,1254.07,16.9514,0.001,1.473,1.19,0.017,0.024,0.19,0
1359,953.3,1661.48,17.3657,0.0011,1.186,0.895,0.022,0.024,0.19,0
1683,784.668,1011.11,17.7643,0.0012,1.286,1.021,0.027,0.031,0.19,0
1978,868.182,928.139,17.9813,0.0015,1.291,0.936,0.037,0.044,0.19,0
2304,918.152,914.746,18.1793,0.0016,1.528,1.247,0.036,0.064,0.19,0
2653,1122.95,1021.63,18.8122,0.0027,1.226,0.962,0.052,0.069,0.19,0
781,899.45,990.405,16.6097,0.0007,0.943,0.624,0.029,0.027,0.187,0
107,881.022,962.203,14.1038,0.0003,0.73,0.581,0.014,0.011,0.181,0
1321,1481.28,1173.78,17.2999,0.0009,1.299,0.994,0.019,0.022,0.18,0
1422,861.212,1606.21,17.5141,0.0013,1.065,0.83,0.026,0.024,0.18,0
1582,1229.85,925.539,17.7075,0.0014,1.07,0.849,0.034,0.033,0.18,0
1929,1361.63,1629.91,18.0193,0.0018,1.138,0.895,0.032,0.033,0.18,0
2301,1181.82,828.549,18.261,0.0016,1.326,1.015,0.04,0.05,0.18,0
296,1537.77,1595.53,15.2738,0.0008,0.713,0.524,0.015,0.011,0.172,0
345,1367.47,1271.8,15.2546,0.0004,1.397,1.271,0.009,0.009,0.17,0
1111,1174.19,1372.1,17.078,0.0009,1.172,0.996,0.019,0.021,0.17,0
1361,767.532,1555.1,17.4588,0.0011,0.984,0.789,0.028,0.029,0.17,0
1632,1236.96,1552.12,17.6431,0.0012,1.263,0.874,0.028,0.03,0.17,0
1726,1171.99,1693.03,17.8454,0.0013,1.087,0.912,0.035,0.033,0.17,0
2241,1225.06,830.388,18.034,0.0017,1.781,1.446,0.039,0.062,0.17,0
2441,964.671,1276.41,18.3778,0.0019,1.472,1.051,0.042,0.062,0.17,0
2259,1146.5,1600.06,18.428,0.002,1.134,0.94,0.044,0.044,0.17,0
2514,1237.63,1195.25,18.4307,0.0049,1.409,1.064,0.067,0.093,0.17,0
2662,1157.08,783.04,18.6797,0.0024,1.371,1.019,0.056,0.076,0.17,0
752,1095.71,1370.12,16.6125,0.0008,0.897,0.605,0.015,0.012,0.166,0
203,1532.53,1492.08,14.7942,0.0003,0.827,0.652,0.012,0.008,0.165,0
115,759.844,1463.52,14.2185,0.0004,0.797,0.664,0.012,0.009,0.164,0
174,1274.9,1511.47,14.6644,0.0003,0.884,0.758,0.013,0.009,0.161,0
1497,1529.45,1309.15,17.6899,0.0019,1.202,0.974,0.044,0.052,0.16,0
2127,1547.99,1342.76,17.9343,0.0015,1.661,1.214,0.031,0.053,0.16,0
2075,860.822,1209.69,18.293,0.0017,1.015,0.733,0.039,0.041,0.16,0
170,1577.33,1279.95,14.6861,0.0003,0.76,0.595,0.008,0.006,0.159,0
167,833.268,1357.79,14.6394,0.0003,0.816,0.647,0.01,0.008,0.158,0
214,822.656,1566.94,14.7765,0.0004,1.09,0.931,0.015,0.012,0.155,0
144,911.379,965.426,14.4792,0.0003,0.825,0.664,0.015,0.013,0.154,0
246,1058.7,1044.65,15.0336,0.0004,0.921,0.815,0.008,0.006,0.153,0
419,1088.27,1663.72,15.6435,0.0005,1.042,0.846,0.017,0.016,0.151,0
750,1379.83,1535.75,16.3398,0.001,1.479,1.248,0.016,0.016,0.15,0
1548,929.8,877.787,17.6246,0.0011,1.065,0.889,0.028,0.03,0.15,0
2622,866.007,1059.89,18.6014,0.0023,1.451,1.146,0.053,0.076,0.15,0
21,1235.03,1180.77,12.5384,0.0002,0.536,0.378,0.006,0.004,0.148,0
57,1298.87,1142.9,13.4511,0.0002,0.712,0.581,0.006,0.005,0.144,0
479,868.735,1542.49,15.9953,0.0006,0.731,0.515,0.017,0.013,0.143,0
676,1201.06,1683.07,16.4265,0.0009,0.92,0.733,0.02,0.016,0.142,0
467,1268.03,1682.12,15.7105,0.0005,1.29,1.162,0.016,0.012,0.14,0
846,1152.55,1293.74,16.7933,0.0008,0.892,0.71,0.015,0.012,0.14,0
1821,1163.19,1555.74,18.006,0.0015,1.052,0.774,0.057,0.059,0.14,0
2072,1476.36,1458.89,18.0694,0.0026,1.392,1.14,0.032,0.048,0.14,0
2500,1304.73,1609.21,18.3339,0.002,1.598,1.139,0.047,0.07,0.14,0
551,802.039,1437.73,15.9425,0.0026,1.623,1.69,0.054,0.049,0.13,0
792,1500.34,1438.02,16.7059,0.0008,0.855,0.624,0.016,0.013,0.13,0
1138,867.453,991.748,16.7296,0.0019,1.955,1.631,0.022,0.034,0.13,0
1212,940.543,1023.66,17.2521,0.0011,1.111,0.943,0.022,0.026,0.13,0
1511,1242.15,1366.94,17.7181,0.002,1.099,0.779,0.049,0.05,0.13,0
2290,792.135,1053.57,18.2117,0.0015,1.578,1.307,0.033,0.064,0.13,0
2402,1502.44,1632.81,18.4891,0.0029,1.284,1.012,0.046,0.066,0.13,0
2517,819.476,1068.3,18.5746,0.0018,1.366,1.097,0.045,0.066,0.13,0
2399,1089.76,1125.74,18.6666,0.0038,1.011,0.814,0.05,0.052,0.13,0
187,980.218,1194.48,14.7744,0.0004,0.779,0.602,0.006,0.005,0.123,0
852,1034.95,1248.24,16.8342,0.0012,0.98,0.698,0.018,0.013,0.121,0
685,1226.89,1554.91,16.4079,0.0007,1.006,0.711,0.017,0.017,0.12,0
736,786.848,1200.76,16.5165,0.0007,1.083,0.92,0.013,0.013,0.12,0
917,1260.27,1607.2,16.9064,0.001,1.117,0.775,0.029,0.022,0.12,0
1219,944.232,1293.44,17.2729,0.001,1.048,0.779,0.019,0.016,0.12,0
1498,737.704,1171.7,17.6357,0.0012,1.058,0.819,0.021,0.022,0.12,0
1920,938.5,996.812,17.8712,0.0022,1.526,1.181,0.03,0.039,0.12,0
2315,979.045,875.239,18.3603,0.0018,1.228,0.986,0.045,0.057,0.12,0
2387,1285.81,1228.43,18.5674,0.0032,1.238,0.949,0.054,0.057,0.12,0
1891,1601.23,1328.39,19.1641,0.0047,1.096,0.915,0.036,0.041,0.12,0
147,852.195,1412.63,14.6222,0.0004,0.449,0.306,0.012,0.008,0.112,0
563,1621.15,1406.63,16.1935,0.0058,1.657,1.239,0.04,0.037,0.11,0
866,1468.33,1213.6,16.7556,0.0009,1.06,0.849,0.015,0.015,0.11,0
1356,1149.15,1383.06,17.4657,0.0015,0.997,0.708,0.023,0.022,0.11,0
1587,1061.09,1217.66,17.5153,0.0014,1.884,1.488,0.035,0.049,0.11,0
1526,1082.88,1649.02,17.5603,0.0011,1.288,1.157,0.025,0.029,0.11,0
2145,1237.68,1768.52,18.0832,0.0017,1.412,1.076,0.046,0.054,0.11,0
2566,843.203,1047.87,18.6428,0.0021,1.225,0.955,0.054,0.067,0.11,0
2713,1273.6,1396.14,18.9667,0.0037,1.224,1.129,0.062,0.095,0.11,0
244,1202.09,1580.89,15.0645,0.0047,0.691,0.441,0.022,0.018,0.1,0
1055,1128.53,1513.19,17.1701,0.002,0.972,0.891,0.037,0.046,0.1,0
1628,1098.74,945.778,17.6652,0.0014,1.216,0.877,0.029,0.029,0.1,0
1563,1327.64,1368.85,17.7292,0.0022,1.048,0.849,0.027,0.026,0.1,0
1744,1231.93,1640.73,17.9072,0.0015,1.082,0.855,0.026,0.032,0.1,0
1926,819.051,1422.86,18.0693,0.0018,1.215,0.908,0.032,0.036,0.1,0
2001,1384.75,1052.41,18.1417,0.0021,1.271,1.046,0.034,0.042,0.1,0
2434,1322.15,1326.02,18.5092,0.0019,1.105,0.9,0.046,0.05,0.1,0
89,1319.54,1562.49,13.8178,0.0002,0.838,0.65,0.019,0.017,0.092,0
249,969.449,1085.59,15.1368,0.0006,0.627,0.419,0.009,0.006,0.092,0
445,1305.57,1555.58,15.798,0.001,0.972,0.846,0.018,0.016,0.092,0
729,1294.26,1711.55,16.3424,0.0009,1.26,0.905,0.021,0.018,0.09,0
855,889.726,956.929,16.7016,0.0013,1.01,0.764,0.023,0.023,0.09,0
1050,1067.02,1645.1,17.0492,0.0009,1.047,0.916,0.02,0.018,0.09,0
1604,1315.06,1609.12,17.7954,0.0041,1.204,1.043,0.027,0.035,0.09,0
1966,768.036,1446.01,18.1302,0.0018,1.049,0.849,0.035,0.039,0.09,0
2107,1576.15,1033.21,18.2133,0.0032,1.402,1.215,0.035,0.049,0.09,0
2328,1040.31,1615.57,18.2963,0.0018,1.388,1.155,0.043,0.058,0.09,0
2383,1405.06,1655.88,18.3639,0.0023,1.463,1.152,0.042,0.052,0.09,0
2448,1218.35,1733.36,18.5382,0.0019,1.172,0.998,0.042,0.065,0.09,0
735,1246.74,1487.47,16.0118,0.0007,1.957,1.654,0.014,0.02,0.08,0
662,1060.42,961.695,16.4154,0.0007,0.88,0.591,0.019,0.015,0.08,0
1566,1422.91,1024.31,17.7394,0.0014,1.115,0.882,0.026,0.03,0.08,0
1583,984.659,1383.27,17.7548,0.0014,1.08,0.877,0.027,0.027,0.08,0
2257,1114.38,1763.19,18.3025,0.003,1.272,0.959,0.047,0.056,0.08,0
2395,1010.59,1372.4,18.3919,0.002,1.501,1.101,0.043,0.068,0.08,0
2699,1332.09,1347.17,18.8094,0.0022,1.411,1.152,0.054,0.075,0.08,0
65,1281.0,1104.02,13.6955,0.0006,0.618,0.593,0.017,0.019,0.072,0
397,1537.4,1561.67,15.1173,0.0004,1.8,1.323,0.055,0.062,0.07,0
1280,1075.06,1463.05,17.3291,0.001,1.053,0.87,0.02,0.023,0.07,0
1977,996.956,1260.3,18.0095,0.0015,1.361,0.958,0.029,0.041,0.07,0
1967,986.001,1720.96,18.0381,0.0015,1.224,0.961,0.037,0.038,0.07,0
1856,1503.97,1369.67,18.0708,0.006,1.204,0.944,0.042,0.043,0.07,0
2347,1214.96,1108.89,18.3697,0.0023,1.323,1.006,0.037,0.053,0.07,0
2380,1427.41,1449.02,18.5565,0.0025,1.17,0.98,0.065,0.084,0.07,0
2668,1094.34,1219.82,18.7692,0.0022,1.41,1.069,0.066,0.083,0.07,0
960,1203.36,1236.67,16.9876,0.0013,0.843,0.646,0.017,0.015,0.06,0
1542,1370.58,839.065,17.6738,0.0016,1.005,0.804,0.032,0.03,0.06,0
719,1591.63,1472.54,16.1203,0.0046,1.116,0.733,0.015,0.015,0.05,0
1289,1156.0,1238.66,17.2908,0.0014,1.157,0.876,0.02,0.025,0.05,0
2323,1482.16,1380.76,18.4353,0.002,1.146,0.951,0.036,0.046,0.05,0
2580,1236.95,813.767,18.6592,0.0022,1.173,1.168,0.066,0.076,0.05,0
2568,1396.22,1642.09,18.7594,0.0026,1.151,1.087,0.062,0.068,0.05,0
2113,1601.14,1044.17,18.0547,0.0018,1.505,1.128,0.038,0.049,0.04,0
2039,860.49,1291.89,18.0741,0.0016,1.345,1.006,0.033,0.041,0.04,0
2509,1385.29,1573.57,18.5197,0.0025,1.284,0.82,0.047,0.059,0.04,0
2586,878.32,1081.5,18.5554,0.0021,1.538,1.252,0.046,0.08,0.04,0
1951,1517.61,1096.45,18.1267,0.0028,1.194,0.995,0.026,0.036,0.03,0
2280,1554.99,1121.03,18.4693,0.0024,1.283,1.172,0.041,0.044,0.03,0
2450,985.422,1367.72,18.5986,0.0022,1.262,0.994,0.059,0.065,0.03,0
2643,807.156,1183.82,18.7509,0.0023,1.145,0.944,0.056,0.077,0.03,0
518,1069.14,1184.56,16.1284,0.0081,0.966,0.739,0.014,0.011,0.0,0
920,1085.15,1507.23,16.8665,0.004,1.177,0.926,0.018,0.016,0.0,0
1261,901.949,1533.07,17.3592,0.0093,1.164,0.895,0.027,0.023,0.0,0
1250,1279.05,924.216,17.5138,0.0076,1.094,0.858,0.028,0.028,0.0,0
1598,871.271,967.359,17.8658,0.0079,1.39,1.191,0.057,0.058,0.0,0
1878,701.496,1264.17,18.0025,0.0086,1.611,1.148,0.029,0.033,0.0,0
1404,1429.81,1389.72,18.0216,0.0032,1.067,0.886,0.073,0.057,0.0,0
2297,1364.08,1453.81,18.3828,0.0032,1.219,0.909,0.039,0.046,0.0,0
2562,1372.83,1456.05,18.7968,0.0057,1.293,1.115,0.049,0.061,0.0,0
2494,1354.77,837.421,19.7811,0.0058,1.24,1.008,0.066,0.063,0.0,0
1885,1215.97,1033.93,19.2127,0.0039,2.681,1.433,0.035,0.056,0.64,0
55,1114.3,1116.72,12.9106,0.0051,nan,0.382,nan,0.017,0.24,-1
2038,1135.47,1483.89,18.2848,0.0052,nan,1.067,nan,0.059,0.16,-1
