ID,x,y,Gmag,e_Gmag,BV,UB,BVerr,UBerr,MP,sel
281,1069.01,1007.15,16.1794,0.0007,0.415,0.26,0.007,0.027,0.837,1
239,1238.59,1094.12,15.867,0.0007,0.661,0.118,0.008,0.026,0.825,1
205,1238.81,1161.18,15.5967,0.0006,1.328,0.917,0.011,0.09,0.763,1
400,1307.12,1145.71,16.5416,0.0007,0.657,0.108,0.011,0.038,0.744,1
193,1372.95,1161.62,15.634,0.0006,0.645,0.057,0.007,0.018,0.698,1
53,1215.32,1330.76,13.9517,0.0003,0.445,0.294,0.005,0.006,0.49,1
43,1467.69,1015.45,12.9188,0.0004,1.688,2.044,0.005,0.043,0.414,1
48,1251.57,1230.0,13.6815,0.0003,0.742,0.098,0.004,0.006,0.31,1
22,1277.87,1122.71,12.8974,0.0003,0.411,0.273,0.004,0.005,0.24,1
38,1235.82,1003.41,13.0244,0.0004,1.03,0.593,0.004,0.007,0.109,1
56,1162.36,1053.02,13.9212,0.0003,0.763,0.159,0.003,0.007,0.109,1
17,985.64,1188.0,12.6772,0.0002,0.56,0.009,0.004,0.004,0.103,1
2,1401.96,889.2,11.8933,0.0002,0.518,0.172,0.003,0.004,0.061,1
69,1057.06,1257.75,14.0549,0.0003,0.694,0.105,0.005,0.006,0.06,1
32,1352.67,938.339,12.8599,0.0003,1.269,1.147,0.006,0.012,0.048,1
3,1308.78,1253.23,12.0771,0.0002,0.355,0.236,0.004,0.003,0.026,1
120,1354.8,903.064,14.8461,0.0007,0.924,0.541,0.008,0.021,0.005,1
150,1352.82,770.242,15.2378,0.0006,0.594,0.122,0.008,0.019,0.877,0
712,1079.09,872.293,17.3389,0.0013,0.657,0.088,0.021,0.106,0.806,0
194,1417.99,1149.99,15.4465,0.0005,1.269,0.842,0.009,0.065,0.736,0
164,1510.4,1061.72,15.4112,0.0006,0.515,0.298,0.006,0.016,0.735,0
426,1120.47,908.645,16.5987,0.0008,0.703,0.056,0.017,0.049,0.634,0
755,1167.9,1223.29,17.4051,0.0013,0.686,-0.034,0.021,0.07,0.552,0
152,1114.29,980.851,15.1365,0.0004,0.82,0.358,0.009,0.024,0.523,0
215,1226.33,1026.91,15.745,0.0006,0.752,0.154,0.007,0.024,0.492,0
257,1208.22,1147.55,15.9391,0.0006,0.717,0.047,0.009,0.024,0.392,0
435,1375.07,1100.21,16.6019,0.0008,0.86,0.466,0.013,0.079,0.367,0
131,1121.32,1120.21,15.0786,0.0004,0.566,0.127,0.005,0.013,0.316,0
238,1291.07,1086.41,15.8397,0.0006,0.761,0.072,0.009,0.025,0.297,0
509,1451.31,900.697,16.8532,0.001,0.745,0.289,0.016,0.092,0.287,0
302,1014.61,935.981,16.0826,0.0007,0.831,0.338,0.011,0.049,0.138,0
1019,1276.59,1165.07,17.8294,0.0016,0.594,0.069,0.033,0.125,0.117,0
191,1129.28,1053.47,15.5603,0.0005,0.794,0.206,0.007,0.02,0.108,0
340,1418.49,935.492,16.2493,0.0008,0.848,0.366,0.013,0.068,0.081,0
237,1454.57,986.544,15.8079,0.0007,0.756,0.165,0.011,0.031,0.074,0
52,1039.55,1040.29,13.8416,0.0003,0.745,0.135,0.003,0.006,0.027,0
262,1087.08,801.921,15.9308,0.001,0.777,0.2,0.01,0.03,0.019,0
31,989.415,993.39,12.9385,0.0027,0.791,0.246,0.007,0.006,0.0,0
64,1182.85,989.234,13.7239,0.0024,1.879,nan,0.011,nan,0.08,-1
176,1148.24,1314.54,15.4009,0.0005,1.242,nan,0.009,nan,0.62,-1
185,1482.62,977.891,15.251,0.0006,1.79,nan,0.013,nan,0.75,-1
213,1200.38,917.946,15.5485,0.0005,1.386,nan,0.012,nan,0.66,-1
287,1290.54,1308.64,15.9982,0.0011,1.235,nan,0.012,nan,0.69,-1
372,1325.3,1145.22,16.3618,0.0008,1.091,nan,0.015,nan,0.19,-1
389,1395.11,814.148,16.395,0.0008,1.264,nan,0.019,nan,0.69,-1
441,1252.77,1001.37,16.6295,0.0007,0.897,nan,0.015,nan,0.0,-1
413,1197.47,951.932,16.468,0.0008,1.319,nan,0.021,nan,0.46,-1
462,1478.56,894.727,16.6107,0.0008,0.99,nan,0.02,nan,0.1,-1
444,1361.84,950.313,16.5872,0.0012,1.336,nan,0.027,nan,0.84,-1
471,1228.18,907.065,16.6765,0.0009,1.236,nan,0.022,nan,0.88,-1
513,1384.11,807.358,16.8125,0.0009,0.942,nan,0.021,nan,0.35,-1
541,1085.98,1259.7,16.949,0.0009,0.71,nan,0.015,nan,0.57,-1
490,1369.97,1061.31,16.7436,0.0008,1.26,nan,0.02,nan,0.74,-1
555,1379.28,1186.8,16.9281,0.0009,1.065,nan,0.02,nan,0.64,-1
567,1235.12,1099.32,16.9467,0.0012,0.975,nan,0.019,nan,0.76,-1
497,1486.76,1232.29,16.839,0.0011,1.254,nan,0.022,nan,0.54,-1
633,1345.58,903.92,17.1575,0.0011,0.636,nan,0.02,nan,0.62,-1
650,1125.22,1199.23,17.204,0.001,0.859,nan,0.019,nan,0.2,-1
598,1040.16,1220.76,17.0077,0.0009,1.162,nan,0.024,nan,0.56,-1
677,1166.48,1318.28,17.3091,0.0011,0.523,nan,0.023,nan,0.46,-1
676,1482.72,1001.29,17.2394,0.0013,0.87,nan,0.018,nan,0.57,-1
662,1525.14,954.032,17.1576,0.0012,0.828,nan,0.022,nan,0.66,-1
691,1123.12,1237.52,17.2705,0.0012,0.804,nan,0.019,nan,0.33,-1
703,1201.32,786.126,17.2804,0.0011,0.681,nan,0.023,nan,0.55,-1
646,1268.91,1041.78,17.152,0.001,1.169,nan,0.027,nan,0.19,-1
778,1133.36,872.169,17.3859,0.0014,0.822,nan,0.03,nan,0.88,-1
680,1254.34,802.283,17.1924,0.0011,1.36,nan,0.032,nan,0.31,-1
815,1152.81,837.866,17.4801,0.0012,0.662,nan,0.025,nan,0.67,-1
807,1281.08,795.048,17.3877,0.0011,1.186,nan,0.033,nan,0.06,-1
830,1285.82,1060.92,17.4658,0.0013,0.943,nan,0.028,nan,0.69,-1
740,1335.22,1065.4,17.3601,0.0012,1.232,nan,0.03,nan,0.29,-1
849,1342.81,1028.77,17.5317,0.0012,0.786,nan,0.027,nan,0.0,-1
841,1216.96,838.063,17.4842,0.0013,0.898,nan,0.031,nan,0.67,-1
885,1229.49,1217.17,17.5926,0.0012,0.887,nan,0.027,nan,0.63,-1
884,1356.67,860.055,17.5428,0.0014,0.737,nan,0.03,nan,0.76,-1
908,1013.77,903.78,17.5622,0.0012,0.758,nan,0.029,nan,0.88,-1
950,1274.21,898.567,17.6376,0.0013,0.884,nan,0.031,nan,0.82,-1
977,1223.09,1068.39,17.699,0.0015,0.881,nan,0.028,nan,0.71,-1
887,1472.97,1114.52,17.5925,0.0013,1.165,nan,0.036,nan,0.68,-1
936,1343.41,1133.25,17.6485,0.0015,1.05,nan,0.033,nan,0.05,-1
997,1198.5,938.88,17.7478,0.0019,0.74,nan,0.033,nan,0.86,-1
0,1380.67,1279.0,17.7527,0.0015,0.806,nan,0.03,nan,0.68,-1
1006,1028.25,976.681,17.7033,0.0015,0.758,nan,0.036,nan,0.7,-1
1045,1091.94,1292.98,17.8653,0.0014,0.669,nan,0.029,nan,0.83,-1
1015,1269.94,1232.13,17.7594,0.0015,0.903,nan,0.035,nan,0.88,-1
1033,1140.85,819.128,17.7324,0.0015,1.005,nan,0.044,nan,0.08,-1
975,1368.11,880.158,17.6952,0.0015,1.072,nan,0.05,nan,0.87,-1
1060,1067.88,1214.74,17.8376,0.0015,0.861,nan,0.032,nan,0.23,-1
1091,1186.52,773.25,17.8564,0.0015,0.801,nan,0.037,nan,0.85,-1
1086,1175.72,1175.41,17.8969,0.0015,0.903,nan,0.035,nan,0.78,-1
1138,1488.32,899.555,17.9158,0.0015,0.741,nan,0.034,nan,0.59,-1
1083,1301.09,774.76,17.8687,0.0015,1.032,nan,0.041,nan,0.62,-1
1122,1041.68,1029.05,17.9629,0.0021,1.077,nan,0.048,nan,0.42,-1
1093,1462.2,1170.73,17.9094,0.0016,1.028,nan,0.043,nan,0.72,-1
1132,1357.56,1104.86,17.9461,0.0016,0.747,nan,0.036,nan,0.43,-1
1145,1317.56,1170.16,17.937,0.0016,0.824,nan,0.037,nan,0.84,-1
1198,1272.71,784.988,18.0265,0.002,0.801,nan,0.037,nan,0.73,-1
1170,1071.91,881.975,17.9632,0.0015,0.99,nan,0.041,nan,0.77,-1
1172,1235.44,1113.01,18.0142,0.002,0.813,nan,0.038,nan,0.15,-1
1075,993.276,1014.91,17.8955,0.0018,1.039,nan,0.051,nan,0.42,-1
1226,1366.88,1321.31,18.0985,0.0015,0.706,nan,0.037,nan,0.86,-1
1215,1537.48,971.156,18.0131,0.0019,0.811,nan,0.041,nan,0.74,-1
1135,1449.83,1167.97,18.0172,0.0027,1.032,nan,0.043,nan,0.03,-1
1218,1335.32,836.435,18.0239,0.0016,0.741,nan,0.049,nan,0.71,-1
1240,1148.08,1148.47,18.1093,0.0017,0.95,nan,0.04,nan,0.54,-1
1174,1323.51,1079.65,17.9771,0.0015,1.088,nan,0.049,nan,0.42,-1
1282,1329.82,1286.87,18.1569,0.0015,0.825,nan,0.04,nan,0.1,-1
1298,1156.47,774.224,18.2111,0.0019,1.014,nan,0.058,nan,0.76,-1
1321,1428.92,908.367,18.2513,0.0029,0.808,nan,0.047,nan,0.72,-1
1267,1453.94,1031.68,18.2989,0.0029,0.785,nan,0.046,nan,0.87,-1
1346,1360.15,975.942,18.1984,0.0018,0.639,nan,0.047,nan,0.17,-1
1378,1265.12,1343.61,18.2825,0.0017,1.098,nan,0.05,nan,0.55,-1
1405,1337.29,1011.9,18.2944,0.002,0.796,nan,0.042,nan,0.04,-1
1260,1402.49,1285.91,18.351,0.0038,0.958,nan,0.052,nan,0.41,-1
1439,1487.25,1144.08,18.3207,0.0021,0.767,nan,0.037,nan,0.27,-1
1308,1497.09,993.57,18.1764,0.0026,1.144,nan,0.053,nan,0.27,-1
1521,1334.96,905.394,18.4026,0.0024,0.595,nan,0.05,nan,0.79,-1
1350,985.594,924.16,18.1245,0.0023,0.986,nan,0.059,nan,0.13,-1
1443,985.865,1067.43,18.2885,0.0024,0.844,nan,0.049,nan,0.81,-1
1444,1512.51,1019.1,18.3505,0.0025,0.786,nan,0.051,nan,0.79,-1
1509,1525.11,973.413,18.2859,0.0022,1.005,nan,0.064,nan,0.69,-1
1552,1151.95,768.601,18.3488,0.0022,0.869,nan,0.064,nan,0.28,-1
1500,1290.49,1293.17,18.38,0.0021,1.066,nan,0.065,nan,0.7,-1
1630,1117.02,1161.25,18.5537,0.0028,0.863,nan,0.059,nan,0.51,-1
1715,997.78,1011.15,18.5667,0.003,0.98,nan,0.071,nan,0.83,-1
1614,1524.65,1044.89,18.5042,0.0022,0.926,nan,0.062,nan,0.79,-1
1683,1420.09,825.322,18.4892,0.0025,0.735,nan,0.053,nan,0.62,-1
1621,1024.28,1174.97,18.4855,0.0021,0.991,nan,0.065,nan,0.67,-1
1708,1059.61,1039.45,18.5269,0.0023,1.102,nan,0.067,nan,0.51,-1
1780,1000.52,1205.24,18.5737,0.0027,0.8,nan,0.068,nan,0.72,-1
1776,1062.32,1135.65,18.6705,0.0022,0.855,nan,0.057,nan,0.74,-1
1856,1017.1,1215.23,18.6472,0.0027,0.717,nan,0.06,nan,0.71,-1
1783,1382.64,1307.86,19.325,0.0041,0.852,nan,0.066,nan,0.44,-1
1834,1204.08,818.541,18.6106,0.0023,0.998,nan,0.073,nan,0.74,-1
1881,1513.77,937.559,18.7491,0.003,0.898,nan,0.089,nan,0.62,-1
1526,1031.06,1200.77,18.4485,0.0031,1.248,nan,0.083,nan,0.1,-1
1786,1511.74,915.74,18.617,0.003,0.801,nan,0.081,nan,0.83,-1
1838,1324.61,965.265,18.6363,0.0026,0.862,nan,0.082,nan,0.79,-1
1692,1108.15,1154.18,18.5328,0.0021,1.102,nan,0.077,nan,0.54,-1
1943,1302.49,864.076,18.8428,0.003,1.028,nan,0.098,nan,0.33,-1
2001,1204.97,1061.06,18.7431,0.003,1.189,nan,0.087,nan,0.82,-1
1974,1264.07,1286.27,18.7554,0.0026,0.935,nan,0.07,nan,0.28,-1
1875,1178.27,763.7,18.6081,0.0024,1.084,nan,0.092,nan,0.49,-1
2098,1424.94,1209.09,18.9689,0.003,0.922,nan,0.082,nan,0.65,-1
2043,1264.09,1015.08,18.9895,0.0034,0.663,nan,0.074,nan,0.06,-1
2096,1099.62,955.374,18.7946,0.0027,0.828,nan,0.096,nan,0.5,-1
2132,1213.62,922.723,18.8727,0.0027,0.905,nan,0.087,nan,0.76,-1
2157,1390.48,942.167,18.8813,0.0032,0.676,nan,0.093,nan,0.37,-1
2293,1438.7,1163.6,19.008,0.0029,0.961,nan,0.096,nan,0.49,-1
2378,1095.16,1164.66,19.1236,0.0031,0.757,nan,0.083,nan,0.81,-1
929,1457.8,911.494,17.5353,0.0012,1.056,nan,0.029,nan,0.65,-1
1531,1319.14,1086.86,18.3889,0.0019,1.039,nan,0.069,nan,0.35,-1
1866,1304.52,1155.75,18.6171,0.0024,1.09,nan,0.083,nan,0.32,-1
2005,1201.59,825.475,18.8136,0.0028,0.604,nan,0.067,nan,0.79,-1
