#ID  Gmag   (Vmag-Imag)   (Bmag-Vmag)   e_Gmag   e_(Vmag-Imag)   e_(Bmag-Vmag)   Mini
10      18.3132 1.6521  1.4389  0.0020  0.0491  0.0830  0.9336  
11      18.0293 1.6273  1.4510  0.0017  0.0405  0.0676  0.9809  
12      18.2135 1.5795  1.3363  0.0019  0.0460  0.0773  0.9494  
23      17.3704 1.6405  1.4526  0.0012  0.0265  0.0422  1.9303  
24      17.6836 1.6315  1.3868  0.0014  0.0323  0.0528  1.7414  
15      18.3101 1.5757  1.3096  0.0020  0.0491  0.0830  0.9336  
16      18.3119 1.6195  1.3837  0.0020  0.0491  0.0830  0.9336  
27      17.3706 1.6449  1.4595  0.0012  0.0265  0.0422  1.9303  
18      18.2167 1.6590  1.4700  0.0019  0.0460  0.0773  0.9494  
29      17.3694 1.6170  1.4150  0.0012  0.0265  0.0422  1.9303  
110     18.0251 1.5282  1.2859  0.0017  0.0405  0.0676  0.9809  
211     16.9165 1.4602  1.2380  0.0010  0.0202  0.0307  2.0709  
112     17.7587 1.5345  1.3433  0.0015  0.0339  0.0557  1.0282  
113     17.5092 1.5084  1.3372  0.0013  0.0289  0.0466  1.0754  
214     16.9172 1.4729  1.2573  0.0010  0.0202  0.0307  2.0709  
115     17.5080 1.4824  1.2951  0.0013  0.0289  0.0466  1.0754  
116     17.6685 1.4429  1.2081  0.0014  0.0321  0.0523  1.0439  
117     17.5054 1.4250  1.2028  0.0013  0.0289  0.0466  1.0754  
118     17.7569 1.4936  1.2762  0.0015  0.0339  0.0557  1.0282  
119     17.1738 1.4186  1.2313  0.0011  0.0235  0.0367  1.1419  
120     16.9814 1.3904  1.2034  0.0010  0.0210  0.0321  1.1830  
121     17.1614 1.4318  1.2538  0.0011  0.0233  0.0364  1.1447  
122     17.1732 1.4059  1.2114  0.0011  0.0235  0.0367  1.1419  
123     17.0549 1.3994  1.2123  0.0011  0.0219  0.0338  1.1672  
224     16.6391 1.4279  1.2232  0.0009  0.0173  0.0253  2.1941  
125     17.1731 1.4030  1.2068  0.0011  0.0235  0.0367  1.1419  
126     17.0517 1.3331  1.1101  0.0011  0.0219  0.0338  1.1672  
127     17.0531 1.3613  1.1536  0.0011  0.0219  0.0338  1.1672  
128     16.9787 1.3358  1.1198  0.0010  0.0210  0.0321  1.1830  
229     16.6394 1.4333  1.2310  0.0009  0.0173  0.0253  2.1941  
230     16.6402 1.4503  1.2560  0.0009  0.0173  0.0253  2.1941  
131     17.0525 1.3494  1.1351  0.0011  0.0219  0.0338  1.1672  
232     16.5837 1.4028  1.1842  0.0009  0.0167  0.0243  2.1589  
133     16.5106 1.2750  1.0630  0.0008  0.0161  0.0231  1.2905  
134     16.5765 1.2935  1.0859  0.0008  0.0167  0.0242  1.2748  
235     16.2626 1.3594  1.1494  0.0007  0.0141  0.0195  2.3187  
136     16.5764 1.2927  1.0849  0.0008  0.0167  0.0242  1.2748  
237     16.3671 1.3641  1.1470  0.0008  0.0149  0.0210  2.2601  
138     16.7634 1.3255  1.1207  0.0009  0.0185  0.0276  1.2302  
139     16.5101 1.2661  1.0502  0.0008  0.0161  0.0231  1.2905  
140     16.4470 1.2725  1.0631  0.0008  0.0155  0.0221  1.3063  
241     16.5064 1.3816  1.1599  0.0008  0.0160  0.0231  2.1705  
242     16.2630 1.3675  1.1607  0.0007  0.0141  0.0195  2.3187  
143     16.7626 1.3105  1.0984  0.0009  0.0185  0.0276  1.2302  
144     16.3851 1.2600  1.0488  0.0008  0.0150  0.0212  1.3220  
145     16.3851 1.2596  1.0483  0.0008  0.0150  0.0212  1.3220  
146     16.3242 1.2650  1.0591  0.0008  0.0146  0.0203  1.3378  
247     15.5868 1.2473  1.0340  0.0006  0.0103  0.0124  2.6598  
148     16.2622 1.2364  1.0226  0.0007  0.0141  0.0195  1.3535  
149     16.2028 1.2113  0.9917  0.0007  0.0137  0.0187  1.3693  
150     16.2628 1.2473  1.0376  0.0007  0.0141  0.0195  1.3535  
151     16.2621 1.2351  1.0207  0.0007  0.0141  0.0195  1.3535  
152     16.2631 1.2536  1.0463  0.0007  0.0141  0.0195  1.3535  
153     15.7590 1.1432  0.9321  0.0006  0.0111  0.0139  1.4953  
154     15.9748 1.1841  0.9685  0.0007  0.0123  0.0161  1.4323  
255     15.6775 1.2295  1.0063  0.0006  0.0107  0.0132  2.5077  
256     15.7082 1.2417  1.0191  0.0006  0.0108  0.0134  2.5077  
157     16.0313 1.2078  0.9970  0.0007  0.0126  0.0167  1.4166  
258     15.7084 1.2469  1.0255  0.0006  0.0108  0.0134  2.5077  
259     15.4638 1.1955  0.9773  0.0005  0.0098  0.0115  2.6563  
160     16.0308 1.1987  0.9849  0.0007  0.0126  0.0167  1.4166  
161     15.5167 1.0924  0.8903  0.0006  0.0100  0.0119  1.5714  
262     15.0634 1.1305  0.9190  0.0005  0.0084  0.0089  2.9407  
163     15.5164 1.0871  0.8840  0.0006  0.0100  0.0119  1.5714  
164     15.4680 1.0773  0.8765  0.0005  0.0098  0.0115  1.5871  
165     15.6563 1.1222  0.9137  0.0006  0.0106  0.0130  1.5270  
266     15.0641 1.1443  0.9337  0.0005  0.0084  0.0089  2.9407  
167     15.6564 1.1238  0.9158  0.0006  0.0106  0.0130  1.5270  
168     15.2399 1.0113  0.8267  0.0005  0.0090  0.0099  1.6658  
269     15.0820 1.1002  0.8940  0.0005  0.0085  0.0090  2.8543  
270     15.1373 1.1082  0.8991  0.0005  0.0086  0.0093  2.8174  
271     15.0832 1.1206  0.9156  0.0005  0.0085  0.0090  2.8543  
172     15.2614 1.0079  0.8203  0.0005  0.0090  0.0101  1.6579  
273     14.4435 0.9962  0.8158  0.0004  0.0070  0.0062  3.3632  
174     15.0501 0.9603  0.7932  0.0005  0.0084  0.0088  1.7367  
175     14.9694 0.9333  0.7720  0.0005  0.0081  0.0084  1.7682  
176     15.0292 0.9468  0.7811  0.0005  0.0083  0.0087  1.7446  
177     15.0285 0.9340  0.7677  0.0005  0.0083  0.0087  1.7446  
178     15.0703 0.9608  0.7914  0.0005  0.0084  0.0089  1.7288  
179     14.7625 0.8797  0.7315  0.0004  0.0076  0.0074  1.8535  
280     14.2056 0.9301  0.7683  0.0004  0.0066  0.0054  3.5430  
281     14.2137 0.9357  0.7721  0.0004  0.0066  0.0054  3.5351  
182     14.6560 0.8485  0.7043  0.0004  0.0074  0.0070  1.9001  
283     14.2742 0.9342  0.7623  0.0004  0.0067  0.0056  3.4564  
184     14.5717 0.8417  0.6970  0.0004  0.0072  0.0066  1.9382  
185     14.4640 0.8120  0.6706  0.0004  0.0070  0.0062  1.9880  
186     14.4319 0.8047  0.6640  0.0004  0.0069  0.0061  2.0031  
187     14.5545 0.8279  0.6844  0.0004  0.0072  0.0066  1.9458  
188     14.4002 0.7959  0.6559  0.0004  0.0069  0.0060  2.0182  
189     14.3689 0.7939  0.6536  0.0004  0.0068  0.0059  2.0333  
190     14.2467 0.7578  0.6220  0.0004  0.0066  0.0055  2.0935  
191     14.2767 0.7682  0.6309  0.0004  0.0067  0.0056  2.0787  
192     14.1336 0.7602  0.6195  0.0004  0.0064  0.0052  2.1517  
193     14.1046 0.7510  0.6107  0.0004  0.0064  0.0051  2.1668  
194     14.1569 0.7671  0.6261  0.0004  0.0065  0.0052  2.1395  
195     13.9679 0.7253  0.5849  0.0003  0.0062  0.0047  2.2398  
196     14.0259 0.7332  0.5935  0.0003  0.0063  0.0049  2.2084  
297     13.5058 0.7818  0.6316  0.0003  0.0057  0.0038  4.1320  
298     13.0097 0.7100  0.5643  0.0003  0.0053  0.0030  4.7061  
199     13.6634 0.7043  0.5559  0.0003  0.0059  0.0041  2.4101  
2100    13.2214 0.7352  0.5901  0.0003  0.0055  0.0033  4.4471  
1101    13.6631 0.6992  0.5524  0.0003  0.0059  0.0041  2.4101  
1102    13.6630 0.6978  0.5515  0.0003  0.0059  0.0041  2.4101  
1103    13.4718 0.6859  0.5353  0.0003  0.0057  0.0037  2.5189  
1104    13.3096 0.6755  0.5223  0.0003  0.0055  0.0035  2.6095  
2105    12.8387 0.7103  0.5516  0.0003  0.0052  0.0028  4.7622  
1106    13.2763 0.6774  0.5220  0.0003  0.0055  0.0034  2.6278  
1107    13.1052 0.6731  0.5144  0.0003  0.0054  0.0032  2.7200  
2108    12.5176 0.6768  0.5220  0.0003  0.0051  0.0025  5.2330  
2109    12.6087 0.6943  0.5327  0.0003  0.0051  0.0026  4.8598  
1110    12.7260 0.6590  0.4988  0.0003  0.0052  0.0027  2.9069  
1111    12.5860 0.6755  0.5067  0.0003  0.0051  0.0026  2.9705  
1112    12.6461 0.6649  0.5014  0.0003  0.0051  0.0027  2.9435  
1113    12.3669 0.6754  0.5072  0.0003  0.0050  0.0024  3.0596  
1114    12.4778 0.6754  0.5058  0.0003  0.0051  0.0025  3.0154  
1115    12.0038 0.6981  0.5268  0.0002  0.0049  0.0022  3.1866  
2116    11.5435 0.7111  0.5410  0.0002  0.0048  0.0019  5.9266  
1117    11.7261 1.8169  1.6375  0.0002  0.0048  0.0020  3.4074  
1118    10.3895 2.2036  2.0312  0.0002  0.0046  0.0016  3.4936  
