#ID  Gmag   (Vmag-Imag)   (Bmag-Vmag)   e_Gmag   e_(Vmag-Imag)   e_(Bmag-Vmag)   Mini
20      14.8849 0.5904  0.4321  0.0004  0.0160  0.0142  7.7928  
11      17.0228 0.7163  0.5657  0.0008  0.0264  0.0279  2.2626  
22      17.6064 1.0562  0.8143  0.0011  0.0311  0.0340  2.9610  
13      13.9031 0.5014  0.3353  0.0004  0.0135  0.0108  7.7103  
24      16.2187 0.7527  0.5813  0.0006  0.0214  0.0214  4.7008  
15      17.1404 0.6426  0.4874  0.0008  0.0272  0.0290  2.1551  
16      14.5957 0.5500  0.3840  0.0004  0.0151  0.0131  5.9057  
27      16.2170 0.6874  0.5159  0.0006  0.0214  0.0214  4.7008  
18      15.7739 0.6200  0.4596  0.0005  0.0193  0.0186  3.7343  
29      16.0529 0.6529  0.4982  0.0005  0.0205  0.0203  4.9170  
110     16.8032 0.6835  0.5287  0.0007  0.0248  0.0259  2.4777  
211     18.4541 1.4960  1.2482  0.0021  0.0403  0.0455  2.6350  
112     17.6145 0.8360  0.6814  0.0011  0.0312  0.0341  1.7813  
113     18.0066 1.1977  0.9554  0.0015  0.0351  0.0390  1.4971  
114     17.2549 0.7442  0.5970  0.0009  0.0281  0.0301  2.0611  
115     17.1429 0.7273  0.5776  0.0008  0.0272  0.0290  2.1551  
216     18.6586 1.4586  1.1856  0.0025  0.0431  0.0489  2.4765  
117     16.3261 0.6218  0.4632  0.0006  0.0220  0.0222  3.0276  
118     18.0077 1.2236  0.9841  0.0015  0.0351  0.0390  1.4971  
119     13.1548 0.5123  0.3334  0.0004  0.0121  0.0089  9.9095  
120     16.0375 0.6359  0.4755  0.0005  0.0205  0.0202  3.3782  
221     17.6685 1.0989  0.8501  0.0011  0.0317  0.0347  2.9013  
122     18.1645 1.2156  0.9644  0.0016  0.0368  0.0412  1.4678  
123     14.0878 0.5398  0.3700  0.0004  0.0139  0.0113  7.1717  
124     14.7668 0.5327  0.3787  0.0004  0.0156  0.0137  5.4949  
125     11.8801 0.4912  0.3109  0.0004  0.0106  0.0066  14.0818 
126     15.7434 0.6313  0.4703  0.0005  0.0191  0.0184  3.7788  
127     16.3268 0.6497  0.4914  0.0006  0.0220  0.0222  3.0276  
128     15.7125 0.6326  0.4714  0.0005  0.0190  0.0183  3.8233  
129     16.2184 0.6397  0.4804  0.0006  0.0214  0.0214  3.1556  
130     18.0082 1.2358  0.9976  0.0015  0.0351  0.0390  1.4971  
131     16.1082 0.6544  0.4942  0.0005  0.0208  0.0207  3.2891  
132     15.7730 0.5816  0.4225  0.0005  0.0193  0.0186  3.7343  
133     13.2084 0.5163  0.3366  0.0004  0.0122  0.0090  9.7437  
234     16.0709 0.7227  0.5639  0.0005  0.0206  0.0204  4.9405  
235     18.4998 1.5139  1.2652  0.0021  0.0409  0.0462  2.6075  
136     14.8426 0.5223  0.3708  0.0004  0.0158  0.0140  5.3298  
237     17.7600 1.3192  1.0635  0.0012  0.0325  0.0358  2.8113  
138     14.5489 0.5407  0.3746  0.0004  0.0150  0.0129  6.0113  
239     16.0704 0.7048  0.5462  0.0005  0.0206  0.0204  4.9405  
140     14.7143 0.5440  0.3852  0.0004  0.0155  0.0135  5.6188  
141     15.4789 0.5690  0.4116  0.0005  0.0180  0.0170  4.1739  
242     17.6104 1.1699  0.9384  0.0011  0.0311  0.0340  2.9610  
143     16.9933 0.6778  0.5246  0.0008  0.0261  0.0276  2.2895  
244     16.8574 0.8854  0.6918  0.0007  0.0252  0.0264  3.5439  
145     17.9372 1.1140  0.8971  0.0014  0.0343  0.0380  1.5643  
246     14.4764 0.5967  0.4358  0.0004  0.0148  0.0126  9.1699  
147     17.4924 0.8411  0.6994  0.0010  0.0301  0.0326  1.8534  
148     18.4856 1.3165  1.0599  0.0021  0.0407  0.0460  1.4190  
149     18.0271 1.2207  0.9776  0.0015  0.0353  0.0392  1.4908  
150     16.8294 0.6808  0.5259  0.0007  0.0250  0.0262  2.4508  
151     17.8654 0.9464  0.7619  0.0013  0.0336  0.0371  1.6700  
152     16.3557 0.6783  0.5205  0.0006  0.0221  0.0224  2.9934  
253     15.3422 0.6422  0.4812  0.0004  0.0175  0.0163  6.5013  
154     15.6231 0.5961  0.4369  0.0005  0.0186  0.0178  3.9569  
155     17.5138 0.7721  0.6233  0.0010  0.0303  0.0329  1.8365  
156     14.1902 0.5492  0.3800  0.0004  0.0141  0.0116  6.8775  
257     16.6962 0.8271  0.6774  0.0007  0.0241  0.0250  3.7612  
158     16.8559 0.6812  0.5264  0.0007  0.0252  0.0264  2.4239  
159     12.6353 0.4837  0.3070  0.0004  0.0114  0.0078  11.6535 
260     14.9721 0.6055  0.4461  0.0004  0.0162  0.0146  7.5547  
261     12.5212 0.5124  0.3329  0.0004  0.0113  0.0076  18.6259 
262     17.1160 1.0025  0.8141  0.0008  0.0270  0.0288  3.3241  
163     16.8035 0.6965  0.5423  0.0007  0.0248  0.0259  2.4777  
264     18.1093 1.4277  1.1665  0.0016  0.0362  0.0403  2.6610  
265     17.7985 1.2116  0.9605  0.0012  0.0329  0.0362  2.7090  
166     16.5572 0.6454  0.4882  0.0006  0.0233  0.0239  2.7504  
267     18.0689 1.3421  1.0698  0.0015  0.0357  0.0398  2.6309  
168     17.4247 0.7827  0.6379  0.0010  0.0295  0.0319  1.9059  
269     15.5411 0.6455  0.4859  0.0005  0.0183  0.0173  6.0526  
270     14.3767 0.5590  0.4039  0.0004  0.0146  0.0123  9.4554  
171     16.8031 0.6816  0.5267  0.0007  0.0248  0.0259  2.4777  
172     10.8578 0.5067  0.3244  0.0004  0.0098  0.0055  17.2171 
273     16.4267 0.6959  0.5427  0.0006  0.0225  0.0229  4.2465  
174     17.5194 0.8369  0.6935  0.0010  0.0303  0.0330  1.8340  
175     19.5855 1.5290  1.2758  0.0057  0.0587  0.0679  1.2660  
176     16.2554 0.6221  0.4631  0.0006  0.0216  0.0217  3.1111  
177     17.1406 0.6493  0.4946  0.0008  0.0272  0.0290  2.1551  
278     16.3885 0.7726  0.6024  0.0006  0.0223  0.0226  4.3977  
179     16.9935 0.6853  0.5325  0.0008  0.0261  0.0276  2.2895  
180     16.4642 0.6627  0.5052  0.0006  0.0227  0.0232  2.8632  
281     16.6947 0.7725  0.6207  0.0007  0.0241  0.0250  3.7612  
182     17.8400 0.8496  0.6586  0.0013  0.0334  0.0368  1.6787  
183     17.7477 0.8533  0.6801  0.0012  0.0324  0.0357  1.7299  
284     14.3775 0.5900  0.4300  0.0004  0.0146  0.0123  9.4554  
285     10.5201 0.5085  0.3269  0.0004  0.0096  0.0052  31.5516 
186     16.9095 0.6926  0.5386  0.0007  0.0256  0.0269  2.3701  
187     14.2688 0.5339  0.3689  0.0004  0.0143  0.0119  6.6557  
188     14.1644 0.5508  0.3808  0.0004  0.0140  0.0116  6.9529  
289     14.4747 0.5503  0.3969  0.0004  0.0148  0.0126  9.2163  
190     15.7732 0.5912  0.4318  0.0005  0.0193  0.0186  3.7343  
291     17.1155 0.9876  0.7982  0.0008  0.0270  0.0288  3.3241  
192     13.5785 0.5107  0.3302  0.0004  0.0128  0.0099  8.7064  
193     14.2689 0.5401  0.3741  0.0004  0.0143  0.0119  6.6557  
194     15.7120 0.6128  0.4523  0.0005  0.0190  0.0183  3.8233  
195     12.8486 0.5096  0.3283  0.0004  0.0117  0.0082  10.9136 
296     17.4791 1.0475  0.8368  0.0010  0.0300  0.0325  3.0694  
197     17.1423 0.7077  0.5568  0.0008  0.0272  0.0290  2.1551  
198     14.7819 0.5382  0.3841  0.0004  0.0157  0.0138  5.4612  
199     16.6050 0.6576  0.5007  0.0006  0.0236  0.0243  2.6945  
2100    16.8580 0.9060  0.7134  0.0007  0.0252  0.0264  3.5439  
2101    17.4891 1.2672  1.0221  0.0010  0.0300  0.0326  2.9073  
2102    10.1737 0.4936  0.3178  0.0004  0.0094  0.0049  33.2118 
1103    17.5474 0.8361  0.6901  0.0011  0.0306  0.0333  1.8165  
1104    17.8253 0.9392  0.7609  0.0013  0.0332  0.0366  1.6913  
1105    16.2942 0.6552  0.4967  0.0006  0.0218  0.0220  3.0666  
1106    17.9283 1.1321  0.9134  0.0014  0.0342  0.0379  1.5506  
2107    13.5202 0.5407  0.3749  0.0004  0.0127  0.0097  13.2919 
1108    17.9350 1.0586  0.8358  0.0014  0.0343  0.0380  1.5643  
2109    17.3119 0.9535  0.7440  0.0009  0.0286  0.0307  3.1658  
2110    17.1696 0.9171  0.6948  0.0008  0.0275  0.0293  3.2304  
2111    12.8646 0.5320  0.3505  0.0004  0.0117  0.0083  16.9623 
2112    16.0531 0.6607  0.5058  0.0005  0.0205  0.0203  4.9170  
2113    14.8963 0.6160  0.4552  0.0004  0.0160  0.0142  7.8296  
1114    16.5104 0.6587  0.5015  0.0006  0.0230  0.0236  2.8066  
1115    14.2158 0.5462  0.3781  0.0004  0.0142  0.0117  6.8023  
2116    16.8564 0.8517  0.6566  0.0007  0.0252  0.0264  3.5439  
2117    17.4963 1.0810  0.8617  0.0010  0.0301  0.0327  2.9606  
