ID,x,y,Gmag,e_Gmag,BV,UB,BVerr,UBerr,Plx,pmRA,pmDE,e_Plx,e_pmRA,e_pmDE,MP,sel
19,923.63,1405.41,13.7785,0.003,0.444,0.118,0.01,0.008,0.3307,-5.098,2.291,0.0212,0.034,0.033,0.854,1
4,997.612,1159.87,11.9062,0.0004,0.433,-0.071,0.006,0.005,1.7058,-12.007,1.926,0.0316,0.05,0.051,0.85,1
29,964.46,1102.94,14.1242,0.0002,0.774,0.126,0.006,0.009,0.7261,-8.932,5.901,0.023,0.037,0.039,0.845,1
7,1136.41,1451.94,12.1242,0.0003,1.374,1.128,0.009,0.009,0.5297,-5.118,2.384,0.0372,0.057,0.057,0.844,1
26,1081.19,1453.39,13.9851,0.0002,0.741,0.359,0.008,0.008,0.3988,-6.595,5.043,0.0238,0.037,0.035,0.844,1
16,1237.03,1096.43,13.3411,0.0004,0.678,-0.073,0.008,0.008,1.6833,-12.068,2.792,0.0187,0.03,0.028,0.838,1
10,748.797,1137.8,12.7458,0.0003,1.47,1.222,0.009,0.014,0.266,-6.348,3.706,0.0319,0.057,0.049,0.835,1
46,1157.12,1208.93,14.3175,0.0003,1.405,1.187,0.009,0.029,0.2016,-4.766,3.201,0.0231,0.037,0.036,0.829,1
64,1273.59,1248.58,14.6453,0.0003,1.405,1.056,0.009,0.04,0.1885,-2.999,1.557,0.0259,0.041,0.039,0.829,1
248,1028.82,1346.76,16.6019,0.0007,0.931,0.302,0.011,0.054,0.1294,-5.633,4.492,0.0601,0.101,0.096,0.793,1
290,1029.16,1621.64,16.8195,0.0008,0.857,0.059,0.013,0.06,0.4058,-5.952,4.186,0.0676,0.118,0.111,0.785,1
309,857.803,1094.83,16.9074,0.0006,0.939,0.265,0.014,0.059,0.419,-8.991,5.41,0.0667,0.114,0.111,0.779,1
267,996.828,1555.04,16.7319,0.0007,0.854,0.133,0.016,0.058,0.1547,-7.135,3.901,0.0708,0.134,0.112,0.777,1
244,1116.71,1412.0,16.6348,0.0009,0.91,0.253,0.013,0.052,0.2149,0.294,2.183,0.0669,0.108,0.105,0.775,1
294,1234.74,1647.96,16.8644,0.0008,0.824,0.015,0.015,0.048,0.2559,-4.256,2.57,0.0763,0.133,0.129,0.772,1
293,1342.63,1288.99,16.872,0.0007,0.831,0.134,0.014,0.061,0.3621,-4.895,0.975,0.0664,0.112,0.106,0.771,1
297,1324.5,1223.32,16.8644,0.0007,0.917,0.085,0.017,0.048,0.2159,-8.408,4.771,0.0673,0.111,0.106,0.759,1
76,1087.83,1820.18,15.0745,0.0004,0.791,0.14,0.009,0.016,0.3923,-8.443,5.119,0.0302,0.05,0.047,0.84,0
41,937.405,1708.36,14.4399,0.0003,0.913,0.24,0.009,0.014,0.4608,-5.308,1.88,0.0259,0.043,0.041,0.835,0
104,1288.41,1453.0,15.5068,0.0006,0.805,0.065,0.01,0.017,0.5365,-7.375,4.125,0.0356,0.058,0.058,0.833,0
105,973.352,1435.15,15.6107,0.0005,0.615,0.531,0.009,0.019,0.1191,-5.728,4.731,0.0382,0.063,0.061,0.825,0
117,806.259,1076.99,15.6296,0.0005,0.848,0.172,0.009,0.023,0.4217,-8.352,6.869,0.0358,0.058,0.057,0.825,0
27,719.437,1495.36,13.6843,0.0003,1.57,1.527,0.011,0.032,0.3532,-1.084,-0.036,0.0224,0.038,0.035,0.813,0
133,976.077,1367.72,15.5545,0.0005,1.31,0.733,0.011,0.047,0.104,-3.958,1.702,0.0372,0.062,0.063,0.809,0
169,831.222,1464.43,15.8988,0.0006,1.031,0.396,0.011,0.04,0.7265,-7.978,3.33,0.0449,0.072,0.07,0.804,0
196,1000.59,1014.6,16.3241,0.0007,0.744,0.186,0.012,0.035,0.0819,-5.41,4.757,0.0541,0.096,0.084,0.801,0
119,1160.41,991.237,15.6577,0.0006,0.67,0.103,0.019,0.017,0.4265,-6.452,4.616,0.0389,0.062,0.059,0.777,0
238,851.157,1065.42,16.5623,0.0006,0.984,0.234,0.014,0.051,0.2414,-4.892,6.088,0.0552,0.095,0.092,0.772,0
20,873.031,1559.86,13.8522,0.0002,0.74,0.088,0.032,0.048,1.9329,-16.604,15.047,0.0214,0.036,0.033,0.758,0
201,1046.52,1194.44,16.3532,0.0013,0.919,0.188,0.011,0.043,-0.8457,-5.806,2.444,0.2181,0.362,0.366,0.757,0
288,861.289,1126.96,16.8048,0.0008,0.96,0.145,0.016,0.075,0.4679,-9.805,3.152,0.0643,0.109,0.106,0.756,0
230,1091.79,1178.06,16.6245,0.0023,0.79,0.344,0.013,0.051,1.0943,-3.52,7.15,0.5236,0.854,0.834,0.748,0
452,1088.46,1299.1,17.393,0.0011,0.847,0.145,0.02,0.08,0.152,-5.242,4.418,0.0969,0.153,0.155,0.72,0
306,900.884,1506.04,16.9264,0.0035,0.915,0.133,0.026,0.07,0.633,-5.769,3.574,0.1556,0.259,0.244,0.695,0
236,1109.11,1173.9,16.7737,0.0008,0.416,0.136,0.012,0.03,0.0546,-2.789,1.831,0.076,0.124,0.12,0.773,0
21,1154.96,1128.83,13.1264,0.0005,1.973,nan,0.008,nan,0.1624,-5.619,4.646,0.0352,0.054,0.054,0.84,-1
36,995.898,1589.61,13.8764,0.0003,1.751,nan,0.009,nan,0.1003,-5.686,4.742,0.0228,0.04,0.036,0.84,-1
37,1105.47,1690.18,13.8495,0.0003,1.808,nan,0.009,nan,0.0553,-5.655,4.641,0.0236,0.038,0.036,0.84,-1
43,1461.86,1434.45,13.5132,0.0035,2.115,nan,0.01,nan,0.0089,-3.145,1.674,0.0352,0.057,0.054,0.85,-1
55,772.173,1575.9,14.2284,0.0003,1.717,nan,0.011,nan,0.1093,-5.723,4.609,0.0232,0.041,0.036,0.84,-1
70,1061.99,1763.03,14.511,0.0003,1.758,nan,0.009,nan,0.0674,-4.272,2.5,0.0249,0.041,0.039,0.86,-1
102,996.901,1822.09,14.9185,0.0004,1.777,nan,0.012,nan,0.0658,-3.603,2.261,0.0293,0.048,0.046,0.84,-1
106,1294.43,1134.34,15.283,0.0004,1.386,nan,0.01,nan,0.1342,-5.73,4.719,0.0322,0.052,0.05,0.83,-1
123,1283.78,1358.63,15.4545,0.0005,1.305,nan,0.015,nan,0.0464,-2.991,0.252,0.0361,0.061,0.058,0.81,-1
154,1030.38,1390.26,15.6213,0.0005,1.441,nan,0.01,nan,0.1269,-5.785,4.591,0.0379,0.061,0.059,0.83,-1
177,923.703,1587.49,15.7769,0.0006,1.454,nan,0.013,nan,0.1275,-5.723,4.656,0.04,0.071,0.062,0.83,-1
190,1224.13,1375.11,16.0507,0.0006,1.277,nan,0.015,nan,0.1528,-3.908,3.717,0.0453,0.072,0.071,0.8,-1
198,937.629,1156.52,16.0678,0.0006,1.42,nan,0.013,nan,0.1073,-8.222,6.75,0.0443,0.074,0.076,0.81,-1
254,1171.81,1411.76,16.4161,0.0008,1.366,nan,0.016,nan,-0.0203,-5.798,4.513,0.0549,0.092,0.087,0.8,-1
256,1038.71,1154.54,16.5948,0.0012,1.22,nan,0.017,nan,0.2136,-5.499,4.609,0.0775,0.134,0.132,0.77,-1
263,1128.06,1769.86,17.0041,0.0037,0.974,nan,0.027,nan,0.7408,-7.492,5.048,0.1977,0.321,0.312,0.74,-1
276,1019.62,1709.53,16.752,0.0006,0.898,nan,0.014,nan,0.2162,-4.486,1.512,0.0638,0.11,0.104,0.8,-1
286,970.287,1594.71,16.6706,0.0007,1.156,nan,0.015,nan,0.136,-6.635,3.507,0.0749,0.154,0.134,0.79,-1
292,964.228,1581.99,16.1956,0.001,1.514,nan,0.019,nan,3.7532,12.719,-85.889,0.0667,0.123,0.113,0.77,-1
303,656.093,1415.35,16.7455,0.0007,1.163,nan,0.017,nan,0.4144,-7.279,4.859,0.063,0.108,0.103,0.79,-1
314,894.745,1340.8,16.9473,0.0008,0.809,nan,0.017,nan,0.1672,-6.053,5.134,0.077,0.133,0.128,0.78,-1
316,650.008,1521.03,16.8504,0.0008,1.021,nan,0.018,nan,0.3702,-8.335,-0.047,0.0733,0.124,0.129,0.77,-1
318,1368.77,1524.45,16.8843,0.0007,1.077,nan,0.017,nan,0.799,-4.976,1.08,0.0705,0.119,0.114,0.78,-1
319,1014.78,1153.3,16.7668,0.0008,1.283,nan,0.023,nan,0.2021,-4.277,3.385,0.0657,0.112,0.112,0.77,-1
321,771.689,1162.6,16.9419,0.0008,0.989,nan,0.016,nan,0.7029,-4.928,2.388,0.0713,0.122,0.115,0.79,-1
322,1352.29,1411.3,16.9188,0.0007,0.98,nan,0.017,nan,0.3069,-6.771,2.187,0.0674,0.114,0.108,0.8,-1
330,723.781,1507.54,16.8821,0.0008,1.056,nan,0.017,nan,0.548,-8.48,8.617,0.0751,0.132,0.124,0.79,-1
332,1388.47,1519.09,16.7864,0.0007,1.278,nan,0.019,nan,0.0435,-4.083,3.085,0.064,0.108,0.106,0.77,-1
337,1291.49,1416.24,16.9484,0.0008,0.984,nan,0.016,nan,0.3625,-9.663,5.256,0.0695,0.118,0.114,0.79,-1
342,1215.43,1675.45,16.9642,0.0008,0.984,nan,0.015,nan,0.6507,-8.992,-0.265,0.0783,0.129,0.123,0.79,-1
350,794.344,1452.16,17.1045,0.0024,1.447,nan,0.017,nan,-0.1593,-4.306,3.38,0.0858,0.145,0.139,0.79,-1
353,952.667,1479.66,16.8622,0.0007,1.366,nan,0.022,nan,0.0926,-5.659,4.589,0.067,0.114,0.11,0.77,-1
355,1008.64,1229.34,17.0545,0.0008,0.95,nan,0.016,nan,0.1051,-5.849,4.335,0.0735,0.119,0.124,0.79,-1
361,809.953,1258.54,18.0402,0.0017,0.889,nan,0.033,nan,0.1447,-5.018,2.602,0.1792,0.568,0.441,0.83,-1
362,979.193,1513.69,16.8824,0.0008,1.343,nan,0.016,nan,0.1959,-5.697,4.721,0.0695,0.119,0.114,0.78,-1
368,1052.14,1088.64,16.8547,0.0008,1.426,nan,0.019,nan,0.1944,-4.735,3.72,0.0654,0.11,0.107,0.79,-1
377,1033.99,1194.38,17.1817,0.001,0.878,nan,0.017,nan,-0.0795,-5.04,4.059,0.0831,0.131,0.13,0.77,-1
380,1332.95,1369.86,17.1733,0.0007,0.91,nan,0.019,nan,0.0301,-5.58,4.656,0.0814,0.135,0.127,0.78,-1
381,1014.6,1452.8,17.1246,0.0009,1.005,nan,0.015,nan,-0.0044,-5.377,4.825,0.0816,0.134,0.132,0.8,-1
387,1041.82,1816.14,17.0266,0.0008,1.2,nan,0.02,nan,0.0359,-5.66,4.842,0.0737,0.128,0.121,0.77,-1
398,740.586,1641.64,17.1176,0.0008,1.126,nan,0.022,nan,0.7037,-7.046,2.674,0.0772,0.129,0.124,0.76,-1
399,1158.59,1549.84,17.0087,0.0008,1.265,nan,0.023,nan,1.1778,-10.917,8.116,0.0781,0.131,0.121,0.77,-1
402,886.361,1625.16,17.179,0.0008,1.01,nan,0.019,nan,0.2174,-4.597,4.504,0.0829,0.14,0.138,0.78,-1
405,1108.66,1413.02,17.194,0.0011,0.951,nan,0.018,nan,0.1281,-5.878,4.052,0.087,0.137,0.131,0.78,-1
416,847.179,1215.7,17.2774,0.001,1.002,nan,0.02,nan,0.3668,-6.316,6.315,0.0846,0.138,0.134,0.78,-1
418,829.687,1651.21,17.2319,0.0008,0.984,nan,0.022,nan,0.0606,-5.783,4.707,0.0886,0.144,0.139,0.76,-1
419,1065.66,1367.23,17.2642,0.0009,0.955,nan,0.021,nan,-0.1607,-5.841,4.602,0.085,0.14,0.134,0.78,-1
423,1346.29,1509.74,17.2836,0.0009,1.025,nan,0.022,nan,0.2588,-3.656,3.501,0.096,0.156,0.148,0.77,-1
820,1092.88,1528.23,18.1921,0.0016,0.897,nan,0.033,nan,0.3248,-5.782,4.709,0.1537,0.254,0.249,0.74,-1
429,1024.66,1578.57,17.1651,0.0009,1.268,nan,0.021,nan,0.0565,-5.815,4.545,0.0884,0.16,0.138,0.78,-1
434,903.085,1397.2,17.3957,0.001,1.198,nan,0.056,nan,0.1676,-5.787,4.512,0.0928,0.148,0.143,0.71,-1
442,1019.83,1326.09,17.2537,0.0009,1.171,nan,0.02,nan,0.4771,-6.953,2.407,0.0838,0.14,0.134,0.77,-1
443,977.108,1184.63,17.2867,0.0011,1.039,nan,0.017,nan,0.2202,-5.59,4.289,0.0891,0.149,0.159,0.77,-1
449,1293.3,1571.52,17.3288,0.0009,0.975,nan,0.019,nan,0.2588,-5.753,4.588,0.0913,0.162,0.14,0.77,-1
456,1068.35,1239.82,17.4426,0.0011,0.78,nan,0.019,nan,0.1858,-5.917,4.456,0.1002,0.157,0.149,0.78,-1
457,1409.21,1504.19,17.2281,0.0008,1.304,nan,0.025,nan,-0.0544,-5.78,4.752,0.0797,0.131,0.126,0.76,-1
458,758.768,1651.58,17.3596,0.0009,0.988,nan,0.022,nan,0.2017,-6.913,4.417,0.0885,0.147,0.142,0.85,-1
459,954.536,1160.54,17.2813,0.0009,1.13,nan,0.022,nan,0.4156,-6.973,3.548,0.0901,0.145,0.149,0.77,-1
464,1067.72,1604.57,17.3274,0.0008,1.001,nan,0.02,nan,0.4057,-4.594,5.373,0.088,0.158,0.139,0.77,-1
468,1255.3,1659.59,17.3612,0.0009,0.943,nan,0.022,nan,0.0465,-5.796,4.673,0.0903,0.149,0.142,0.85,-1
475,917.015,1039.67,17.4601,0.0073,0.926,nan,0.022,nan,nan,nan,nan,nan,nan,nan,0.83,-1
477,773.49,1511.97,17.3966,0.001,0.977,nan,0.023,nan,0.2863,-8.426,6.207,0.1023,0.167,0.153,0.76,-1
490,1096.24,1459.31,17.3871,0.001,0.999,nan,0.024,nan,0.1161,-5.574,4.671,0.1051,0.164,0.168,0.76,-1
492,1152.33,1104.01,17.2275,0.0009,1.333,nan,0.032,nan,1.1439,-10.922,6.182,0.0896,0.144,0.14,0.74,-1
493,1008.36,1316.81,17.4535,0.001,0.943,nan,0.024,nan,0.0086,-5.553,4.692,0.0974,0.159,0.149,0.84,-1
499,1290.08,1660.13,17.4037,0.0011,1.106,nan,0.025,nan,0.1814,-5.832,4.435,0.0998,0.159,0.172,0.75,-1
502,681.705,1230.18,17.5134,0.001,0.818,nan,0.024,nan,0.31,-5.299,1.721,0.0996,0.164,0.153,0.75,-1
504,800.361,1464.49,17.8555,0.0016,0.99,nan,0.064,nan,0.5551,-4.939,4.309,0.1743,0.286,0.272,0.84,-1
507,996.786,1383.76,17.0659,0.0009,1.528,nan,0.032,nan,1.6244,-16.179,5.781,0.0809,0.141,0.139,0.76,-1
510,1150.83,1218.99,17.5858,0.0015,0.814,nan,0.029,nan,-0.2239,-6.051,2.736,0.1517,0.246,0.235,0.74,-1
512,1422.58,1668.55,17.467,0.0009,0.988,nan,0.023,nan,0.2358,-5.832,8.383,0.1011,0.163,0.154,0.78,-1
516,1150.67,1484.55,17.5121,0.001,0.93,nan,0.024,nan,0.2769,-5.584,4.45,0.1036,0.173,0.172,0.74,-1
518,1036.45,1210.99,17.4493,0.001,1.087,nan,0.024,nan,0.1009,-5.52,4.455,0.0916,0.149,0.155,0.75,-1
522,1026.94,1528.25,17.4322,0.001,1.067,nan,0.021,nan,0.0179,-5.689,4.835,0.0991,0.168,0.162,0.76,-1
523,1403.61,1392.0,17.578,0.0011,0.828,nan,0.022,nan,-0.0542,-5.852,4.571,0.0973,0.16,0.154,0.77,-1
528,1205.77,1430.46,17.6181,0.0043,1.113,nan,0.026,nan,2.9327,0.77,14.646,0.7224,1.194,1.167,0.72,-1
533,1359.65,1415.13,17.4023,0.001,1.283,nan,0.025,nan,0.7081,-11.211,7.016,0.0864,0.144,0.138,0.76,-1
535,882.824,1368.33,17.6084,0.0011,0.847,nan,0.023,nan,-0.0164,-4.785,2.829,0.1008,0.167,0.162,0.74,-1
539,994.357,1141.94,17.4258,0.0013,1.185,nan,0.039,nan,1.0883,-9.481,9.545,0.0935,0.177,0.167,0.74,-1
547,1184.58,1459.12,17.3231,0.0017,1.425,nan,0.033,nan,-0.4523,-17.47,0.556,0.3113,0.503,0.525,0.72,-1
551,1129.77,1260.5,17.6264,0.0013,0.942,nan,0.022,nan,-0.1451,-7.405,3.154,0.1268,0.208,0.214,0.75,-1
552,1066.41,1411.56,17.8011,0.0024,0.869,nan,0.035,nan,-0.7933,-6.137,4.739,0.2452,0.396,0.375,0.72,-1
553,1023.98,1412.84,17.5081,0.001,1.094,nan,0.023,nan,0.2194,-5.412,4.726,0.0962,0.159,0.156,0.77,-1
675,1087.07,1424.61,17.8622,0.0023,0.948,nan,0.03,nan,0.0667,-5.753,4.814,0.1278,0.201,0.197,0.86,-1
569,938.709,1384.84,17.6894,0.0011,0.798,nan,0.025,nan,0.1455,-5.694,4.765,0.1096,0.184,0.178,0.85,-1
571,757.749,1278.29,17.6581,0.0011,0.975,nan,0.026,nan,0.4355,-6.782,2.879,0.1067,0.179,0.171,0.75,-1
576,702.203,1212.4,17.6657,0.0012,0.847,nan,0.024,nan,0.1445,-4.511,3.827,0.103,0.171,0.165,0.86,-1
589,807.276,1111.34,17.6943,0.0011,0.917,nan,0.025,nan,0.1381,-5.435,4.728,0.1067,0.176,0.182,0.85,-1
590,763.963,1291.6,17.6602,0.0011,0.942,nan,0.024,nan,0.0156,-4.7,3.633,0.1037,0.172,0.166,0.86,-1
593,1427.99,1551.34,17.7013,0.0011,0.813,nan,0.026,nan,0.291,-4.832,2.882,0.1043,0.173,0.17,0.75,-1
594,809.251,1209.52,17.738,0.0012,0.935,nan,0.024,nan,0.0092,-3.555,2.007,0.1078,0.182,0.182,0.75,-1
606,671.466,1205.99,17.6797,0.001,1.053,nan,0.025,nan,0.134,-4.498,3.408,0.1073,0.177,0.174,0.75,-1
610,949.846,1524.61,17.5812,0.0012,1.255,nan,0.028,nan,-0.0927,-6.014,4.807,0.104,0.173,0.161,0.75,-1
611,980.871,1423.92,17.8183,0.0015,0.892,nan,0.029,nan,0.027,-4.726,4.556,0.1294,0.215,0.212,0.92,-1
612,771.353,1279.54,17.7769,0.0012,0.763,nan,0.026,nan,0.1478,-3.76,2.52,0.1148,0.191,0.18,0.74,-1
617,777.394,1381.13,17.6295,0.0012,1.105,nan,0.022,nan,0.6722,-8.996,5.469,0.1057,0.175,0.18,0.75,-1
619,1038.46,1012.27,17.7858,0.0014,0.898,nan,0.029,nan,0.1993,-5.394,4.531,0.1135,0.184,0.19,0.73,-1
626,1056.43,1143.6,17.2483,0.0017,1.573,nan,0.037,nan,1.731,-14.594,6.959,0.0825,0.134,0.132,0.77,-1
654,957.59,1172.3,17.8205,0.0013,0.907,nan,0.025,nan,0.3313,-3.937,3.651,0.1165,0.189,0.198,0.92,-1
656,1442.49,1269.77,17.8913,0.0013,0.802,nan,0.025,nan,-0.0987,-5.232,4.406,0.1273,0.22,0.219,0.92,-1
657,1114.71,1641.23,17.832,0.0012,0.862,nan,0.024,nan,0.1873,-4.737,3.725,0.1162,0.201,0.191,0.88,-1
659,1163.03,1441.84,17.9285,0.0018,0.872,nan,0.036,nan,0.2015,-4.974,5.133,0.1537,0.252,0.264,0.83,-1
661,698.987,1563.26,17.8242,0.0012,0.929,nan,0.037,nan,0.0814,-5.395,3.319,0.1232,0.22,0.193,0.95,-1
662,795.56,1373.39,17.6691,0.0011,1.253,nan,0.03,nan,0.1493,-5.673,4.541,0.1084,0.178,0.185,0.72,-1
667,941.092,1110.49,17.8815,0.0016,0.928,nan,0.026,nan,0.1668,-5.729,4.71,0.1244,0.208,0.219,0.87,-1
668,996.344,1270.23,17.8881,0.0015,0.923,nan,0.032,nan,0.044,-6.025,4.625,0.1347,0.246,0.209,0.95,-1
672,1086.2,1347.6,17.8953,0.0015,0.925,nan,0.029,nan,0.1568,-5.207,4.788,0.1276,0.215,0.22,0.92,-1
682,763.606,1374.52,17.8119,0.0011,1.008,nan,0.029,nan,0.0178,-4.569,0.877,0.1181,0.194,0.2,0.74,-1
685,1027.72,1745.59,17.8381,0.0012,0.921,nan,0.029,nan,0.3215,-8.458,5.681,0.126,0.206,0.197,0.73,-1
697,1183.95,1608.7,17.9249,0.0014,0.905,nan,0.03,nan,0.1889,-5.867,4.641,0.1368,0.26,0.22,0.84,-1
699,1001.18,1376.11,17.9424,0.0015,0.814,nan,0.027,nan,0.2451,-5.624,2.892,0.1228,0.205,0.198,0.73,-1
703,1103.28,1007.31,18.1864,0.0035,0.866,nan,0.033,nan,4.1197,-2.093,3.055,0.5105,0.81,0.767,0.7,-1
707,1241.86,1339.85,17.9915,0.0013,0.885,nan,0.032,nan,-0.0938,-5.6,4.51,0.1358,0.222,0.222,0.76,-1
710,1365.77,1307.24,18.043,0.0013,0.881,nan,0.028,nan,0.1285,-4.953,4.854,0.1306,0.223,0.215,0.84,-1
712,1007.0,1337.74,17.9799,0.0014,1.006,nan,0.031,nan,0.1218,-4.964,2.235,0.125,0.208,0.202,0.72,-1
715,698.999,1596.29,17.7218,0.0011,1.449,nan,0.039,nan,0.9541,-12.556,6.309,0.114,0.2,0.174,0.74,-1
716,716.96,1348.18,17.9565,0.0013,0.898,nan,0.036,nan,0.054,-5.672,4.93,0.1226,0.211,0.205,0.73,-1
730,960.293,1720.87,17.968,0.0013,0.969,nan,0.034,nan,-0.0928,-5.585,4.621,0.126,0.219,0.21,0.74,-1
739,998.761,1292.9,17.6145,0.0012,1.498,nan,0.039,nan,1.1013,-8.457,5.623,0.1096,0.19,0.163,0.73,-1
741,1266.25,1235.43,17.9891,0.0014,1.151,nan,0.033,nan,0.4333,-2.968,-0.062,0.1315,0.212,0.203,0.73,-1
745,1253.69,1705.78,18.0032,0.0016,0.938,nan,0.028,nan,0.3432,-5.805,5.018,0.1401,0.226,0.216,0.85,-1
750,671.09,1617.78,18.0021,0.0013,0.949,nan,0.031,nan,-0.0056,-5.853,4.477,0.1322,0.216,0.206,0.86,-1
763,1444.3,1334.48,18.139,0.0015,0.85,nan,0.032,nan,0.1935,-4.93,4.233,0.1363,0.224,0.217,0.86,-1
779,905.78,1665.8,18.0927,0.0016,0.937,nan,0.033,nan,0.5009,-5.427,4.52,0.1446,0.247,0.245,0.85,-1
781,1055.52,1320.87,18.1075,0.0015,0.863,nan,0.031,nan,0.1501,-5.73,4.48,0.1397,0.23,0.217,0.74,-1
782,933.315,1469.58,18.2038,0.0054,1.017,nan,0.056,nan,1.2994,0.82,8.296,0.4323,0.681,0.649,0.69,-1
787,938.446,1274.95,18.0825,0.0016,1.018,nan,0.034,nan,0.4595,-6.05,5.089,0.1476,0.246,0.233,0.84,-1
788,1379.96,1562.73,18.067,0.0013,0.692,nan,0.086,nan,0.0909,-5.585,4.874,0.1519,0.26,0.239,0.68,-1
790,1174.47,1420.47,18.09,0.0015,0.84,nan,0.029,nan,0.1215,-4.832,2.758,0.1445,0.238,0.232,0.76,-1
804,1176.22,1403.24,18.1378,0.0015,0.963,nan,0.032,nan,0.2485,-5.527,4.974,0.142,0.235,0.226,0.86,-1
809,978.521,1451.55,18.1244,0.0016,0.921,nan,0.03,nan,0.1744,-5.482,4.527,0.1492,0.248,0.243,0.76,-1
821,847.287,1680.16,18.2057,0.0015,0.827,nan,0.034,nan,0.2325,-5.163,3.441,0.1539,0.262,0.255,0.94,-1
1014,1249.17,1823.55,18.3664,0.0017,1.27,nan,0.054,nan,0.4663,-3.691,-4.355,0.1628,0.275,0.262,0.7,-1
836,784.772,1602.46,18.1031,0.0015,1.153,nan,0.042,nan,0.2048,-6.972,2.712,0.1479,0.263,0.22,0.73,-1
846,1311.66,1288.62,18.2136,0.0016,0.881,nan,0.034,nan,0.02,-5.974,4.781,0.1393,0.23,0.223,0.94,-1
853,1071.18,1494.99,18.2117,0.0016,0.896,nan,0.037,nan,-0.0732,-5.923,4.343,0.1659,0.279,0.268,0.96,-1
854,902.966,1183.93,18.2066,0.0015,0.939,nan,0.037,nan,0.0318,-5.771,4.584,0.1415,0.234,0.247,0.96,-1
857,1256.54,1420.44,18.2544,0.0015,0.88,nan,0.03,nan,0.1873,-5.998,4.642,0.1458,0.244,0.24,0.77,-1
858,1345.66,1312.6,18.2684,0.0015,0.843,nan,0.043,nan,0.1219,-6.015,4.712,0.1536,0.265,0.256,0.85,-1
863,927.086,1260.54,18.2626,0.0016,1.05,nan,0.047,nan,-0.0997,-2.703,1.225,0.1505,0.248,0.24,0.79,-1
865,868.37,1068.62,18.2462,0.0019,0.971,nan,0.036,nan,-0.0012,-5.295,2.186,0.1462,0.237,0.236,0.73,-1
866,921.372,1332.8,18.2605,0.0016,0.923,nan,0.036,nan,0.2929,-4.569,1.662,0.1619,0.268,0.259,0.79,-1
872,1248.54,1414.06,18.2964,0.002,0.861,nan,0.035,nan,0.13,-5.372,5.23,0.1932,0.431,0.466,0.94,-1
875,1370.86,1533.55,18.3001,0.0016,1.039,nan,0.036,nan,0.0142,-4.314,1.528,0.1588,0.261,0.25,0.73,-1
876,1313.31,1470.72,18.194,0.0015,1.15,nan,0.044,nan,0.1425,-9.749,4.61,0.1433,0.236,0.232,0.71,-1
878,639.208,1464.58,18.2391,0.0017,1.004,nan,0.039,nan,0.2413,-7.031,5.015,0.162,0.265,0.25,0.72,-1
879,620.708,1400.96,18.1204,0.0015,1.259,nan,0.044,nan,0.3687,-7.494,3.998,0.1354,0.223,0.217,0.73,-1
884,1094.77,1855.06,18.0817,0.0015,1.212,nan,0.04,nan,0.0598,-7.331,4.401,0.1393,0.232,0.226,0.73,-1
889,1088.4,1435.27,18.2856,0.0017,0.943,nan,0.041,nan,0.1198,-5.565,4.366,0.1595,0.256,0.246,0.95,-1
890,1042.74,1367.77,18.2802,0.0017,0.886,nan,0.044,nan,0.2804,-4.837,3.729,0.1518,0.249,0.242,0.92,-1
891,1356.93,1177.16,18.2833,0.0017,0.823,nan,0.036,nan,0.1938,-4.607,3.76,0.151,0.251,0.239,0.93,-1
893,779.095,1406.33,18.1762,0.0014,1.071,nan,0.034,nan,0.0606,-6.34,3.796,0.1512,0.248,0.257,0.73,-1
895,1267.18,1195.7,18.286,0.0017,0.988,nan,0.04,nan,0.2449,-6.112,2.091,0.1513,0.252,0.239,0.72,-1
898,1079.48,1781.74,18.2675,0.0016,0.919,nan,0.043,nan,0.19,-5.556,4.559,0.1535,0.257,0.247,0.87,-1
1092,1237.58,1710.8,18.5994,0.0022,1.124,nan,0.069,nan,0.2673,-10.491,7.621,0.2079,0.368,0.301,0.7,-1
903,839.591,1424.51,18.1066,0.0014,1.289,nan,0.04,nan,0.442,-4.606,2.638,0.139,0.224,0.218,0.72,-1
907,1314.58,1420.68,18.3178,0.0016,0.838,nan,0.032,nan,-0.1676,-4.761,1.809,0.1515,0.249,0.254,0.74,-1
912,1333.44,1303.83,18.3108,0.0014,0.919,nan,0.037,nan,-0.1369,-5.798,4.755,0.1508,0.249,0.238,0.91,-1
914,1227.6,1160.1,18.3597,0.0016,0.836,nan,0.037,nan,0.1821,-5.612,4.445,0.1584,0.263,0.254,0.86,-1
915,1035.64,1201.27,18.3932,0.0024,0.962,nan,0.054,nan,0.2503,-7.756,3.223,0.2268,0.394,0.363,0.83,-1
919,974.362,1523.5,18.3018,0.0017,0.894,nan,0.038,nan,0.1126,-5.812,4.235,0.1652,0.269,0.254,0.93,-1
925,1241.48,1643.17,18.3632,0.0017,0.922,nan,0.036,nan,0.1243,-5.678,4.94,0.1611,0.271,0.257,0.86,-1
932,1297.83,1783.2,18.0735,0.0014,1.527,nan,0.052,nan,0.8595,-2.83,0.67,0.1359,0.225,0.216,0.71,-1
937,958.716,1224.03,18.421,0.0017,0.95,nan,0.039,nan,-0.0807,-5.98,4.813,0.1569,0.26,0.257,0.73,-1
941,1314.7,1752.21,18.3984,0.0019,0.915,nan,0.041,nan,-0.0712,-6.105,3.985,0.1697,0.281,0.272,0.84,-1
945,1412.84,1165.66,18.3448,0.0017,1.13,nan,0.043,nan,0.2956,-0.983,-0.124,0.1532,0.253,0.252,0.73,-1
958,1096.97,1521.91,18.3459,0.0017,0.861,nan,0.04,nan,0.3373,-5.788,3.635,0.1679,0.287,0.282,0.72,-1
967,1170.58,1150.53,18.4792,0.0019,0.873,nan,0.05,nan,-0.2662,-4.966,5.079,0.176,0.283,0.277,0.83,-1
973,1107.47,1379.04,18.4229,0.002,0.95,nan,0.046,nan,-0.004,-4.519,2.986,0.1794,0.3,0.303,0.84,-1
981,1438.95,1580.73,18.3667,0.0017,1.059,nan,0.042,nan,0.2605,-0.95,1.387,0.1628,0.294,0.256,0.73,-1
982,853.854,1571.39,18.3797,0.0017,1.046,nan,0.049,nan,0.3577,-7.76,5.866,0.167,0.305,0.268,0.7,-1
987,946.048,1539.38,18.4489,0.0018,0.89,nan,0.042,nan,0.3608,-5.56,4.32,0.1853,0.302,0.283,0.89,-1
991,796.411,1679.4,18.4171,0.0017,0.997,nan,0.042,nan,0.1648,-3.524,2.82,0.1652,0.278,0.269,0.84,-1
994,1336.04,1264.51,18.5392,0.0018,0.88,nan,0.049,nan,0.1417,-5.637,4.203,0.1894,0.313,0.302,0.87,-1
997,759.263,1397.41,18.4753,0.0018,0.95,nan,0.046,nan,0.3273,-5.843,4.558,0.1838,0.298,0.315,0.83,-1
999,975.748,1544.34,18.4401,0.0017,0.94,nan,0.046,nan,-0.4023,-6.303,4.794,0.1849,0.303,0.285,0.91,-1
0,984.096,1598.63,18.4964,0.0019,0.935,nan,0.043,nan,0.2845,-3.306,2.38,0.2017,0.369,0.328,0.72,-1
1007,899.001,1253.41,18.4403,0.0018,1.166,nan,0.051,nan,0.0153,-7.166,4.953,0.1715,0.286,0.292,0.85,-1
1013,810.031,1761.18,18.143,0.0015,1.559,nan,0.068,nan,0.5815,-7.117,0.936,0.1429,0.234,0.226,0.71,-1
1018,1171.88,1049.83,18.5074,0.0017,0.954,nan,0.047,nan,-0.0788,-6.528,3.164,0.1699,0.281,0.273,0.83,-1
1019,1126.68,1407.03,18.5224,0.0023,0.849,nan,0.04,nan,0.1895,-5.551,4.56,0.195,0.304,0.311,0.79,-1
1024,1026.67,1259.12,18.5603,0.0023,0.95,nan,0.047,nan,0.0712,-5.094,4.517,0.2118,0.333,0.352,0.95,-1
1027,787.597,1351.98,18.4537,0.0018,1.083,nan,0.049,nan,0.1487,-6.242,2.993,0.1732,0.284,0.298,0.88,-1
1029,1330.57,1613.02,18.5415,0.002,0.896,nan,0.049,nan,-0.0781,-5.735,4.29,0.1855,0.31,0.287,0.85,-1
1033,991.005,1358.23,18.4992,0.0019,0.986,nan,0.046,nan,-0.0467,-6.176,4.39,0.1791,0.303,0.294,0.83,-1
1036,1101.05,1449.56,18.6054,0.0022,1.011,nan,0.046,nan,0.3787,-4.588,5.067,0.1933,0.309,0.3,0.91,-1
1038,1176.77,1070.66,18.5912,0.0019,0.913,nan,0.046,nan,-0.0757,-4.932,3.451,0.1759,0.291,0.285,0.96,-1
1041,1341.49,1524.75,18.4597,0.0019,1.254,nan,0.054,nan,0.1037,-4.972,2.845,0.1688,0.278,0.269,0.85,-1
1044,1128.81,1334.08,18.5663,0.0019,0.842,nan,0.044,nan,0.2367,-5.254,5.023,0.1833,0.299,0.285,0.96,-1
1046,1076.56,1337.85,18.5758,0.002,0.971,nan,0.055,nan,-0.028,-6.212,4.532,0.1905,0.305,0.319,0.97,-1
1053,1058.47,1450.53,18.57,0.0021,0.978,nan,0.049,nan,0.1481,-5.497,4.52,0.2106,0.34,0.346,0.98,-1
1055,1234.0,1552.41,18.6258,0.0022,0.917,nan,0.045,nan,0.0443,-5.785,4.47,0.2009,0.326,0.328,0.91,-1
1060,1074.59,1176.65,18.6209,0.002,1.003,nan,0.046,nan,0.0904,-5.843,4.753,0.1888,0.3,0.293,0.91,-1
1062,1055.21,1160.93,18.5838,0.0019,1.038,nan,0.052,nan,0.2004,-5.602,4.779,0.186,0.299,0.29,0.98,-1
1064,985.905,1379.67,18.5975,0.002,0.95,nan,0.04,nan,0.3104,-5.798,4.294,0.1913,0.314,0.325,0.98,-1
1068,904.1,1606.26,18.5257,0.0019,1.004,nan,0.051,nan,0.2147,-5.213,2.004,0.1797,0.327,0.287,0.7,-1
1069,1315.7,1368.37,18.4883,0.0018,1.247,nan,0.065,nan,0.7484,-1.738,1.739,0.1733,0.3,0.29,0.7,-1
1073,663.68,1378.97,18.5896,0.002,0.954,nan,0.04,nan,0.2402,-4.348,3.615,0.186,0.31,0.298,0.96,-1
1081,1179.59,1249.27,18.7189,0.0022,0.931,nan,0.056,nan,0.3697,-5.102,5.177,0.1933,0.319,0.311,0.94,-1
1087,1341.94,1497.56,18.5526,0.0018,1.417,nan,0.064,nan,0.4085,-2.929,0.766,0.1875,0.311,0.291,0.7,-1
1090,1168.45,1531.35,18.734,0.0021,0.937,nan,0.048,nan,0.2336,-5.602,4.334,0.2148,0.35,0.333,0.99,-1
1091,1125.44,1527.07,18.6235,0.002,0.927,nan,0.053,nan,0.1427,-5.184,4.548,0.1981,0.326,0.309,0.94,-1
1098,1422.58,1190.06,18.7025,0.002,0.99,nan,0.057,nan,0.2745,-2.625,0.932,0.1935,0.324,0.319,0.7,-1
1099,958.314,1026.5,18.7495,0.0025,0.907,nan,0.053,nan,0.4144,-5.667,5.087,0.2106,0.336,0.333,0.98,-1
1101,1195.65,1291.53,18.6935,0.0019,0.987,nan,0.051,nan,-0.038,-6.37,4.0,0.2012,0.332,0.329,0.72,-1
1105,1134.42,1716.82,18.6108,0.0019,1.141,nan,0.051,nan,0.3265,-8.325,1.668,0.198,0.332,0.316,0.72,-1
1116,1373.14,1383.35,18.5695,0.0018,1.092,nan,0.056,nan,0.1441,-5.072,2.52,0.1733,0.291,0.279,0.73,-1
1117,1095.12,1860.96,18.6248,0.0021,1.139,nan,0.058,nan,0.1433,-4.257,1.838,0.2091,0.354,0.318,0.91,-1
1118,999.949,1719.6,18.7337,0.0021,0.849,nan,0.052,nan,-0.1027,-4.518,4.318,0.2138,0.356,0.344,0.99,-1
1123,1210.12,1470.26,18.7535,0.002,0.942,nan,0.055,nan,0.0898,-5.721,4.698,0.2054,0.338,0.328,0.96,-1
1124,691.834,1533.89,18.6333,0.0022,0.974,nan,0.055,nan,0.2966,-3.984,1.025,0.1981,0.326,0.341,0.91,-1
1130,928.793,994.538,18.7805,0.0024,0.929,nan,0.05,nan,0.6549,-3.251,2.915,0.1986,0.327,0.319,0.85,-1
1131,833.808,1402.53,18.7417,0.0023,1.0,nan,0.056,nan,0.3153,-5.418,4.372,0.2009,0.335,0.326,0.99,-1
1135,1224.59,1208.2,18.7567,0.0023,1.068,nan,0.062,nan,-0.0969,-5.359,4.256,0.1952,0.323,0.319,0.97,-1
1138,841.515,1437.04,18.5883,0.0029,1.124,nan,0.061,nan,-0.0746,-1.302,-2.241,0.3022,0.487,0.472,0.69,-1
1143,678.774,1238.68,18.6057,0.0021,1.073,nan,0.065,nan,0.1291,-4.714,3.653,0.1968,0.326,0.294,0.93,-1
1144,883.013,1301.19,18.8018,0.0028,0.942,nan,0.059,nan,0.0313,-6.669,4.74,0.2318,0.381,0.387,0.98,-1
1145,1029.44,1449.8,18.7888,0.0023,0.957,nan,0.053,nan,-0.1043,-6.319,5.119,0.2105,0.351,0.347,0.98,-1
1146,1196.99,1413.68,18.7307,0.0022,0.944,nan,0.054,nan,0.6336,-4.383,3.203,0.2251,0.364,0.362,0.98,-1
1151,997.339,1252.39,18.729,0.0022,0.84,nan,0.052,nan,0.2212,-3.839,2.117,0.1938,0.325,0.314,0.97,-1
1155,946.472,1470.38,18.6537,0.002,1.177,nan,0.067,nan,0.5344,-3.002,4.933,0.1888,0.315,0.305,0.71,-1
1156,1375.1,1657.42,18.7925,0.0024,1.008,nan,0.056,nan,0.2734,-5.911,5.675,0.2216,0.362,0.345,0.98,-1
1157,837.822,1120.69,18.8005,0.0022,0.917,nan,0.062,nan,0.0849,-5.794,4.445,0.2055,0.338,0.332,0.98,-1
1158,1376.85,1631.28,18.7876,0.0023,0.916,nan,0.055,nan,0.0434,-6.156,5.313,0.2162,0.374,0.345,0.98,-1
1162,1007.71,1633.45,18.7139,0.0019,1.044,nan,0.062,nan,0.2797,-6.871,5.115,0.1979,0.334,0.325,0.82,-1
1169,1177.83,1388.27,18.8629,0.0023,0.926,nan,0.054,nan,0.3535,-5.915,4.053,0.2271,0.365,0.353,0.87,-1
1171,1062.61,1658.79,18.8494,0.0026,0.843,nan,0.051,nan,0.3475,-4.514,1.96,0.244,0.415,0.399,0.85,-1
1172,843.809,1545.28,18.7749,0.0021,0.949,nan,0.051,nan,0.4228,-5.682,4.704,0.2119,0.352,0.332,0.96,-1
1176,733.808,1375.64,18.7331,0.0021,0.921,nan,0.063,nan,-0.0879,-4.268,1.526,0.1994,0.334,0.318,0.92,-1
1177,953.987,1108.67,18.8257,0.0025,0.996,nan,0.057,nan,0.0726,-5.083,3.194,0.2258,0.351,0.428,0.82,-1
1178,1258.4,1077.57,18.7717,0.0022,0.868,nan,0.065,nan,0.1204,-4.614,3.801,0.2104,0.354,0.34,0.94,-1
1181,1107.59,984.239,18.718,0.0022,0.956,nan,0.067,nan,0.2628,-2.392,2.743,0.19,0.311,0.303,0.87,-1
1185,1482.25,1369.71,18.8852,0.0024,0.887,nan,0.055,nan,-0.0702,-5.874,4.624,0.2368,0.405,0.384,0.95,-1
1187,1194.53,1405.97,18.8348,0.0021,1.04,nan,0.068,nan,0.1175,-5.231,4.251,0.2485,0.406,0.398,0.83,-1
1190,1077.51,1567.96,18.8796,0.0024,0.847,nan,0.063,nan,-0.0841,-4.133,4.051,0.2435,0.468,0.392,0.92,-1
1197,725.712,1468.05,18.8939,0.0024,1.058,nan,0.068,nan,0.1145,-5.16,4.367,0.2383,0.397,0.421,0.95,-1
1200,779.776,1540.9,18.8556,0.0023,0.987,nan,0.057,nan,0.5254,-5.535,4.171,0.2154,0.355,0.348,0.9,-1
1201,1261.33,1488.59,19.0625,0.0042,0.951,nan,0.071,nan,-0.6554,-3.873,3.771,0.4964,0.786,0.765,0.94,-1
1202,1014.0,1244.03,18.9748,0.0029,0.946,nan,0.061,nan,0.2017,-5.609,4.247,0.2439,0.404,0.437,0.98,-1
1204,878.317,1330.4,18.9891,0.0026,0.999,nan,0.071,nan,0.1351,-5.431,5.156,0.2534,0.426,0.429,0.97,-1
1205,1367.46,1502.05,18.9275,0.0024,1.046,nan,0.071,nan,-0.0553,-4.848,1.887,0.2216,0.375,0.37,0.75,-1
1208,1201.69,1232.63,19.0333,0.0028,0.981,nan,0.069,nan,0.2281,-4.633,3.993,0.239,0.407,0.404,0.96,-1
1209,1186.08,1785.68,18.8989,0.0024,0.973,nan,0.066,nan,0.4526,-5.882,3.203,0.2327,0.404,0.385,0.91,-1
1212,1296.42,1551.52,18.9866,0.0025,0.991,nan,0.072,nan,-0.0356,-2.535,0.225,0.2446,0.408,0.395,0.69,-1
1213,746.294,1393.24,18.9605,0.0026,0.976,nan,0.07,nan,0.1062,-4.722,4.347,0.2369,0.396,0.416,0.95,-1
1217,1339.13,1250.03,18.9303,0.0024,0.819,nan,0.065,nan,0.3161,-2.016,2.049,0.2378,0.408,0.391,0.75,-1
1220,920.271,1022.09,18.9829,0.0026,1.158,nan,0.09,nan,0.3092,-6.551,3.587,0.2363,0.398,0.43,0.95,-1
1225,805.022,1362.14,18.9646,0.0025,0.744,nan,0.064,nan,-0.2741,-4.94,2.52,0.2666,0.436,0.454,0.92,-1
1227,1092.32,1676.92,18.9973,0.0033,0.977,nan,0.072,nan,0.2472,-4.121,6.096,0.3814,0.603,0.577,0.88,-1
1228,936.892,1203.08,19.0532,0.0028,0.919,nan,0.062,nan,-0.1704,-5.833,4.574,0.2487,0.418,0.434,0.95,-1
1232,692.809,1444.15,18.9744,0.0025,1.073,nan,0.075,nan,-0.3865,-4.415,4.633,0.2514,0.424,0.422,0.98,-1
1233,1090.92,1071.25,19.1209,0.0027,0.957,nan,0.062,nan,0.8014,-6.201,4.756,0.2668,0.44,0.434,0.68,-1
1234,1169.22,1466.49,19.0258,0.0028,1.014,nan,0.083,nan,0.5144,-6.247,3.047,0.272,0.446,0.493,0.91,-1
1236,1132.39,1499.63,19.0493,0.0026,0.921,nan,0.077,nan,-0.1848,-5.849,4.169,0.2621,0.457,0.438,0.95,-1
1239,1164.4,1172.6,19.1717,0.0029,1.065,nan,0.088,nan,0.3422,-5.359,4.874,0.2658,0.447,0.438,0.94,-1
1240,926.885,1033.03,19.0331,0.0027,1.111,nan,0.083,nan,0.2311,-6.997,1.605,0.2498,0.415,0.447,0.89,-1
1242,992.856,1621.56,19.2043,0.0028,0.841,nan,0.073,nan,0.0088,-2.881,1.273,0.2961,0.509,0.499,0.81,-1
1247,1303.68,1162.92,19.172,0.0029,0.872,nan,0.092,nan,-0.1423,-6.266,5.43,0.2921,0.469,0.48,0.94,-1
1249,962.192,1295.52,19.2066,0.003,0.957,nan,0.076,nan,0.105,-4.394,4.292,0.3029,0.505,0.491,0.82,-1
1253,1011.56,1482.99,19.3683,0.0034,1.168,nan,0.098,nan,0.4819,-5.997,4.006,0.3259,0.556,0.552,0.81,-1
1254,998.277,1486.98,19.1797,0.0032,1.025,nan,0.083,nan,-0.1312,-4.782,3.139,0.3108,0.6,0.525,0.94,-1
1257,984.28,1400.99,19.1727,0.0029,1.053,nan,0.092,nan,0.1456,-5.494,4.964,0.2861,0.488,0.485,0.94,-1
1258,1034.45,1476.05,19.3484,0.0031,0.835,nan,0.092,nan,-0.2114,-5.671,3.946,0.3324,0.56,0.558,0.79,-1
613,1073.3,1449.29,17.6727,0.002,0.853,nan,0.031,nan,0.1325,-5.639,4.639,0.1241,0.195,0.18,0.73,-1
561,1081.93,1421.84,17.5726,0.0012,1.124,nan,0.027,nan,0.4248,-6.195,4.576,0.1017,0.165,0.159,0.76,-1
938,1061.08,1417.44,18.3157,0.0017,0.952,nan,0.04,nan,0.0025,-5.92,4.645,0.1553,0.255,0.249,0.86,-1
822,1242.44,1823.19,18.1289,0.0013,0.964,nan,0.039,nan,-0.1194,-3.819,1.669,0.1403,0.233,0.226,0.72,-1
1050,925.865,1472.19,18.62,0.0021,1.015,nan,0.051,nan,0.1946,-4.578,2.487,0.1971,0.312,0.301,0.95,-1
