#ID  Gmag   (Vmag-Imag)   (Bmag-Vmag)   e_Gmag   e_(Vmag-Imag)   e_(Bmag-Vmag)   Mini
10      17.5709 1.2935  1.0197  0.0011  0.0282  0.0400  2.1597  
21      16.0290 1.2460  0.9614  0.0006  0.0145  0.0158  5.3916  
22      17.2842 1.3721  1.0905  0.0010  0.0241  0.0328  3.8013  
13      16.4794 1.2166  0.9256  0.0007  0.0168  0.0200  2.9265  
24      17.3858 1.4532  1.1722  0.0010  0.0254  0.0351  3.6480  
15      17.0783 1.2688  0.9949  0.0009  0.0217  0.0286  2.4922  
16      16.2689 1.2003  0.9054  0.0006  0.0156  0.0178  3.0789  
27      17.4597 1.4157  1.1253  0.0010  0.0265  0.0370  3.6055  
18      14.6135 1.2306  0.9156  0.0004  0.0111  0.0095  3.9708  
19      16.1944 1.2184  0.9264  0.0006  0.0152  0.0171  3.1321  
210     17.0264 1.3782  1.1054  0.0009  0.0212  0.0277  4.0500  
111     15.7328 1.1990  0.9007  0.0005  0.0134  0.0138  3.4427  
112     14.4295 1.2487  0.9291  0.0004  0.0109  0.0091  4.0318  
213     17.3537 1.3799  1.0917  0.0010  0.0250  0.0344  3.7342  
114     14.9612 1.2203  0.9107  0.0004  0.0116  0.0104  3.8441  
115     16.9665 1.2430  0.9600  0.0008  0.0206  0.0267  2.5713  
216     15.2389 1.2077  0.9116  0.0005  0.0121  0.0114  6.4925  
217     15.2354 1.1980  0.9024  0.0005  0.0121  0.0114  6.4841  
118     17.2927 1.2923  1.0256  0.0010  0.0242  0.0330  2.3419  
119     17.5025 1.3238  1.0656  0.0011  0.0271  0.0380  2.2032  
120     15.7106 1.2090  0.9107  0.0005  0.0133  0.0137  3.4566  
221     17.0395 1.4051  1.1353  0.0009  0.0213  0.0279  4.0071  
122     17.5253 1.3234  1.0638  0.0011  0.0275  0.0387  2.1888  
123     13.9624 2.5000  2.2409  0.0003  0.0105  0.0083  4.2499  
124     17.4905 1.3153  1.0542  0.0011  0.0269  0.0377  2.2106  
225     16.7276 1.2686  0.9872  0.0008  0.0185  0.0231  4.4047  
126     17.3555 1.2443  0.9584  0.0010  0.0250  0.0345  2.2979  
127     17.5733 1.3572  1.1099  0.0011  0.0282  0.0400  2.1597  
128     17.0163 1.2330  0.9470  0.0009  0.0211  0.0276  2.5353  
129     15.4710 1.1909  0.8898  0.0005  0.0126  0.0124  3.5971  
130     17.2037 1.2126  0.9192  0.0009  0.0231  0.0311  2.4017  
131     15.0798 1.2173  0.9100  0.0004  0.0118  0.0108  3.7933  
132     16.8994 1.2452  0.9631  0.0008  0.0200  0.0256  2.6197  
133     17.2485 1.2593  0.9815  0.0010  0.0237  0.0320  2.3714  
134     17.2493 1.2791  1.0082  0.0010  0.0237  0.0320  2.3714  
135     17.2051 1.2460  0.9642  0.0009  0.0231  0.0311  2.4017  
136     17.3342 1.2530  0.9709  0.0010  0.0248  0.0340  2.3126  
137     14.4319 1.2394  0.9211  0.0004  0.0109  0.0091  4.0305  
238     16.9597 1.3490  1.0691  0.0008  0.0205  0.0266  4.1055  
139     17.7444 1.3967  1.1586  0.0012  0.0312  0.0451  2.0586  
140     16.4553 1.2109  0.9186  0.0007  0.0167  0.0197  2.9440  
141     17.1391 1.2324  0.9471  0.0009  0.0224  0.0298  2.4480  
142     17.6574 1.3229  1.0583  0.0011  0.0297  0.0424  2.1077  
243     15.1627 1.1978  0.9012  0.0004  0.0120  0.0111  6.5777  
244     17.0238 1.3139  1.0213  0.0009  0.0212  0.0277  4.0500  
145     15.3829 1.2099  0.9073  0.0005  0.0124  0.0120  3.6460  
146     17.4328 1.2976  1.0309  0.0010  0.0261  0.0363  2.2475  
147     16.7250 1.2195  0.9304  0.0008  0.0185  0.0230  2.7461  
148     17.8310 1.4058  1.1658  0.0012  0.0329  0.0480  2.0104  
149     17.6455 1.3373  1.0794  0.0011  0.0295  0.0421  2.1151  
250     17.3844 1.4159  1.1206  0.0010  0.0254  0.0351  3.6480  
151     17.4544 1.2821  1.0092  0.0010  0.0264  0.0368  2.2329  
252     16.6811 1.2891  1.0137  0.0007  0.0182  0.0224  4.4667  
153     17.5232 1.2696  0.9881  0.0011  0.0275  0.0387  2.1888  
154     13.9357 2.5170  2.2613  0.0003  0.0105  0.0083  4.2555  
155     16.5547 1.2406  0.9552  0.0007  0.0173  0.0208  2.8719  
156     16.8993 1.2430  0.9602  0.0008  0.0200  0.0256  2.6197  
257     17.8469 1.5458  1.2448  0.0013  0.0333  0.0486  3.3089  
258     17.0370 1.3448  1.0563  0.0009  0.0213  0.0279  4.0071  
159     17.6326 1.3239  1.0606  0.0011  0.0292  0.0417  2.1226  
160     17.3362 1.3037  1.0404  0.0010  0.0248  0.0340  2.3126  
161     16.6310 1.2029  0.9100  0.0007  0.0178  0.0218  2.8147  
162     18.0445 1.4527  1.2113  0.0014  0.0377  0.0561  1.9000  
163     15.1001 1.2121  0.9057  0.0004  0.0118  0.0109  3.7841  
164     17.2698 1.2580  0.9794  0.0010  0.0239  0.0325  2.3565  
265     16.6805 1.2762  0.9977  0.0007  0.0182  0.0224  4.4667  
166     17.6064 1.2822  1.0022  0.0011  0.0288  0.0410  2.1374  
267     17.7159 1.5410  1.2553  0.0012  0.0307  0.0442  3.4265  
168     17.7865 1.2886  0.9988  0.0012  0.0321  0.0466  2.0325  
269     17.8442 1.4737  1.1396  0.0013  0.0333  0.0486  3.3089  
270     17.7132 1.4710  1.1545  0.0012  0.0307  0.0442  3.4265  
271     14.9393 1.2015  0.9026  0.0004  0.0116  0.0103  6.9121  
172     16.7992 1.2664  0.9894  0.0008  0.0191  0.0240  2.6933  
273     17.7316 1.4591  1.1382  0.0012  0.0311  0.0448  3.3803  
174     17.0982 1.2549  0.9769  0.0009  0.0219  0.0290  2.4776  
175     15.2893 1.1972  0.8938  0.0005  0.0122  0.0116  3.6942  
176     15.8309 1.2221  0.9259  0.0005  0.0137  0.0144  3.3811  
277     16.7021 1.3048  1.0214  0.0008  0.0183  0.0227  4.3740  
178     16.9836 1.2712  0.9967  0.0008  0.0207  0.0270  2.5599  
279     16.4232 1.2411  0.9581  0.0007  0.0165  0.0194  4.8211  
180     15.5669 1.2087  0.9082  0.0005  0.0129  0.0129  3.5427  
181     16.6784 1.2135  0.9229  0.0007  0.0182  0.0224  2.7801  
282     16.9593 1.3388  1.0559  0.0008  0.0205  0.0266  4.1055  
183     17.0972 1.2298  0.9436  0.0009  0.0219  0.0290  2.4776  
284     17.0257 1.3609  1.0827  0.0009  0.0212  0.0277  4.0500  
285     17.4835 1.4183  1.1250  0.0011  0.0269  0.0376  3.5765  
186     17.9944 1.3857  1.1178  0.0013  0.0366  0.0542  1.9238  
287     14.7468 1.2157  0.9122  0.0004  0.0113  0.0098  6.9734  
288     17.4844 1.4429  1.1594  0.0011  0.0269  0.0376  3.5765  
289     16.9594 1.3417  1.0596  0.0008  0.0205  0.0266  4.1055  
190     16.0327 1.2096  0.9147  0.0006  0.0145  0.0158  3.2448  
191     18.2260 1.3732  1.0591  0.0015  0.0427  0.0645  1.8140  
292     17.7558 1.4970  1.1840  0.0012  0.0315  0.0456  3.3700  
293     14.9065 1.2035  0.9039  0.0004  0.0115  0.0103  6.9018  
194     17.9795 1.4079  1.1529  0.0013  0.0362  0.0535  1.9318  
195     18.2368 1.4226  1.1318  0.0015  0.0430  0.0650  1.8099  
196     17.7894 1.3648  1.1094  0.0012  0.0321  0.0466  2.0325  
197     18.0753 1.3940  1.1179  0.0014  0.0386  0.0575  1.8840  
198     18.3051 1.5155  1.2583  0.0016  0.0450  0.0683  1.7816  
199     17.9922 1.3255  1.0286  0.0013  0.0366  0.0542  1.9238  
1100    16.2699 1.2265  0.9353  0.0006  0.0156  0.0178  3.0789  
1101    18.0795 1.4091  1.1401  0.0014  0.0386  0.0577  1.8823  
1102    17.7294 1.3476  1.0886  0.0012  0.0310  0.0447  2.0661  
1103    17.4223 1.3153  1.0554  0.0010  0.0259  0.0360  2.2549  
1104    17.9372 1.3282  1.0408  0.0013  0.0353  0.0520  1.9519  
1105    17.3366 1.3124  1.0525  0.0010  0.0248  0.0340  2.3126  
2106    16.6800 1.2642  0.9829  0.0007  0.0182  0.0224  4.4667  
1107    15.4342 1.1959  0.8944  0.0005  0.0126  0.0122  3.6177  
1108    17.8414 1.3310  1.0555  0.0012  0.0332  0.0485  2.0032  
1109    17.6940 1.3676  1.1209  0.0012  0.0303  0.0435  2.0869  
1110    18.4399 1.5005  1.2020  0.0017  0.0495  0.0758  1.7249  
