ID,MP,sel
3502,0.96,1
1889,0.958,1
3550,0.957,1
4230,0.956,1
1732,0.955,1
2477,0.954,1
1215,0.952,1
2188,0.95,1
2325,0.95,1
1883,0.949,1
4986,0.948,1
2468,0.947,1
3354,0.947,1
3796,0.947,1
636,0.946,1
2043,0.945,1
32,0.944,1
3314,0.944,1
96,0.943,1
5673,0.941,1
54,0.94,1
1137,0.94,1
6109,0.94,1
6534,0.94,1
2310,0.939,1
145,0.938,1
536,0.937,1
63,0.935,1
4335,0.935,1
33,0.934,1
734,0.934,1
502,0.933,1
1478,0.933,1
2004,0.933,1
242,0.932,1
272,0.931,1
511,0.931,1
1517,0.931,1
2568,0.931,1
51,0.93,1
83,0.93,1
78,0.93,1
129,0.93,1
293,0.93,1
407,0.93,1
602,0.93,1
5934,0.93,1
3080,0.928,1
3840,0.928,1
2435,0.927,1
433,0.926,1
1684,0.926,1
322,0.925,1
5347,0.925,1
4601,0.924,1
1319,0.923,1
29,0.922,1
618,0.922,1
794,0.922,1
7524,0.922,1
1903,0.921,1
2725,0.921,1
236,0.92,1
1317,0.92,1
7555,0.92,1
25,0.919,1
56,0.919,1
163,0.919,1
424,0.919,1
657,0.919,1
4856,0.919,1
460,0.918,1
606,0.918,1
3725,0.918,1
90,0.916,1
718,0.916,1
5395,0.916,1
917,0.915,1
110,0.914,1
4895,0.914,1
6502,0.914,1
598,0.913,1
1760,0.912,1
4874,0.912,1
1340,0.91,1
6102,0.91,1
513,0.909,1
687,0.909,1
300,0.908,1
406,0.908,1
703,0.908,1
5038,0.908,1
53,0.907,1
171,0.907,1
1098,0.907,1
1714,0.907,1
160,0.906,1
6023,0.906,1
106,0.905,1
1643,0.905,1
4506,0.905,1
161,0.904,1
333,0.904,1
1787,0.904,1
2611,0.904,1
239,0.903,1
1022,0.903,1
2187,0.902,1
5927,0.902,1
144,0.901,1
556,0.901,1
55,0.9,1
204,0.9,1
1327,0.9,1
3356,0.9,1
5976,0.9,1
6187,0.9,1
105,0.899,1
4725,0.898,1
371,0.896,1
2572,0.896,1
226,0.895,1
7111,0.895,1
541,0.894,1
935,0.894,1
174,0.893,1
82,0.892,1
5356,0.891,1
52,0.89,1
370,0.89,1
449,0.89,1
3515,0.89,1
6763,0.89,1
810,0.888,1
1224,0.888,1
356,0.887,1
238,0.886,1
492,0.886,1
503,0.885,1
1055,0.885,1
1116,0.885,1
1443,0.884,1
2166,0.883,1
139,0.88,1
311,0.88,1
3929,0.88,1
5521,0.88,1
6525,0.88,1
6770,0.88,1
6560,0.88,1
6447,0.88,1
8338,0.88,1
8481,0.88,1
319,0.878,1
1223,0.878,1
3406,0.878,1
2319,0.877,1
6361,0.877,1
84,0.876,1
3682,0.875,1
7780,0.875,1
94,0.874,1
1960,0.874,1
637,0.873,1
4801,0.873,1
2215,0.871,1
4390,0.871,1
40,0.87,1
1561,0.87,1
2605,0.87,1
2899,0.87,1
6708,0.87,1
6561,0.87,1
7988,0.87,1
9287,0.87,1
756,0.869,1
3362,0.869,1
1380,0.868,1
658,0.867,1
1982,0.866,1
117,0.865,1
1952,0.863,1
3250,0.863,1
1365,0.862,1
252,0.861,1
1164,0.86,1
7353,0.86,1
9216,0.86,1
34,0.859,1
416,0.859,1
520,0.859,1
833,0.855,1
7358,0.854,1
175,0.853,1
676,0.853,1
5321,0.853,1
4724,0.852,1
4639,0.851,1
16,0.85,1
1504,0.85,1
6443,0.85,1
8386,0.85,1
1253,0.849,1
3234,0.849,1
8428,0.848,1
73,0.845,1
984,0.842,1
102,0.841,1
6811,0.841,1
207,0.84,1
7475,0.84,1
8099,0.84,1
8161,0.84,1
328,0.838,1
134,0.835,1
582,0.835,1
1463,0.835,1
2459,0.835,1
3641,0.835,1
194,0.834,1
392,0.831,1
6241,0.83,1
8137,0.83,1
8403,0.83,1
8789,0.83,1
8827,0.83,1
10292,0.83,1
10048,0.83,1
1062,0.829,1
418,0.828,1
2380,0.828,1
4299,0.828,1
1087,0.826,1
415,0.825,1
581,0.823,1
961,0.823,1
453,0.821,1
705,0.82,1
9027,0.82,1
8917,0.82,1
9026,0.82,1
6390,0.818,1
198,0.817,1
243,0.817,1
8282,0.81,1
9512,0.81,1
1394,0.808,1
1370,0.803,1
5141,0.803,1
944,0.802,1
8448,0.8,1
8876,0.8,1
9032,0.8,1
8967,0.8,1
10209,0.8,1
4529,0.799,1
5327,0.799,1
808,0.797,1
3141,0.796,1
93,0.794,1
378,0.79,1
7064,0.79,1
8329,0.79,1
9515,0.79,1
9777,0.79,1
3,0.788,1
616,0.788,1
2045,0.782,1
7430,0.78,1
8168,0.78,1
9562,0.78,1
275,0.777,1
562,0.773,1
5882,0.773,1
7373,0.77,1
8132,0.77,1
9262,0.77,1
885,0.769,1
971,0.768,1
246,0.767,1
423,0.761,1
7950,0.76,1
8971,0.76,1
9499,0.76,1
11014,0.76,1
10204,0.76,1
184,0.759,1
2275,0.758,1
200,0.757,1
2288,0.757,1
4703,0.755,1
5113,0.751,1
6483,0.75,1
7882,0.75,1
551,0.749,1
59,0.746,1
895,0.745,1
290,0.743,1
612,0.742,1
210,0.741,1
221,0.741,1
1646,0.741,1
8713,0.74,1
8989,0.74,1
9750,0.74,1
315,0.739,1
282,0.738,1
1649,0.737,1
5546,0.737,1
620,0.732,1
340,0.731,1
1648,0.731,1
494,0.73,1
3070,0.73,1
5894,0.73,1
6522,0.73,1
7747,0.73,1
9740,0.73,1
10901,0.73,1
11128,0.73,1
11566,0.73,1
11690,0.73,1
4515,0.729,1
5991,0.729,1
537,0.728,1
5804,0.727,1
137,0.725,1
177,0.724,1
426,0.724,1
5120,0.724,1
809,0.723,1
906,0.723,1
888,0.723,1
193,0.721,1
98,0.72,1
353,0.72,1
1812,0.72,1
1865,0.72,1
2082,0.72,1
2430,0.72,1
9059,0.72,1
10640,0.72,1
722,0.719,1
1287,0.719,1
485,0.717,1
669,0.715,1
257,0.714,1
374,0.714,1
4147,0.713,1
209,0.712,1
413,0.712,1
783,0.712,1
2673,0.711,1
879,0.71,1
1191,0.71,1
6909,0.71,1
7674,0.71,1
7824,0.71,1
8369,0.71,1
8939,0.71,1
8579,0.71,1
8805,0.71,1
9096,0.71,1
9823,0.71,1
9538,0.71,1
9597,0.71,1
10251,0.71,1
10084,0.71,1
10380,0.71,1
11267,0.71,1
268,0.709,1
5531,0.709,1
632,0.708,1
2058,0.708,1
549,0.707,1
780,0.707,1
1074,0.707,1
192,0.706,1
762,0.706,1
8207,0.706,1
1138,0.704,1
668,0.704,1
443,0.703,1
450,0.703,1
773,0.703,1
943,0.703,1
1511,0.703,1
4211,0.703,1
796,0.702,1
958,0.702,1
201,0.701,1
596,0.701,1
816,0.701,1
215,0.7,1
1469,0.7,1
1018,0.7,1
2619,0.7,1
2609,0.7,1
5728,0.7,1
5577,0.7,1
6647,0.7,1
7049,0.7,1
7218,0.7,1
7059,0.7,1
8040,0.7,1
8068,0.7,1
8635,0.7,1
8668,0.7,1
8509,0.7,1
8977,0.7,1
8733,0.7,1
8914,0.7,1
9133,0.7,1
9186,0.7,1
9561,0.7,1
9464,0.7,1
9401,0.7,1
9549,0.7,1
9193,0.7,1
10113,0.7,1
10610,0.7,1
10312,0.7,1
10169,0.7,1
10690,0.7,1
10823,0.7,1
10921,0.7,1
11474,0.7,1
9188,0.71,0
9288,0.7,0
1057,0.699,0
1019,0.699,0
3570,0.699,0
7160,0.699,0
302,0.697,0
2547,0.697,0
232,0.695,0
787,0.695,0
6293,0.695,0
1150,0.694,0
1044,0.694,0
183,0.693,0
182,0.693,0
579,0.693,0
2085,0.693,0
4458,0.693,0
6851,0.693,0
499,0.692,0
1142,0.692,0
1413,0.692,0
4113,0.692,0
889,0.691,0
957,0.691,0
1958,0.691,0
1124,0.69,0
915,0.69,0
2383,0.69,0
1854,0.69,0
2728,0.69,0
2539,0.69,0
3826,0.69,0
3819,0.69,0
5795,0.69,0
6756,0.69,0
6946,0.69,0
7999,0.69,0
8454,0.69,0
8980,0.69,0
8896,0.69,0
8828,0.69,0
9433,0.69,0
9511,0.69,0
9758,0.69,0
9732,0.69,0
10575,0.69,0
10324,0.69,0
9911,0.69,0
10478,0.69,0
10338,0.69,0
10289,0.69,0
10954,0.69,0
10977,0.69,0
10972,0.69,0
10664,0.69,0
11526,0.69,0
11523,0.69,0
11221,0.69,0
11354,0.69,0
11868,0.69,0
11512,0.69,0
11390,0.69,0
3339,0.689,0
1024,0.687,0
10200,0.687,0
744,0.686,0
528,0.686,0
2306,0.686,0
837,0.685,0
1153,0.685,0
967,0.685,0
1294,0.685,0
156,0.684,0
1284,0.684,0
1213,0.684,0
623,0.683,0
784,0.683,0
1810,0.683,0
1878,0.682,0
5279,0.682,0
109,0.681,0
1072,0.68,0
1420,0.68,0
1457,0.68,0
3379,0.68,0
3884,0.68,0
6062,0.68,0
6739,0.68,0
7759,0.68,0
8047,0.68,0
7965,0.68,0
8002,0.68,0
8191,0.68,0
8443,0.68,0
6182,0.68,0
9082,0.68,0
9380,0.68,0
9362,0.68,0
9792,0.68,0
9703,0.68,0
9727,0.68,0
9660,0.68,0
9240,0.68,0
9755,0.68,0
9214,0.68,0
9821,0.68,0
9710,0.68,0
10080,0.68,0
9891,0.68,0
10076,0.68,0
9682,0.68,0
9866,0.68,0
10341,0.68,0
10781,0.68,0
10427,0.68,0
10243,0.68,0
10181,0.68,0
10249,0.68,0
10495,0.68,0
10337,0.68,0
10694,0.68,0
10483,0.68,0
10658,0.68,0
10842,0.68,0
10943,0.68,0
10749,0.68,0
10910,0.68,0
11325,0.68,0
10995,0.68,0
10757,0.68,0
11418,0.68,0
11462,0.68,0
10775,0.68,0
11416,0.68,0
10850,0.68,0
11533,0.68,0
11146,0.68,0
11397,0.68,0
11645,0.68,0
11393,0.68,0
12161,0.68,0
12135,0.68,0
533,0.679,0
4009,0.679,0
5941,0.679,0
1882,0.678,0
403,0.677,0
690,0.677,0
1031,0.677,0
1090,0.677,0
2425,0.677,0
3634,0.677,0
7943,0.677,0
508,0.676,0
622,0.676,0
964,0.676,0
1214,0.676,0
2284,0.676,0
2460,0.676,0
266,0.675,0
1174,0.675,0
2159,0.675,0
9808,0.675,0
523,0.674,0
7186,0.674,0
1036,0.673,0
1621,0.673,0
2052,0.673,0
9725,0.673,0
1406,0.671,0
3779,0.671,0
659,0.67,0
237,0.67,0
539,0.67,0
1233,0.67,0
1325,0.67,0
1428,0.67,0
1566,0.67,0
2670,0.67,0
2421,0.67,0
4149,0.67,0
5510,0.67,0
6441,0.67,0
6065,0.67,0
7825,0.67,0
7688,0.67,0
7760,0.67,0
7751,0.67,0
8141,0.67,0
8400,0.67,0
8795,0.67,0
8719,0.67,0
8891,0.67,0
9017,0.67,0
9093,0.67,0
9187,0.67,0
9250,0.67,0
9079,0.67,0
9278,0.67,0
9221,0.67,0
9306,0.67,0
9510,0.67,0
9765,0.67,0
9820,0.67,0
9501,0.67,0
9868,0.67,0
9174,0.67,0
9697,0.67,0
8538,0.67,0
9528,0.67,0
10300,0.67,0
10551,0.67,0
10430,0.67,0
10400,0.67,0
10439,0.67,0
10648,0.67,0
10887,0.67,0
10898,0.67,0
10754,0.67,0
11102,0.67,0
11193,0.67,0
10597,0.67,0
11546,0.67,0
11148,0.67,0
11374,0.67,0
11194,0.67,0
11414,0.67,0
11828,0.67,0
11561,0.67,0
11345,0.67,0
11713,0.67,0
11598,0.67,0
11244,0.67,0
11326,0.67,0
11942,0.67,0
11776,0.67,0
11829,0.67,0
12073,0.67,0
1273,0.669,0
2957,0.669,0
5487,0.669,0
289,0.668,0
1054,0.668,0
1201,0.668,0
2762,0.668,0
3658,0.668,0
5324,0.668,0
648,0.667,0
2200,0.667,0
1,0.666,0
23,0.666,0
2540,0.666,0
4611,0.666,0
903,0.665,0
1308,0.665,0
3662,0.665,0
4621,0.665,0
5173,0.665,0
47,0.664,0
1988,0.664,0
1110,0.663,0
1007,0.662,0
1159,0.662,0
4392,0.662,0
3126,0.661,0
3509,0.661,0
7912,0.661,0
1441,0.66,0
1088,0.66,0
1333,0.66,0
1955,0.66,0
2109,0.66,0
2506,0.66,0
2880,0.66,0
2961,0.66,0
3023,0.66,0
4077,0.66,0
5801,0.66,0
5963,0.66,0
5870,0.66,0
5925,0.66,0
5845,0.66,0
6236,0.66,0
5966,0.66,0
6186,0.66,0
6347,0.66,0
7126,0.66,0
7173,0.66,0
7237,0.66,0
7393,0.66,0
7104,0.66,0
7530,0.66,0
7974,0.66,0
7730,0.66,0
4814,0.66,0
7849,0.66,0
7745,0.66,0
8219,0.66,0
7830,0.66,0
8343,0.66,0
8874,0.66,0
8845,0.66,0
8486,0.66,0
8385,0.66,0
8179,0.66,0
8357,0.66,0
9247,0.66,0
9118,0.66,0
9300,0.66,0
9509,0.66,0
9954,0.66,0
9523,0.66,0
9418,0.66,0
10218,0.66,0
10517,0.66,0
10855,0.66,0
10275,0.66,0
9711,0.66,0
10230,0.66,0
10488,0.66,0
10865,0.66,0
10455,0.66,0
11153,0.66,0
10860,0.66,0
10703,0.66,0
9822,0.66,0
11042,0.66,0
11041,0.66,0
11398,0.66,0
10891,0.66,0
11377,0.66,0
11080,0.66,0
11508,0.66,0
11206,0.66,0
11724,0.66,0
11195,0.66,0
11459,0.66,0
427,0.659,0
152,0.659,0
5029,0.659,0
5468,0.659,0
2087,0.658,0
6611,0.658,0
630,0.657,0
1466,0.657,0
4062,0.657,0
5742,0.657,0
1132,0.656,0
1431,0.656,0
1612,0.656,0
2181,0.656,0
5404,0.656,0
2063,0.655,0
1701,0.655,0
2346,0.655,0
2890,0.655,0
6482,0.655,0
7964,0.655,0
1305,0.654,0
1569,0.654,0
983,0.653,0
1672,0.653,0
7069,0.653,0
7236,0.653,0
387,0.652,0
573,0.652,0
1173,0.652,0
1734,0.652,0
3909,0.652,0
4287,0.652,0
4445,0.652,0
5951,0.652,0
6818,0.652,0
283,0.651,0
1946,0.651,0
2513,0.651,0
2651,0.651,0
5793,0.651,0
1896,0.65,0
1690,0.65,0
1343,0.65,0
1825,0.65,0
2074,0.65,0
3079,0.65,0
3397,0.65,0
3740,0.65,0
4268,0.65,0
4074,0.65,0
4842,0.65,0
5295,0.65,0
4571,0.65,0
5576,0.65,0
5189,0.65,0
5320,0.65,0
5949,0.65,0
6670,0.65,0
6309,0.65,0
6545,0.65,0
6767,0.65,0
6907,0.65,0
6599,0.65,0
6765,0.65,0
6175,0.65,0
7081,0.65,0
7505,0.65,0
7401,0.65,0
7544,0.65,0
7283,0.65,0
7714,0.65,0
7017,0.65,0
7772,0.65,0
7873,0.65,0
8536,0.65,0
8174,0.65,0
7829,0.65,0
8260,0.65,0
8482,0.65,0
7554,0.65,0
8495,0.65,0
8691,0.65,0
8808,0.65,0
8922,0.65,0
8750,0.65,0
8848,0.65,0
9289,0.65,0
9390,0.65,0
9038,0.65,0
9252,0.65,0
8860,0.65,0
9320,0.65,0
9663,0.65,0
9967,0.65,0
9203,0.65,0
9968,0.65,0
9651,0.65,0
9794,0.65,0
10014,0.65,0
9080,0.65,0
9374,0.65,0
10173,0.65,0
7885,0.65,0
10770,0.65,0
10174,0.65,0
10267,0.65,0
10295,0.65,0
10750,0.65,0
10607,0.65,0
8498,0.65,0
11191,0.65,0
10696,0.65,0
11213,0.65,0
11073,0.65,0
11107,0.65,0
11819,0.65,0
11399,0.65,0
11408,0.65,0
11914,0.65,0
11848,0.65,0
12132,0.65,0
789,0.649,0
2131,0.649,0
1027,0.648,0
5615,0.648,0
5396,0.647,0
730,0.646,0
1615,0.646,0
1704,0.646,0
2270,0.646,0
2505,0.646,0
2970,0.646,0
4318,0.646,0
7878,0.646,0
1855,0.645,0
1726,0.645,0
2467,0.645,0
1185,0.644,0
1907,0.644,0
2162,0.644,0
4590,0.644,0
5535,0.644,0
1115,0.643,0
3127,0.643,0
4098,0.643,0
6671,0.643,0
362,0.642,0
1148,0.642,0
1841,0.642,0
2075,0.642,0
3864,0.642,0
8005,0.642,0
2094,0.641,0
2086,0.641,0
1879,0.641,0
2750,0.641,0
3450,0.641,0
3891,0.641,0
1321,0.64,0
1592,0.64,0
2106,0.64,0
1588,0.64,0
1884,0.64,0
1827,0.64,0
1904,0.64,0
1819,0.64,0
2249,0.64,0
2376,0.64,0
3334,0.64,0
3521,0.64,0
3714,0.64,0
4169,0.64,0
3988,0.64,0
4912,0.64,0
5002,0.64,0
5276,0.64,0
5115,0.64,0
6044,0.64,0
5866,0.64,0
5175,0.64,0
5768,0.64,0
5829,0.64,0
5955,0.64,0
6472,0.64,0
6406,0.64,0
7079,0.64,0
6381,0.64,0
6507,0.64,0
6982,0.64,0
6707,0.64,0
7317,0.64,0
7162,0.64,0
5773,0.64,0
7155,0.64,0
7392,0.64,0
7490,0.64,0
7508,0.64,0
7510,0.64,0
7646,0.64,0
7680,0.64,0
7796,0.64,0
7485,0.64,0
8366,0.64,0
7634,0.64,0
7848,0.64,0
8220,0.64,0
8199,0.64,0
8351,0.64,0
8447,0.64,0
8654,0.64,0
8307,0.64,0
8717,0.64,0
8658,0.64,0
8524,0.64,0
8378,0.64,0
8788,0.64,0
8879,0.64,0
8905,0.64,0
9145,0.64,0
8796,0.64,0
9146,0.64,0
9337,0.64,0
8882,0.64,0
9384,0.64,0
9236,0.64,0
9745,0.64,0
9251,0.64,0
9484,0.64,0
9426,0.64,0
9234,0.64,0
9455,0.64,0
9801,0.64,0
9522,0.64,0
9705,0.64,0
10035,0.64,0
10307,0.64,0
9757,0.64,0
10558,0.64,0
10388,0.64,0
10143,0.64,0
10533,0.64,0
10033,0.64,0
10693,0.64,0
10520,0.64,0
10772,0.64,0
11158,0.64,0
10210,0.64,0
10543,0.64,0
11419,0.64,0
10941,0.64,0
11534,0.64,0
11565,0.64,0
11841,0.64,0
12026,0.64,0
11140,0.64,0
147,0.639,0
1245,0.639,0
2877,0.639,0
4382,0.639,0
4417,0.639,0
8545,0.639,0
4334,0.638,0
6448,0.638,0
7732,0.638,0
1079,0.637,0
1203,0.637,0
1377,0.637,0
1363,0.637,0
3936,0.637,0
6645,0.637,0
2089,0.636,0
2116,0.636,0
3910,0.636,0
3750,0.636,0
5006,0.636,0
7565,0.636,0
7452,0.636,0
1572,0.635,0
1553,0.635,0
1661,0.635,0
1790,0.635,0
2420,0.635,0
2574,0.635,0
2751,0.635,0
4812,0.635,0
7249,0.635,0
2882,0.634,0
3723,0.634,0
6597,0.634,0
2073,0.633,0
2755,0.633,0
4261,0.633,0
3116,0.632,0
4794,0.632,0
5212,0.632,0
7538,0.632,0
777,0.631,0
2103,0.631,0
3192,0.631,0
4227,0.631,0
7240,0.631,0
143,0.63,0
1276,0.63,0
1243,0.63,0
2359,0.63,0
2209,0.63,0
2624,0.63,0
2471,0.63,0
2515,0.63,0
3352,0.63,0
2994,0.63,0
3259,0.63,0
3894,0.63,0
3704,0.63,0
4101,0.63,0
5436,0.63,0
4108,0.63,0
5886,0.63,0
5785,0.63,0
6034,0.63,0
6036,0.63,0
6632,0.63,0
6628,0.63,0
6551,0.63,0
6758,0.63,0
6849,0.63,0
6970,0.63,0
7391,0.63,0
7235,0.63,0
7197,0.63,0
7746,0.63,0
8096,0.63,0
7948,0.63,0
7724,0.63,0
8094,0.63,0
8245,0.63,0
8033,0.63,0
8341,0.63,0
8584,0.63,0
8753,0.63,0
9518,0.63,0
8979,0.63,0
8996,0.63,0
9073,0.63,0
8674,0.63,0
9107,0.63,0
9558,0.63,0
9200,0.63,0
9126,0.63,0
9213,0.63,0
9103,0.63,0
9414,0.63,0
8739,0.63,0
8550,0.63,0
9369,0.63,0
9441,0.63,0
9343,0.63,0
9176,0.63,0
9977,0.63,0
9308,0.63,0
9908,0.63,0
9470,0.63,0
9986,0.63,0
9906,0.63,0
9670,0.63,0
10102,0.63,0
9889,0.63,0
9956,0.63,0
10335,0.63,0
9706,0.63,0
9955,0.63,0
9709,0.63,0
10111,0.63,0
10366,0.63,0
9858,0.63,0
9931,0.63,0
9893,0.63,0
10713,0.63,0
10487,0.63,0
10281,0.63,0
8472,0.63,0
10447,0.63,0
11079,0.63,0
10586,0.63,0
11137,0.63,0
11407,0.63,0
10839,0.63,0
11017,0.63,0
10706,0.63,0
11144,0.63,0
11120,0.63,0
11089,0.63,0
11617,0.63,0
11135,0.63,0
11164,0.63,0
11530,0.63,0
11143,0.63,0
11310,0.63,0
11806,0.63,0
7823,0.63,0
11689,0.63,0
11959,0.63,0
11909,0.63,0
11859,0.63,0
1923,0.629,0
3072,0.629,0
4182,0.629,0
5172,0.629,0
7949,0.629,0
2596,0.628,0
1097,0.627,0
4055,0.627,0
4656,0.627,0
1103,0.626,0
1525,0.626,0
2054,0.626,0
2704,0.625,0
3179,0.625,0
2935,0.624,0
3664,0.624,0
4360,0.624,0
4620,0.624,0
5648,0.624,0
2643,0.623,0
2968,0.623,0
4619,0.623,0
6450,0.623,0
684,0.622,0
2344,0.622,0
5160,0.621,0
116,0.62,0
1782,0.62,0
2240,0.62,0
2823,0.62,0
3295,0.62,0
3802,0.62,0
3912,0.62,0
3428,0.62,0
4263,0.62,0
4719,0.62,0
5434,0.62,0
5372,0.62,0
5776,0.62,0
5904,0.62,0
6222,0.62,0
5961,0.62,0
6749,0.62,0
6714,0.62,0
6584,0.62,0
6444,0.62,0
6942,0.62,0
5579,0.62,0
7006,0.62,0
7071,0.62,0
7894,0.62,0
8145,0.62,0
7421,0.62,0
7855,0.62,0
7494,0.62,0
7202,0.62,0
7699,0.62,0
8022,0.62,0
7819,0.62,0
8237,0.62,0
8515,0.62,0
8288,0.62,0
8011,0.62,0
8529,0.62,0
7978,0.62,0
8694,0.62,0
8633,0.62,0
7603,0.62,0
8946,0.62,0
8810,0.62,0
9088,0.62,0
8383,0.62,0
8992,0.62,0
9235,0.62,0
8598,0.62,0
9021,0.62,0
8582,0.62,0
9548,0.62,0
9304,0.62,0
9256,0.62,0
8803,0.62,0
9149,0.62,0
5693,0.62,0
9279,0.62,0
8831,0.62,0
9582,0.62,0
9328,0.62,0
9810,0.62,0
9926,0.62,0
8593,0.62,0
10062,0.62,0
9631,0.62,0
9997,0.62,0
10123,0.62,0
9578,0.62,0
10025,0.62,0
10397,0.62,0
10301,0.62,0
9688,0.62,0
10296,0.62,0
10900,0.62,0
10739,0.62,0
10274,0.62,0
10729,0.62,0
10840,0.62,0
10742,0.62,0
11098,0.62,0
11121,0.62,0
11238,0.62,0
11482,0.62,0
11415,0.62,0
11788,0.62,0
11969,0.62,0
11984,0.62,0
10183,0.62,0
11200,0.62,0
1922,0.619,0
1250,0.619,0
1516,0.619,0
5225,0.619,0
1095,0.618,0
2521,0.618,0
5661,0.618,0
2805,0.617,0
770,0.616,0
1962,0.616,0
2593,0.616,0
4795,0.616,0
807,0.615,0
4405,0.615,0
5043,0.615,0
2250,0.614,0
4273,0.614,0
4752,0.614,0
5080,0.614,0
5654,0.614,0
3532,0.613,0
5815,0.613,0
6389,0.613,0
1077,0.612,0
1725,0.612,0
2810,0.612,0
3806,0.612,0
6359,0.612,0
1422,0.611,0
2032,0.611,0
3280,0.611,0
4203,0.611,0
1493,0.61,0
1696,0.61,0
2534,0.61,0
1876,0.61,0
2324,0.61,0
2440,0.61,0
3064,0.61,0
3333,0.61,0
3780,0.61,0
3593,0.61,0
3648,0.61,0
4513,0.61,0
4091,0.61,0
4401,0.61,0
4538,0.61,0
4930,0.61,0
5652,0.61,0
5782,0.61,0
6860,0.61,0
6311,0.61,0
6464,0.61,0
7112,0.61,0
6356,0.61,0
6477,0.61,0
6556,0.61,0
6038,0.61,0
6682,0.61,0
7267,0.61,0
5164,0.61,0
7820,0.61,0
7770,0.61,0
7648,0.61,0
8273,0.61,0
8476,0.61,0
8384,0.61,0
8270,0.61,0
8799,0.61,0
8881,0.61,0
8718,0.61,0
9232,0.61,0
9015,0.61,0
8982,0.61,0
8589,0.61,0
9025,0.61,0
9078,0.61,0
9238,0.61,0
9353,0.61,0
9556,0.61,0
8775,0.61,0
9497,0.61,0
9860,0.61,0
10166,0.61,0
10731,0.61,0
10462,0.61,0
10677,0.61,0
10314,0.61,0
10857,0.61,0
10535,0.61,0
10795,0.61,0
10528,0.61,0
11162,0.61,0
10743,0.61,0
11025,0.61,0
11227,0.61,0
10732,0.61,0
11357,0.61,0
11765,0.61,0
10962,0.61,0
11466,0.61,0
11894,0.61,0
11798,0.61,0
6825,0.609,0
297,0.608,0
8296,0.608,0
1112,0.607,0
3475,0.607,0
6430,0.607,0
6411,0.607,0
1759,0.606,0
2230,0.606,0
2204,0.606,0
3890,0.606,0
4059,0.606,0
4070,0.606,0
4175,0.605,0
1632,0.604,0
3987,0.604,0
4745,0.604,0
7190,0.604,0
2273,0.602,0
4180,0.602,0
6003,0.602,0
6086,0.602,0
2124,0.601,0
2228,0.601,0
2686,0.601,0
3145,0.601,0
3998,0.601,0
8581,0.601,0
725,0.6,0
2046,0.6,0
2403,0.6,0
3017,0.6,0
2525,0.6,0
2830,0.6,0
2995,0.6,0
2947,0.6,0
2958,0.6,0
3007,0.6,0
3657,0.6,0
3770,0.6,0
4248,0.6,0
4478,0.6,0
3809,0.6,0
4449,0.6,0
4968,0.6,0
6025,0.6,0
5953,0.6,0
5524,0.6,0
6332,0.6,0
5942,0.6,0
6777,0.6,0
6646,0.6,0
6290,0.6,0
7228,0.6,0
6870,0.6,0
7316,0.6,0
7120,0.6,0
6937,0.6,0
7408,0.6,0
7446,0.6,0
7403,0.6,0
7625,0.6,0
8166,0.6,0
7799,0.6,0
7841,0.6,0
8114,0.6,0
7947,0.6,0
8086,0.6,0
7078,0.6,0
8249,0.6,0
8433,0.6,0
8063,0.6,0
8230,0.6,0
7967,0.6,0
8308,0.6,0
8569,0.6,0
8604,0.6,0
8697,0.6,0
8994,0.6,0
8904,0.6,0
8997,0.6,0
8950,0.6,0
8951,0.6,0
9359,0.6,0
9361,0.6,0
9313,0.6,0
9324,0.6,0
9466,0.6,0
9598,0.6,0
9797,0.6,0
9452,0.6,0
9849,0.6,0
9972,0.6,0
9396,0.6,0
9596,0.6,0
10006,0.6,0
9717,0.6,0
10459,0.6,0
9347,0.6,0
10156,0.6,0
10232,0.6,0
10680,0.6,0
10396,0.6,0
10505,0.6,0
10532,0.6,0
10768,0.6,0
11362,0.6,0
11899,0.6,0
11448,0.6,0
3224,0.599,0
3254,0.599,0
5203,0.599,0
2433,0.598,0
6519,0.598,0
1520,0.597,0
4081,0.597,0
5049,0.597,0
5380,0.597,0
6793,0.597,0
100,0.596,0
3271,0.596,0
3543,0.596,0
5622,0.596,0
8264,0.596,0
5303,0.595,0
553,0.594,0
2111,0.594,0
2889,0.594,0
4064,0.594,0
6419,0.594,0
3201,0.593,0
5015,0.593,0
5481,0.593,0
3774,0.592,0
4734,0.592,0
1375,0.591,0
2866,0.591,0
4551,0.591,0
6500,0.591,0
1997,0.59,0
2838,0.59,0
2950,0.59,0
3306,0.59,0
4695,0.59,0
4456,0.59,0
5199,0.59,0
5689,0.59,0
5808,0.59,0
6479,0.59,0
6445,0.59,0
6590,0.59,0
6073,0.59,0
6132,0.59,0
5997,0.59,0
6485,0.59,0
6740,0.59,0
6673,0.59,0
7333,0.59,0
6983,0.59,0
7441,0.59,0
7219,0.59,0
5620,0.59,0
7694,0.59,0
7436,0.59,0
7547,0.59,0
7613,0.59,0
7899,0.59,0
8070,0.59,0
7647,0.59,0
7618,0.59,0
7879,0.59,0
8314,0.59,0
8417,0.59,0
8766,0.59,0
8923,0.59,0
8741,0.59,0
8451,0.59,0
8272,0.59,0
9490,0.59,0
9468,0.59,0
9784,0.59,0
9332,0.59,0
9394,0.59,0
9739,0.59,0
9391,0.59,0
9281,0.59,0
9827,0.59,0
9914,0.59,0
9741,0.59,0
10151,0.59,0
10609,0.59,0
10047,0.59,0
9654,0.59,0
10390,0.59,0
10370,0.59,0
10863,0.59,0
10681,0.59,0
10454,0.59,0
9569,0.59,0
10820,0.59,0
10945,0.59,0
11450,0.59,0
11087,0.59,0
11869,0.59,0
11974,0.59,0
12291,0.59,0
2622,0.589,0
5027,0.589,0
496,0.588,0
2138,0.588,0
3226,0.588,0
4658,0.588,0
4928,0.588,0
4963,0.588,0
2696,0.587,0
3443,0.587,0
4584,0.587,0
1606,0.586,0
3803,0.586,0
4005,0.586,0
9004,0.585,0
1497,0.584,0
4471,0.584,0
4152,0.583,0
4534,0.583,0
4768,0.583,0
4394,0.582,0
7506,0.582,0
4326,0.581,0
1686,0.58,0
2415,0.58,0
2518,0.58,0
5233,0.58,0
4459,0.58,0
5291,0.58,0
4501,0.58,0
4786,0.58,0
5138,0.58,0
6185,0.58,0
6577,0.58,0
5744,0.58,0
6274,0.58,0
5850,0.58,0
6250,0.58,0
6197,0.58,0
6486,0.58,0
6859,0.58,0
6839,0.58,0
6752,0.58,0
7562,0.58,0
7171,0.58,0
6989,0.58,0
7054,0.58,0
7075,0.58,0
7397,0.58,0
7623,0.58,0
7941,0.58,0
7836,0.58,0
7334,0.58,0
7514,0.58,0
8618,0.58,0
7954,0.58,0
8364,0.58,0
8317,0.58,0
8420,0.58,0
8893,0.58,0
8463,0.58,0
8516,0.58,0
8895,0.58,0
8520,0.58,0
8851,0.58,0
9280,0.58,0
8964,0.58,0
8620,0.58,0
8452,0.58,0
9491,0.58,0
9915,0.58,0
9752,0.58,0
9229,0.58,0
9675,0.58,0
9924,0.58,0
9768,0.58,0
9901,0.58,0
10103,0.58,0
9952,0.58,0
10203,0.58,0
10473,0.58,0
10279,0.58,0
10851,0.58,0
10782,0.58,0
10897,0.58,0
11036,0.58,0
10745,0.58,0
11131,0.58,0
11282,0.58,0
11569,0.58,0
11938,0.58,0
11769,0.58,0
11946,0.58,0
9411,0.58,0
208,0.579,0
3590,0.579,0
6159,0.579,0
6298,0.579,0
2157,0.578,0
4096,0.578,0
4581,0.578,0
4984,0.578,0
1748,0.577,0
3198,0.577,0
1710,0.576,0
3013,0.576,0
3019,0.576,0
4071,0.576,0
5407,0.576,0
7065,0.576,0
394,0.575,0
3199,0.575,0
4907,0.575,0
5872,0.575,0
5719,0.574,0
4387,0.573,0
4996,0.573,0
688,0.572,0
1665,0.572,0
2247,0.572,0
5155,0.572,0
3858,0.571,0
5841,0.571,0
2434,0.57,0
2135,0.57,0
1965,0.57,0
2667,0.57,0
3188,0.57,0
2509,0.57,0
3186,0.57,0
3381,0.57,0
2945,0.57,0
3476,0.57,0
3582,0.57,0
3814,0.57,0
4887,0.57,0
4563,0.57,0
3917,0.57,0
4933,0.57,0
4743,0.57,0
4808,0.57,0
5271,0.57,0
5251,0.57,0
5911,0.57,0
6206,0.57,0
6782,0.57,0
7332,0.57,0
7667,0.57,0
7906,0.57,0
7661,0.57,0
7752,0.57,0
6457,0.57,0
7797,0.57,0
7875,0.57,0
8387,0.57,0
8254,0.57,0
8441,0.57,0
7996,0.57,0
8505,0.57,0
8806,0.57,0
8703,0.57,0
9160,0.57,0
9123,0.57,0
9066,0.57,0
8981,0.57,0
9242,0.57,0
9626,0.57,0
9962,0.57,0
9228,0.57,0
10344,0.57,0
10720,0.57,0
10717,0.57,0
10634,0.57,0
10691,0.57,0
10903,0.57,0
10824,0.57,0
11006,0.57,0
11096,0.57,0
11476,0.57,0
11461,0.57,0
11992,0.57,0
2911,0.568,0
3489,0.568,0
3970,0.568,0
5078,0.568,0
1061,0.567,0
2824,0.566,0
87,0.565,0
2896,0.565,0
4314,0.565,0
4430,0.565,0
4453,0.565,0
3293,0.564,0
4669,0.564,0
6466,0.564,0
5401,0.563,0
1913,0.562,0
3267,0.562,0
738,0.561,0
3697,0.561,0
9672,0.561,0
938,0.56,0
2446,0.56,0
3086,0.56,0
3734,0.56,0
4029,0.56,0
4110,0.56,0
4897,0.56,0
5333,0.56,0
6192,0.56,0
6495,0.56,0
6844,0.56,0
7241,0.56,0
6845,0.56,0
6954,0.56,0
6896,0.56,0
6690,0.56,0
7153,0.56,0
7195,0.56,0
6915,0.56,0
7047,0.56,0
7426,0.56,0
7364,0.56,0
7729,0.56,0
7652,0.56,0
7624,0.56,0
7767,0.56,0
7806,0.56,0
7969,0.56,0
8067,0.56,0
8084,0.56,0
8015,0.56,0
7960,0.56,0
8221,0.56,0
8323,0.56,0
8295,0.56,0
8627,0.56,0
8588,0.56,0
8557,0.56,0
9064,0.56,0
8649,0.56,0
8738,0.56,0
8541,0.56,0
8641,0.56,0
8920,0.56,0
9519,0.56,0
9201,0.56,0
8552,0.56,0
9574,0.56,0
10058,0.56,0
9689,0.56,0
10751,0.56,0
9928,0.56,0
10245,0.56,0
10339,0.56,0
10306,0.56,0
9838,0.56,0
10948,0.56,0
10328,0.56,0
10992,0.56,0
10779,0.56,0
10404,0.56,0
10716,0.56,0
10959,0.56,0
10727,0.56,0
10880,0.56,0
11046,0.56,0
11570,0.56,0
11358,0.56,0
11575,0.56,0
11840,0.56,0
11443,0.56,0
11910,0.56,0
5035,0.558,0
5569,0.558,0
1635,0.557,0
5571,0.557,0
726,0.556,0
1912,0.556,0
3959,0.556,0
2795,0.555,0
4868,0.555,0
2339,0.553,0
2722,0.553,0
3503,0.553,0
6566,0.552,0
7359,0.551,0
3712,0.55,0
3839,0.55,0
4444,0.55,0
4741,0.55,0
5489,0.55,0
5596,0.55,0
5527,0.55,0
6376,0.55,0
6505,0.55,0
7139,0.55,0
6686,0.55,0
6862,0.55,0
7394,0.55,0
6879,0.55,0
7257,0.55,0
7272,0.55,0
7902,0.55,0
8170,0.55,0
8058,0.55,0
8044,0.55,0
8328,0.55,0
7637,0.55,0
8475,0.55,0
8812,0.55,0
8590,0.55,0
8838,0.55,0
9072,0.55,0
8934,0.55,0
8716,0.55,0
9371,0.55,0
9613,0.55,0
9647,0.55,0
9690,0.55,0
9513,0.55,0
9800,0.55,0
10379,0.55,0
10496,0.55,0
10112,0.55,0
10511,0.55,0
11303,0.55,0
11745,0.55,0
11452,0.55,0
11989,0.55,0
2040,0.549,0
3600,0.549,0
1753,0.548,0
2051,0.548,0
4840,0.546,0
8194,0.545,0
329,0.544,0
2389,0.544,0
5352,0.544,0
7134,0.543,0
3157,0.542,0
3371,0.542,0
3878,0.541,0
5430,0.541,0
1009,0.54,0
3168,0.54,0
2566,0.54,0
3031,0.54,0
2980,0.54,0
4482,0.54,0
5898,0.54,0
5607,0.54,0
5011,0.54,0
5828,0.54,0
6033,0.54,0
7144,0.54,0
7299,0.54,0
7655,0.54,0
7805,0.54,0
7801,0.54,0
8491,0.54,0
8671,0.54,0
8583,0.54,0
8381,0.54,0
8776,0.54,0
8772,0.54,0
9227,0.54,0
8769,0.54,0
8172,0.54,0
8892,0.54,0
9202,0.54,0
9806,0.54,0
9316,0.54,0
9623,0.54,0
9310,0.54,0
9055,0.54,0
9950,0.54,0
10050,0.54,0
9897,0.54,0
10387,0.54,0
10176,0.54,0
10599,0.54,0
10175,0.54,0
10755,0.54,0
10624,0.54,0
10774,0.54,0
10818,0.54,0
10360,0.54,0
10826,0.54,0
10568,0.54,0
11130,0.54,0
11341,0.54,0
9648,0.54,0
1356,0.539,0
3240,0.539,0
3270,0.538,0
3706,0.538,0
5362,0.538,0
477,0.537,0
2299,0.537,0
3373,0.537,0
4729,0.536,0
629,0.534,0
4607,0.534,0
4613,0.534,0
5176,0.533,0
1411,0.532,0
6742,0.532,0
8300,0.531,0
4372,0.53,0
4935,0.53,0
5906,0.53,0
6282,0.53,0
6405,0.53,0
4200,0.53,0
5507,0.53,0
6335,0.53,0
7043,0.53,0
7002,0.53,0
7354,0.53,0
7617,0.53,0
7845,0.53,0
7533,0.53,0
8188,0.53,0
8374,0.53,0
8138,0.53,0
8767,0.53,0
8751,0.53,0
9826,0.53,0
8993,0.53,0
8862,0.53,0
8559,0.53,0
8978,0.53,0
9341,0.53,0
9983,0.53,0
9830,0.53,0
9813,0.53,0
10158,0.53,0
10106,0.53,0
9814,0.53,0
10001,0.53,0
10559,0.53,0
10412,0.53,0
10364,0.53,0
10195,0.53,0
10410,0.53,0
11071,0.53,0
11209,0.53,0
11082,0.53,0
11646,0.53,0
11296,0.53,0
11656,0.53,0
4479,0.529,0
2818,0.527,0
4574,0.527,0
5758,0.527,0
6296,0.526,0
1076,0.525,0
2853,0.524,0
4578,0.524,0
3953,0.524,0
1805,0.521,0
3578,0.521,0
4460,0.52,0
4689,0.52,0
4810,0.52,0
5499,0.52,0
6053,0.52,0
6681,0.52,0
7539,0.52,0
6352,0.52,0
6889,0.52,0
7493,0.52,0
7686,0.52,0
8017,0.52,0
5683,0.52,0
8449,0.52,0
8140,0.52,0
8619,0.52,0
8628,0.52,0
8359,0.52,0
8648,0.52,0
8714,0.52,0
8912,0.52,0
8966,0.52,0
8395,0.52,0
8800,0.52,0
8856,0.52,0
8483,0.52,0
9440,0.52,0
9684,0.52,0
9526,0.52,0
9909,0.52,0
9917,0.52,0
9848,0.52,0
9998,0.52,0
7123,0.52,0
10320,0.52,0
10892,0.52,0
10952,0.52,0
10165,0.52,0
11172,0.52,0
11865,0.52,0
6736,0.519,0
8729,0.516,0
1178,0.514,0
2646,0.514,0
4386,0.513,0
4987,0.513,0
3986,0.512,0
4854,0.512,0
7293,0.512,0
2483,0.511,0
2765,0.511,0
4797,0.51,0
5800,0.51,0
4629,0.51,0
7021,0.51,0
7388,0.51,0
6776,0.51,0
7739,0.51,0
7869,0.51,0
8215,0.51,0
8214,0.51,0
8446,0.51,0
8609,0.51,0
8887,0.51,0
9198,0.51,0
9122,0.51,0
9028,0.51,0
9063,0.51,0
9005,0.51,0
9115,0.51,0
9585,0.51,0
9363,0.51,0
10098,0.51,0
10042,0.51,0
10160,0.51,0
10268,0.51,0
10481,0.51,0
11062,0.51,0
10808,0.51,0
11278,0.51,0
7560,0.509,0
9354,0.509,0
1835,0.508,0
2147,0.507,0
3026,0.507,0
5699,0.506,0
2600,0.505,0
6514,0.503,0
8616,0.503,0
4222,0.5,0
3698,0.5,0
4270,0.5,0
4212,0.5,0
3989,0.5,0
5602,0.5,0
6255,0.5,0
6370,0.5,0
7214,0.5,0
7131,0.5,0
7896,0.5,0
7576,0.5,0
7775,0.5,0
8056,0.5,0
8302,0.5,0
8331,0.5,0
8534,0.5,0
8794,0.5,0
9002,0.5,0
7698,0.5,0
9269,0.5,0
9531,0.5,0
9644,0.5,0
10619,0.5,0
10654,0.5,0
10719,0.5,0
10800,0.5,0
10284,0.5,0
11154,0.5,0
11404,0.5,0
11264,0.5,0
11097,0.5,0
4747,0.499,0
9052,0.499,0
2781,0.495,0
4862,0.494,0
5389,0.494,0
4040,0.492,0
7561,0.491,0
8398,0.491,0
3329,0.49,0
4726,0.49,0
6786,0.49,0
7378,0.49,0
7917,0.49,0
8434,0.49,0
8511,0.49,0
8728,0.49,0
8659,0.49,0
9043,0.49,0
9178,0.49,0
9417,0.49,0
9614,0.49,0
8948,0.49,0
9594,0.49,0
10352,0.49,0
10266,0.49,0
10678,0.49,0
10070,0.49,0
10271,0.49,0
10355,0.49,0
11037,0.49,0
10886,0.49,0
11925,0.49,0
11677,0.49,0
6848,0.485,0
4588,0.484,0
6437,0.482,0
4900,0.481,0
1381,0.48,0
4176,0.48,0
6168,0.48,0
7234,0.48,0
7348,0.48,0
6824,0.48,0
5682,0.48,0
9475,0.48,0
9161,0.48,0
8726,0.48,0
9106,0.48,0
9261,0.48,0
9037,0.48,0
9946,0.48,0
9477,0.48,0
9941,0.48,0
9430,0.48,0
10078,0.48,0
9685,0.48,0
9919,0.48,0
10428,0.48,0
9779,0.48,0
11274,0.48,0
11106,0.48,0
10333,0.48,0
11717,0.48,0
12107,0.48,0
12093,0.48,0
12173,0.48,0
7110,0.478,0
7854,0.472,0
3220,0.47,0
6581,0.47,0
7725,0.47,0
6669,0.47,0
8274,0.47,0
8768,0.47,0
8960,0.47,0
10429,0.47,0
9482,0.47,0
9735,0.47,0
9571,0.47,0
8961,0.47,0
9527,0.47,0
10311,0.47,0
10591,0.47,0
11444,0.47,0
11469,0.47,0
5228,0.468,0
7783,0.464,0
6462,0.461,0
7271,0.46,0
7424,0.46,0
8003,0.46,0
8337,0.46,0
9148,0.46,0
9720,0.46,0
10308,0.46,0
11528,0.46,0
11950,0.46,0
6252,0.456,0
7501,0.456,0
2139,0.455,0
6832,0.455,0
7638,0.454,0
4276,0.45,0
5890,0.45,0
7985,0.45,0
8077,0.45,0
6916,0.45,0
8418,0.45,0
8949,0.45,0
9110,0.45,0
9652,0.45,0
9857,0.45,0
11247,0.45,0
11317,0.45,0
2473,0.448,0
3225,0.443,0
4999,0.443,0
1166,0.442,0
7591,0.44,0
7997,0.44,0
9683,0.44,0
9686,0.44,0
10228,0.44,0
9865,0.44,0
10578,0.44,0
11052,0.44,0
11026,0.44,0
11757,0.44,0
12079,0.44,0
6520,0.439,0
1335,0.432,0
4539,0.43,0
8091,0.43,0
8279,0.43,0
8313,0.43,0
8312,0.43,0
8153,0.43,0
8269,0.43,0
8494,0.43,0
8709,0.43,0
9265,0.43,0
8762,0.43,0
9656,0.43,0
9992,0.43,0
11477,0.43,0
11287,0.43,0
1813,0.423,0
6506,0.42,0
8071,0.42,0
10494,0.42,0
4976,0.41,0
7956,0.41,0
8278,0.41,0
9399,0.41,0
10302,0.41,0
4407,0.4,0
7731,0.4,0
8283,0.4,0
8016,0.4,0
9125,0.4,0
9969,0.4,0
11685,0.4,0
5889,0.39,0
8669,0.39,0
11202,0.39,0
11670,0.39,0
12006,0.39,0
3636,0.38,0
10623,0.38,0
11196,0.38,0
10304,0.37,0
10848,0.37,0
10612,0.35,0
291,0.0,0
982,0.0,0
2225,0.0,0
5437,0.0,0
5809,0.0,0
7264,0.0,0
7213,0.0,0
8036,0.0,0
8053,0.0,0
8326,0.0,0
5516,0.0,0
8080,0.0,0
7705,0.0,0
8679,0.0,0
11420,0.0,0
65,0.91,-1
3948,0.6,-1
7586,0.68,-1
11010,0.48,-1
12016,0.46,-1
12230,0.68,-1
11871,0.65,-1
12017,0.44,-1
12154,0.61,-1
12231,0.53,-1
12255,0.66,-1
12207,0.6,-1
12309,0.62,-1
12283,0.59,-1
12396,0.48,-1
