ID  Gmag   (Vmag-Imag)   (Bmag-Vmag)   e_Gmag   e_(Vmag-Imag)   e_(Bmag-Vmag)   Mini
10      15.9583 0.9765  0.7815  0.0005  0.0106  0.0102  1.2714  
11      18.3677 1.4204  1.2069  0.0018  0.0174  0.0198  0.8103  
12      16.9398 1.1411  0.9542  0.0007  0.0122  0.0131  1.0531  
13      16.6755 1.0845  0.8915  0.0007  0.0116  0.0122  1.1072  
24      14.3282 0.7299  0.5904  0.0003  0.0095  0.0073  3.0105  
15      14.2306 0.5304  0.4387  0.0003  0.0094  0.0072  1.8782  
16      16.9780 1.1327  0.9452  0.0008  0.0123  0.0132  1.0453  
17      16.1388 0.9929  0.7965  0.0005  0.0108  0.0107  1.2274  
18      18.6457 1.5242  1.2973  0.0022  0.0191  0.0215  0.7728  
29      16.0852 1.1048  0.9061  0.0005  0.0108  0.0105  2.1096  
110     14.7237 0.6342  0.5325  0.0004  0.0097  0.0079  1.6523  
111     18.1631 1.3869  1.1865  0.0016  0.0163  0.0186  0.8404  
112     18.5319 1.4621  1.2380  0.0020  0.0184  0.0208  0.7878  
213     13.5848 0.5327  0.4442  0.0003  0.0093  0.0065  3.6464  
114     14.4674 0.5686  0.4759  0.0003  0.0095  0.0075  1.7623  
115     16.4674 1.0557  0.8608  0.0006  0.0113  0.0116  1.1523  
116     15.5172 0.8839  0.7064  0.0004  0.0102  0.0092  1.3891  
117     14.4401 0.5663  0.4737  0.0003  0.0095  0.0074  1.7748  
118     18.8536 1.5904  1.3452  0.0026  0.0207  0.0230  0.7472  
119     13.2151 0.4365  0.3289  0.0003  0.0092  0.0061  2.4571  
120     10.8145 1.4874  1.3513  0.0003  0.0090  0.0048  3.4131  
121     11.8287 0.4398  0.3146  0.0003  0.0090  0.0052  3.1006  
122     15.6888 0.9387  0.7502  0.0004  0.0103  0.0096  1.3413  
123     16.8222 1.1289  0.9401  0.0007  0.0119  0.0127  1.0772  
224     14.0432 0.6339  0.5071  0.0003  0.0094  0.0069  3.1971  
125     15.5969 0.9002  0.7174  0.0004  0.0102  0.0094  1.3665  
226     15.9191 1.0801  0.8834  0.0005  0.0106  0.0101  2.1911  
127     16.7123 1.0967  0.9047  0.0007  0.0117  0.0123  1.0997  
128     17.0517 1.1409  0.9538  0.0008  0.0124  0.0135  1.0306  
129     13.9298 0.4907  0.3963  0.0003  0.0094  0.0068  2.0406  
130     16.5037 1.0937  0.9000  0.0006  0.0113  0.0117  1.1448  
131     17.5587 1.2705  1.0888  0.0011  0.0138  0.0155  0.9380  
132     13.6497 0.4559  0.3586  0.0003  0.0093  0.0065  2.2009  
233     13.8917 0.6261  0.5183  0.0003  0.0093  0.0068  3.3619  
234     13.6984 0.5803  0.4787  0.0003  0.0093  0.0066  3.5273  
135     18.2639 1.4139  1.2093  0.0017  0.0168  0.0192  0.8253  
136     17.3879 1.2284  1.0469  0.0010  0.0133  0.0148  0.9680  
137     17.3870 1.2159  1.0329  0.0010  0.0133  0.0148  0.9680  
138     13.0631 0.4329  0.3224  0.0003  0.0092  0.0060  2.5451  
139     17.6876 1.2939  1.1105  0.0011  0.0143  0.0161  0.9155  
140     16.0774 1.0102  0.8135  0.0005  0.0107  0.0105  1.2424  
141     16.0140 0.9704  0.7747  0.0005  0.0107  0.0104  1.2574  
242     13.1821 0.4853  0.3896  0.0003  0.0092  0.0061  4.0398  
143     18.5379 1.5168  1.2998  0.0020  0.0184  0.0208  0.7878  
244     19.0709 1.8472  1.4937  0.0030  0.0225  0.0246  1.2085  
245     17.7863 1.4646  1.2284  0.0012  0.0147  0.0166  1.5506  
146     15.9588 0.9868  0.7914  0.0005  0.0106  0.0102  1.2714  
147     17.9631 1.3361  1.1437  0.0014  0.0154  0.0175  0.8704  
148     18.1614 1.3691  1.1662  0.0016  0.0163  0.0186  0.8404  
149     15.8231 0.9640  0.7715  0.0005  0.0105  0.0099  1.3057  
150     11.9799 0.4547  0.3227  0.0003  0.0090  0.0053  3.0510  
151     17.2806 1.2036  1.0205  0.0009  0.0130  0.0144  0.9876  
152     17.4286 1.2232  1.0401  0.0010  0.0134  0.0150  0.9605  
153     18.5905 1.5108  1.2877  0.0021  0.0188  0.0212  0.7803  
154     18.4819 1.4915  1.2767  0.0019  0.0181  0.0205  0.7953  
155     18.3153 1.4271  1.2199  0.0017  0.0171  0.0195  0.8178  
256     17.3380 1.4108  1.2187  0.0009  0.0132  0.0146  1.7033  
257     15.2777 0.9777  0.7829  0.0004  0.0100  0.0088  2.5068  
158     16.9189 1.1166  0.9279  0.0007  0.0121  0.0130  1.0571  
159     17.6852 1.2633  1.0759  0.0011  0.0143  0.0161  0.9155  
160     18.8057 1.6002  1.3627  0.0025  0.0203  0.0226  0.7534  
161     15.2672 0.8110  0.6543  0.0004  0.0100  0.0088  1.4636  
162     16.9196 1.1276  0.9396  0.0007  0.0121  0.0130  1.0571  
163     13.3185 0.4594  0.3489  0.0003  0.0092  0.0062  2.3959  
164     15.3887 0.8382  0.6715  0.0004  0.0101  0.0090  1.4266  
165     15.2676 0.8201  0.6623  0.0004  0.0100  0.0088  1.4636  
166     12.5975 0.4166  0.3040  0.0003  0.0091  0.0057  2.7923  
167     18.9567 1.6292  1.3754  0.0028  0.0215  0.0238  0.7347  
268     17.7875 1.4779  1.2435  0.0012  0.0147  0.0166  1.5506  
269     16.5228 1.1984  1.0130  0.0006  0.0114  0.0117  1.9721  
170     17.3886 1.2388  1.0585  0.0010  0.0133  0.0148  0.9680  
171     16.2677 1.0317  0.8354  0.0005  0.0110  0.0110  1.1973  
172     17.7328 1.2964  1.1110  0.0012  0.0145  0.0164  0.9080  
173     17.9645 1.3522  1.1621  0.0014  0.0154  0.0175  0.8704  
174     18.5341 1.4817  1.2601  0.0020  0.0184  0.0208  0.7878  
175     17.8706 1.3176  1.1277  0.0013  0.0150  0.0170  0.8854  
176     18.5925 1.5286  1.3078  0.0021  0.0188  0.0212  0.7803  
177     16.8942 1.1205  0.9319  0.0007  0.0121  0.0129  1.0621  
178     18.6471 1.5367  1.3113  0.0022  0.0191  0.0215  0.7728  
179     17.6867 1.2828  1.0979  0.0011  0.0143  0.0161  0.9155  
180     18.5935 1.5367  1.3169  0.0021  0.0188  0.0212  0.7803  
181     18.0126 1.3555  1.1626  0.0014  0.0156  0.0178  0.8629  
182     18.1648 1.4044  1.2064  0.0016  0.0163  0.0186  0.8404  
183     14.8012 0.6452  0.5400  0.0004  0.0097  0.0080  1.6223  
184     18.8012 1.5637  1.3220  0.0025  0.0203  0.0226  0.7534  
185     14.4883 0.5574  0.4674  0.0003  0.0095  0.0075  1.7525  
186     11.9011 0.4423  0.3157  0.0003  0.0090  0.0052  3.0776  
187     13.9836 0.4834  0.3934  0.0003  0.0094  0.0069  2.0104  
188     16.6396 1.0699  0.8760  0.0006  0.0116  0.0121  1.1147  
189     17.8236 1.2984  1.1084  0.0012  0.0148  0.0168  0.8929  
190     17.6867 1.2823  1.0974  0.0011  0.0143  0.0161  0.9155  
191     17.9628 1.3328  1.1400  0.0014  0.0154  0.0175  0.8704  
292     16.5228 1.1991  1.0137  0.0006  0.0114  0.0117  1.9721  
193     16.6748 1.0713  0.8776  0.0007  0.0116  0.0122  1.1072  
194     17.6888 1.3089  1.1274  0.0011  0.0143  0.0161  0.9155  
195     17.5571 1.2485  1.0641  0.0011  0.0138  0.0155  0.9380  
196     13.0399 0.4310  0.3204  0.0003  0.0092  0.0060  2.5582  
197     14.3462 0.5421  0.4517  0.0003  0.0095  0.0073  1.8201  
298     16.5233 1.2078  1.0227  0.0006  0.0114  0.0117  1.9721  
199     18.0154 1.3864  1.1978  0.0014  0.0156  0.0178  0.8629  
1100    15.9587 0.9850  0.7897  0.0005  0.0106  0.0102  1.2714  
2101    17.3352 1.3717  1.1754  0.0009  0.0132  0.0146  1.7033  
2102    15.2308 0.9611  0.7685  0.0004  0.0100  0.0087  2.5235  
1103    13.9428 0.4793  0.3887  0.0003  0.0094  0.0068  2.0330  
1104    14.4671 0.5603  0.4694  0.0003  0.0095  0.0075  1.7623  
1105    14.2597 0.5196  0.4315  0.0003  0.0095  0.0072  1.8631  
1106    15.5957 0.8730  0.6924  0.0004  0.0102  0.0094  1.3665  
1107    12.4006 0.4462  0.3195  0.0003  0.0091  0.0055  2.8845  
1108    18.8093 1.6306  1.3967  0.0025  0.0203  0.0226  0.7534  
1109    18.8040 1.5866  1.3476  0.0025  0.0203  0.0226  0.7534  
2110    17.7872 1.4752  1.2404  0.0012  0.0147  0.0166  1.5506  
2111    17.7880 1.4843  1.2507  0.0012  0.0147  0.0166  1.5506  
2112    15.4108 1.0107  0.8135  0.0004  0.0101  0.0090  2.4254  
2113    17.7901 1.5092  1.2790  0.0012  0.0147  0.0166  1.5506  
1114    17.1763 1.1898  1.0062  0.0008  0.0127  0.0140  1.0069  
1115    18.4798 1.4720  1.2546  0.0019  0.0181  0.0205  0.7953  
2116    16.0847 1.0953  0.8968  0.0005  0.0108  0.0105  2.1096  
1117    17.6884 1.3032  1.1209  0.0011  0.0143  0.0161  0.9155  
2118    15.8051 1.0524  0.8514  0.0005  0.0104  0.0099  2.2116  
1119    17.5149 1.2495  1.0667  0.0010  0.0137  0.0154  0.9455  
1120    16.6390 1.0582  0.8637  0.0006  0.0116  0.0121  1.1147  
1121    16.6400 1.0764  0.8828  0.0006  0.0116  0.0121  1.1147  
1122    11.1922 1.4590  1.3036  0.0003  0.0090  0.0049  3.3019  
1123    17.9188 1.3506  1.1628  0.0013  0.0152  0.0173  0.8779  
2124    14.6677 0.8075  0.6509  0.0004  0.0096  0.0078  2.7931  
1125    18.8037 1.5841  1.3447  0.0025  0.0203  0.0226  0.7534  
2126    16.0058 1.0792  0.8699  0.0005  0.0107  0.0103  2.0838  
1127    15.7658 0.9287  0.7394  0.0005  0.0104  0.0098  1.3205  
1128    17.5155 1.2566  1.0746  0.0010  0.0137  0.0154  0.9455  
2129    16.0851 1.1028  0.9042  0.0005  0.0108  0.0105  2.1096  
2130    12.1094 0.4362  0.3212  0.0003  0.0090  0.0054  5.1331  
1131    17.4718 1.2372  1.0543  0.0010  0.0136  0.0152  0.9530  
1132    15.3639 0.8379  0.6726  0.0004  0.0100  0.0089  1.4341  
1133    16.6762 1.0968  0.9044  0.0007  0.0116  0.0122  1.1072  
1134    13.0014 0.4135  0.3084  0.0003  0.0092  0.0060  2.5795  
1135    14.6850 0.6278  0.5271  0.0004  0.0096  0.0078  1.6677  
1136    11.4378 0.4591  0.3290  0.0003  0.0090  0.0050  3.2097  
2137    14.8574 0.9085  0.7244  0.0004  0.0097  0.0081  2.7256  
1138    15.2451 0.8145  0.6591  0.0004  0.0100  0.0087  1.4707  
1139    16.4682 1.0703  0.8758  0.0006  0.0113  0.0116  1.1523  
1140    17.6878 1.2963  1.1132  0.0011  0.0143  0.0161  0.9155  
1141    18.3725 1.4665  1.2593  0.0018  0.0174  0.0198  0.8103  
1142    15.5967 0.8953  0.7130  0.0004  0.0102  0.0094  1.3665  
2143    16.0860 1.1220  0.9229  0.0005  0.0108  0.0105  2.1096  
1144    17.1252 1.1876  1.0040  0.0008  0.0126  0.0138  1.0168  
1145    12.4887 0.4311  0.3114  0.0003  0.0091  0.0056  2.8441  
1146    14.2010 0.5086  0.4210  0.0003  0.0094  0.0071  1.8931  
1147    17.4279 1.2136  1.0293  0.0010  0.0134  0.0150  0.9605  
1148    16.5705 1.0606  0.8662  0.0006  0.0115  0.0119  1.1297  
2149    14.6681 0.8167  0.6583  0.0004  0.0096  0.0078  2.7931  
1150    14.8608 0.6640  0.5537  0.0004  0.0097  0.0081  1.5998  
2151    12.9958 0.4692  0.3699  0.0003  0.0092  0.0059  4.2231  
2152    12.6764 0.4405  0.3394  0.0003  0.0091  0.0057  4.6422  
2153    17.3354 1.3742  1.1781  0.0009  0.0132  0.0146  1.7033  
1154    14.6977 0.6245  0.5245  0.0004  0.0096  0.0078  1.6626  
2155    17.0762 1.2774  1.0603  0.0008  0.0125  0.0136  1.7044  
2156    18.1138 1.5810  1.3209  0.0015  0.0161  0.0183  1.4684  
1157    17.1754 1.1766  0.9916  0.0008  0.0127  0.0140  1.0069  
1158    16.8944 1.1227  0.9342  0.0007  0.0121  0.0129  1.0621  
1159    17.1237 1.1640  0.9783  0.0008  0.0126  0.0138  1.0168  
1160    17.2081 1.1632  0.9767  0.0009  0.0128  0.0141  1.0006  
1161    14.1353 0.5030  0.4142  0.0003  0.0094  0.0071  1.9278  
1162    18.3180 1.4533  1.2497  0.0017  0.0171  0.0195  0.8178  
2163    14.0245 0.6401  0.5228  0.0003  0.0094  0.0069  3.2445  
1164    18.9008 1.5750  1.3218  0.0027  0.0211  0.0234  0.7409  
1165    15.3891 0.8502  0.6823  0.0004  0.0101  0.0090  1.4266  
1166    17.2076 1.1558  0.9686  0.0009  0.0128  0.0141  1.0006  
1167    14.9873 0.7099  0.5872  0.0004  0.0098  0.0083  1.5544  
2168    15.5815 1.0375  0.8395  0.0004  0.0102  0.0094  2.3464  
1169    19.0009 1.6027  1.3397  0.0029  0.0219  0.0242  0.7290  
1170    13.7515 0.4586  0.3651  0.0003  0.0093  0.0066  2.1418  
1171    13.9032 0.4891  0.3939  0.0003  0.0093  0.0068  2.0557  
2172    14.3331 0.6968  0.5608  0.0003  0.0095  0.0073  2.9692  
1173    15.8217 0.9324  0.7416  0.0005  0.0105  0.0099  1.3057  
1174    15.1248 0.7589  0.6194  0.0004  0.0099  0.0085  1.5085  
1175    18.5344 1.4850  1.2639  0.0020  0.0184  0.0208  0.7878  
1176    14.4565 0.5627  0.4711  0.0003  0.0095  0.0075  1.7672  
1177    17.3887 1.2397  1.0595  0.0010  0.0133  0.0148  0.9680  
1178    14.6539 0.6026  0.5066  0.0003  0.0096  0.0077  1.6799  
1179    11.6526 0.4359  0.3137  0.0003  0.0090  0.0051  3.1527  
1180    11.1700 1.4482  1.2976  0.0003  0.0090  0.0049  3.3066  
1181    17.7346 1.3188  1.1364  0.0012  0.0145  0.0164  0.9080  
1182    14.4232 0.5524  0.4623  0.0003  0.0095  0.0074  1.7827  
1183    15.3886 0.8378  0.6712  0.0004  0.0101  0.0090  1.4266  
2184    17.0752 1.2622  1.0437  0.0008  0.0125  0.0136  1.7044  
1185    18.5955 1.5547  1.3372  0.0021  0.0188  0.0212  0.7803  
1186    17.3509 1.2115  1.0286  0.0009  0.0132  0.0147  0.9746  
1187    18.6472 1.5373  1.3120  0.0022  0.0191  0.0215  0.7728  
1188    18.5899 1.5047  1.2808  0.0021  0.0188  0.0212  0.7803  
1189    18.4811 1.4847  1.2689  0.0019  0.0181  0.0205  0.7953  
1190    17.6423 1.2602  1.0742  0.0011  0.0141  0.0159  0.9230  
1191    13.3897 0.4389  0.3373  0.0003  0.0092  0.0063  2.3532  
1192    13.3177 0.4372  0.3339  0.0003  0.0092  0.0062  2.3959  
1193    14.2905 0.5598  0.4632  0.0003  0.0095  0.0072  1.8481  
1194    18.8545 1.5972  1.3528  0.0026  0.0207  0.0230  0.7472  
1195    13.5709 0.4494  0.3508  0.0003  0.0093  0.0064  2.2468  
1196    12.1820 0.4350  0.3109  0.0003  0.0091  0.0054  2.9759  
1197    18.8995 1.5650  1.3107  0.0027  0.0211  0.0234  0.7409  
1198    15.2445 0.8007  0.6469  0.0004  0.0100  0.0087  1.4707  
1199    19.1541 1.7300  1.4594  0.0032  0.0232  0.0253  0.7131  
1200    16.9790 1.1497  0.9636  0.0008  0.0123  0.0132  1.0453  
1201    16.5018 1.0580  0.8633  0.0006  0.0113  0.0117  1.1448  
1202    18.2168 1.4345  1.2367  0.0016  0.0166  0.0189  0.8328  
2203    14.1219 0.6664  0.5409  0.0003  0.0094  0.0070  3.1657  
2204    17.0747 1.2547  1.0355  0.0008  0.0125  0.0136  1.7044  
1205    17.6448 1.2923  1.1104  0.0011  0.0141  0.0159  0.9230  
1206    17.2099 1.1897  1.0058  0.0009  0.0128  0.0141  1.0006  
1207    19.3025 1.7295  1.4349  0.0036  0.0248  0.0266  0.6966  
1208    17.0170 1.1609  0.9758  0.0008  0.0123  0.0134  1.0377  
1209    17.4285 1.2224  1.0391  0.0010  0.0134  0.0150  0.9605  
1210    14.4459 0.5625  0.4708  0.0003  0.0095  0.0075  1.7721  
1211    16.0148 0.9893  0.7931  0.0005  0.0107  0.0104  1.2574  
1212    18.1652 1.4087  1.2112  0.0016  0.0163  0.0186  0.8404  
1213    16.7136 1.1203  0.9296  0.0007  0.0117  0.0123  1.0997  
2214    11.5657 0.4281  0.3079  0.0003  0.0090  0.0051  5.8394  
1215    16.9784 1.1400  0.9531  0.0008  0.0123  0.0132  1.0453  
1216    15.0837 0.7400  0.6060  0.0004  0.0099  0.0084  1.5218  
1217    16.8208 1.1048  0.9144  0.0007  0.0119  0.0127  1.0772  
1218    15.5169 0.8765  0.6997  0.0004  0.0102  0.0092  1.3891  
1219    15.3641 0.8433  0.6774  0.0004  0.0100  0.0089  1.4341  
1220    10.9631 1.4421  1.2966  0.0003  0.0090  0.0048  3.3515  
1221    13.4164 0.4425  0.3405  0.0003  0.0092  0.0063  2.3375  
1222    19.3090 1.7740  1.4826  0.0036  0.0248  0.0266  0.6966  
2223    13.4061 0.5034  0.4154  0.0003  0.0092  0.0063  3.8264  
2224    13.0619 0.4913  0.3816  0.0003  0.0092  0.0060  4.0641  
2225    14.0433 0.6395  0.5113  0.0003  0.0094  0.0069  3.1971  
1226    13.9842 0.5003  0.4058  0.0003  0.0094  0.0069  2.0104  
1227    16.7847 1.1025  0.9117  0.0007  0.0119  0.0126  1.0847  
1228    18.2126 1.3915  1.1877  0.0016  0.0166  0.0189  0.8328  
1229    15.8228 0.9565  0.7644  0.0005  0.0105  0.0099  1.3057  
1230    14.3736 0.5409  0.4517  0.0003  0.0095  0.0074  1.8066  
1231    17.8698 1.3084  1.1173  0.0013  0.0150  0.0170  0.8854  
1232    18.8549 1.6003  1.3562  0.0026  0.0207  0.0230  0.7472  
1233    13.5523 0.4509  0.3513  0.0003  0.0093  0.0064  2.2577  
1234    13.7592 0.4735  0.3760  0.0003  0.0093  0.0066  2.1377  
1235    14.4566 0.5652  0.4731  0.0003  0.0095  0.0075  1.7672  
1236    17.1475 1.1692  0.9837  0.0008  0.0127  0.0139  1.0122  
1237    14.2303 0.5224  0.4326  0.0003  0.0094  0.0072  1.8782  
1238    15.1771 0.7826  0.6360  0.0004  0.0099  0.0086  1.4918  
1239    18.8533 1.5878  1.3423  0.0026  0.0207  0.0230  0.7472  
2240    16.5227 1.1976  1.0123  0.0006  0.0114  0.0117  1.9721  
1241    14.7817 0.6462  0.5412  0.0004  0.0097  0.0079  1.6298  
1242    12.5795 0.4185  0.3050  0.0003  0.0091  0.0056  2.8010  
1243    15.7667 0.9511  0.7605  0.0005  0.0104  0.0098  1.3205  
2244    13.1223 0.4890  0.3806  0.0003  0.0092  0.0060  3.9940  
2245    14.3704 0.7361  0.5956  0.0003  0.0095  0.0074  2.9798  
1246    11.7510 0.4466  0.3188  0.0003  0.0090  0.0052  3.1242  
1247    14.1740 0.4954  0.4100  0.0003  0.0094  0.0071  1.9071  
1248    18.5910 1.5145  1.2918  0.0021  0.0188  0.0212  0.7803  
1249    14.9540 0.7215  0.5988  0.0004  0.0098  0.0082  1.5663  
1250    17.4295 1.2354  1.0537  0.0010  0.0134  0.0150  0.9605  
1251    14.8620 0.6952  0.5796  0.0004  0.0097  0.0081  1.5998  
1252    15.9583 0.9754  0.7804  0.0005  0.0106  0.0102  1.2714  
1253    15.3889 0.8437  0.6765  0.0004  0.0101  0.0090  1.4266  
1254    17.2806 1.2031  1.0199  0.0009  0.0130  0.0144  0.9876  
1255    16.3002 1.0240  0.8279  0.0006  0.0110  0.0111  1.1898  
1256    18.8555 1.6059  1.3625  0.0026  0.0207  0.0230  0.7472  
1257    14.5758 0.6101  0.5109  0.0003  0.0096  0.0076  1.7140  
1258    13.5929 0.4689  0.3652  0.0003  0.0093  0.0065  2.2344  
1259    17.6870 1.2865  1.1021  0.0011  0.0143  0.0161  0.9155  
1260    17.8263 1.3295  1.1437  0.0012  0.0148  0.0168  0.8929  
1261    18.9061 1.6176  1.3690  0.0027  0.0211  0.0234  0.7409  
1262    14.7237 0.6319  0.5306  0.0004  0.0097  0.0079  1.6523  
1263    19.3129 1.8009  1.5115  0.0036  0.0248  0.0266  0.6966  
1264    18.5383 1.5198  1.3033  0.0020  0.0184  0.0208  0.7878  
1265    15.3638 0.8367  0.6714  0.0004  0.0100  0.0089  1.4341  
1266    16.8209 1.1065  0.9162  0.0007  0.0119  0.0127  1.0772  
1267    18.9057 1.6144  1.3655  0.0027  0.0211  0.0234  0.7409  
1268    14.3459 0.5311  0.4432  0.0003  0.0095  0.0073  1.8201  
2269    14.3511 0.7715  0.6288  0.0003  0.0095  0.0073  3.0260  
1270    18.2669 1.4434  1.2428  0.0017  0.0168  0.0192  0.8253  
1271    19.2522 1.7164  1.4295  0.0035  0.0243  0.0262  0.7017  
1272    16.7113 1.0806  0.8877  0.0007  0.0117  0.0123  1.0997  
1273    12.3271 0.4258  0.3067  0.0003  0.0091  0.0055  2.9166  
1274    17.6896 1.3190  1.1389  0.0011  0.0143  0.0161  0.9155  
1275    19.0741 1.6414  1.3724  0.0030  0.0226  0.0247  0.7210  
1276    18.3165 1.4383  1.2327  0.0017  0.0171  0.0195  0.8178  
2277    14.8577 0.9159  0.7305  0.0004  0.0097  0.0081  2.7256  
1278    17.7327 1.2955  1.1099  0.0012  0.0145  0.0164  0.9080  
1279    12.5980 0.4321  0.3136  0.0003  0.0091  0.0057  2.7923  
1280    17.5574 1.2532  1.0693  0.0011  0.0138  0.0155  0.9380  
1281    17.4707 1.2222  1.0375  0.0010  0.0136  0.0152  0.9530  
1282    19.4618 1.8262  1.5123  0.0041  0.0266  0.0280  0.6811  
1283    15.8218 0.9331  0.7422  0.0005  0.0105  0.0099  1.3057  
1284    14.1240 0.5187  0.4257  0.0003  0.0094  0.0070  1.9342  
1285    17.2802 1.1978  1.0141  0.0009  0.0130  0.0144  0.9876  
1286    19.0771 1.6638  1.3970  0.0030  0.0226  0.0247  0.7210  
1287    19.1148 1.6911  1.4220  0.0031  0.0229  0.0250  0.7171  
1288    12.6709 0.4251  0.3102  0.0003  0.0091  0.0057  2.7567  
1289    16.9981 1.1453  0.9589  0.0008  0.0123  0.0133  1.0413  
1290    18.9018 1.5835  1.3311  0.0027  0.0211  0.0234  0.7409  
1291    13.7588 0.4599  0.3663  0.0003  0.0093  0.0066  2.1377  
1292    16.5022 1.0652  0.8707  0.0006  0.0113  0.0117  1.1448  
1293    18.6999 1.5393  1.3078  0.0023  0.0195  0.0219  0.7658  
1294    18.4827 1.4993  1.2856  0.0019  0.0181  0.0205  0.7953  
1295    17.1242 1.1714  0.9864  0.0008  0.0126  0.0138  1.0168  
1296    16.8942 1.1196  0.9309  0.0007  0.0121  0.0129  1.0621  
2297    14.3273 0.7028  0.5696  0.0003  0.0095  0.0073  3.0105  
1298    12.8461 0.4347  0.3199  0.0003  0.0091  0.0058  2.6650  
1299    13.0857 0.4436  0.3302  0.0003  0.0092  0.0060  2.5324  
2300    14.3704 0.7364  0.5959  0.0003  0.0095  0.0074  2.9798  
2301    12.8427 0.4541  0.3555  0.0003  0.0091  0.0058  4.4590  
2302    17.7867 1.4682  1.2325  0.0012  0.0147  0.0166  1.5506  
1303    12.1821 0.4397  0.3136  0.0003  0.0091  0.0054  2.9759  
1304    18.0138 1.3682  1.1770  0.0014  0.0156  0.0178  0.8629  
2305    17.3150 1.3440  1.1309  0.0009  0.0131  0.0145  1.6714  
1306    19.3085 1.7708  1.4792  0.0036  0.0248  0.0266  0.6966  
1307    13.0283 0.4298  0.3193  0.0003  0.0092  0.0060  2.5647  
1308    16.1708 1.0113  0.8146  0.0005  0.0109  0.0108  1.2199  
1309    13.2355 0.4364  0.3298  0.0003  0.0092  0.0061  2.4449  
1310    16.9590 1.1388  0.9518  0.0008  0.0122  0.0132  1.0492  
1311    17.9165 1.3253  1.1340  0.0013  0.0152  0.0173  0.8779  
1312    18.9041 1.6017  1.3514  0.0027  0.0211  0.0234  0.7409  
1313    14.9536 0.7099  0.5890  0.0004  0.0098  0.0082  1.5663  
1314    13.1950 0.4330  0.3259  0.0003  0.0092  0.0061  2.4688  
2315    13.1819 0.4794  0.3857  0.0003  0.0092  0.0061  4.0398  
1316    19.1872 1.7235  1.4476  0.0033  0.0236  0.0256  0.7091  
2317    13.5850 0.5392  0.4487  0.0003  0.0093  0.0065  3.6464  
2318    14.1223 0.6756  0.5478  0.0003  0.0094  0.0070  3.1657  
2319    15.1979 0.9367  0.7491  0.0004  0.0099  0.0086  2.4855  
1320    13.7109 0.4507  0.3577  0.0003  0.0093  0.0066  2.1651  
1321    18.5363 1.5021  1.2832  0.0020  0.0184  0.0208  0.7878  
1322    12.7977 0.4114  0.3040  0.0003  0.0091  0.0058  2.6906  
