#ID  Gmag   (Vmag-Imag)   (Bmag-Vmag)   e_Gmag   e_(Vmag-Imag)   e_(Bmag-Vmag)   Mini
20      17.8627 1.6085  1.2978  0.0013  0.0336  0.0492  3.3675  
21      17.7677 1.5265  1.1982  0.0012  0.0317  0.0460  3.4271  
12      18.4240 1.4880  1.1565  0.0017  0.0490  0.0750  1.7540  
23      18.1708 1.6404  1.3210  0.0015  0.0411  0.0618  3.0933  
24      17.6353 1.5361  1.2380  0.0011  0.0293  0.0418  3.5329  
15      18.1129 1.4595  1.1725  0.0014  0.0395  0.0592  1.8793  
16      18.2844 1.5235  1.2403  0.0015  0.0444  0.0673  1.8093  
17      18.1126 1.4513  1.1601  0.0014  0.0395  0.0592  1.8793  
18      18.1104 1.3907  1.0695  0.0014  0.0395  0.0592  1.8793  
29      17.6347 1.5207  1.2162  0.0011  0.0293  0.0418  3.5329  
110     18.2234 1.4561  1.1491  0.0015  0.0426  0.0643  1.8331  
211     17.4292 1.4830  1.1964  0.0010  0.0261  0.0362  3.7012  
112     17.9661 1.4632  1.1970  0.0013  0.0359  0.0530  1.9420  
213     17.5623 1.5276  1.2329  0.0011  0.0281  0.0397  3.5450  
214     17.6380 1.4940  1.1879  0.0011  0.0293  0.0419  3.4192  
115     17.9127 1.3234  0.9974  0.0013  0.0348  0.0512  1.9632  
116     17.8131 1.4047  1.1271  0.0012  0.0326  0.0475  2.0089  
117     17.8430 1.4004  1.1180  0.0012  0.0332  0.0485  1.9954  
218     17.6382 1.4986  1.1945  0.0011  0.0293  0.0419  3.4192  
119     17.9631 1.3837  1.0795  0.0013  0.0359  0.0530  1.9420  
120     17.9009 1.4205  1.1425  0.0013  0.0344  0.0506  1.9700  
121     17.6449 1.3604  1.0789  0.0011  0.0295  0.0421  2.0856  
122     17.6790 1.3957  1.1264  0.0012  0.0301  0.0431  2.0702  
123     17.6456 1.3790  1.1054  0.0011  0.0295  0.0421  2.0856  
124     17.7093 1.3333  1.0336  0.0012  0.0306  0.0441  2.0549  
125     17.6212 1.3818  1.1113  0.0011  0.0290  0.0414  2.0971  
126     17.6199 1.3492  1.0649  0.0011  0.0290  0.0414  2.0971  
127     17.6781 1.3736  1.0947  0.0012  0.0301  0.0431  2.0702  
128     17.7781 1.3749  1.0870  0.0012  0.0319  0.0463  2.0243  
129     17.7807 1.4439  1.1872  0.0012  0.0319  0.0463  2.0243  
130     17.5609 1.3945  1.1329  0.0011  0.0280  0.0396  2.1255  
131     17.5407 1.3773  1.1097  0.0011  0.0277  0.0391  2.1346  
132     17.5396 1.3475  1.0677  0.0011  0.0277  0.0391  2.1346  
233     17.3433 1.4290  1.1222  0.0010  0.0249  0.0342  3.6338  
134     17.5424 1.4195  1.1692  0.0011  0.0277  0.0391  2.1346  
135     17.4717 1.3447  1.0676  0.0011  0.0267  0.0373  2.1672  
236     16.9275 1.3922  1.1187  0.0008  0.0202  0.0260  4.1255  
137     17.4720 1.3541  1.0808  0.0011  0.0267  0.0373  2.1672  
138     17.5205 1.3695  1.0999  0.0011  0.0274  0.0386  2.1440  
239     17.3451 1.4739  1.1840  0.0010  0.0249  0.0342  3.6338  
240     16.9573 1.4162  1.1333  0.0008  0.0205  0.0265  4.0093  
141     17.1917 1.3512  1.0825  0.0009  0.0230  0.0308  2.3028  
242     16.5165 1.3472  1.0739  0.0007  0.0170  0.0204  4.5291  
243     16.6719 1.3613  1.0900  0.0007  0.0181  0.0223  4.3770  
144     17.2466 1.3548  1.0864  0.0009  0.0236  0.0320  2.2760  
145     17.1890 1.2838  0.9920  0.0009  0.0230  0.0308  2.3028  
146     17.3204 1.3434  1.0714  0.0010  0.0246  0.0336  2.2403  
247     17.0839 1.4122  1.1170  0.0009  0.0218  0.0288  3.8741  
248     16.9041 1.3553  1.0556  0.0008  0.0200  0.0257  4.0375  
249     16.8646 1.3548  1.0559  0.0008  0.0197  0.0251  4.0579  
250     16.8655 1.3774  1.0847  0.0008  0.0197  0.0251  4.0579  
151     16.9904 1.3065  1.0252  0.0008  0.0208  0.0271  2.4005  
152     17.0932 1.3236  1.0475  0.0009  0.0219  0.0289  2.3505  
153     17.0423 1.2807  0.9920  0.0009  0.0214  0.0280  2.3745  
154     16.9728 1.3308  1.0569  0.0008  0.0206  0.0268  2.4098  
155     17.0927 1.3098  1.0292  0.0009  0.0219  0.0289  2.3505  
156     17.0434 1.3082  1.0281  0.0009  0.0214  0.0280  2.3745  
157     16.8043 1.2711  0.9793  0.0008  0.0192  0.0242  2.4901  
158     16.8049 1.2853  0.9971  0.0008  0.0192  0.0242  2.4901  
259     16.7112 1.3779  1.0877  0.0008  0.0184  0.0228  4.1540  
160     16.8056 1.3020  1.0182  0.0008  0.0192  0.0242  2.4901  
161     16.8044 1.2719  0.9802  0.0008  0.0192  0.0242  2.4901  
162     16.8064 1.3210  1.0422  0.0008  0.0192  0.0242  2.4901  
163     16.7659 1.2807  0.9915  0.0008  0.0188  0.0236  2.5085  
164     16.5683 1.2873  0.9964  0.0007  0.0174  0.0210  2.5993  
165     16.5691 1.3063  1.0194  0.0007  0.0174  0.0210  2.5993  
266     15.9384 1.3076  1.0221  0.0006  0.0141  0.0151  5.0855  
167     16.6558 1.3063  1.0217  0.0007  0.0180  0.0221  2.5603  
168     16.6027 1.2988  1.0116  0.0007  0.0176  0.0214  2.5844  
169     16.5684 1.2875  0.9966  0.0007  0.0174  0.0210  2.5993  
170     16.4980 1.3150  1.0282  0.0007  0.0169  0.0202  2.6308  
171     16.3406 1.2802  0.9857  0.0007  0.0160  0.0185  2.6963  
172     16.4580 1.2697  0.9739  0.0007  0.0167  0.0197  2.6472  
273     16.0154 1.3160  1.0272  0.0006  0.0144  0.0157  4.8255  
174     16.3418 1.3089  1.0189  0.0007  0.0160  0.0185  2.6963  
175     16.4583 1.2765  0.9820  0.0007  0.0167  0.0197  2.6472  
176     16.2759 1.2932  0.9998  0.0006  0.0156  0.0179  2.7221  
277     15.9865 1.3137  1.0230  0.0006  0.0143  0.0155  4.8052  
178     16.1431 1.3091  1.0147  0.0006  0.0150  0.0167  2.7730  
279     15.9874 1.3363  1.0474  0.0006  0.0143  0.0155  4.8052  
280     15.7925 1.2973  1.0058  0.0005  0.0136  0.0142  5.0460  
181     15.9519 1.3256  1.0283  0.0006  0.0142  0.0152  2.8424  
182     15.9857 1.3043  1.0058  0.0006  0.0143  0.0155  2.8302  
183     15.8926 1.3002  1.0007  0.0006  0.0140  0.0148  2.8622  
184     15.8652 1.3231  1.0248  0.0006  0.0139  0.0146  2.8717  
185     15.7627 1.3535  1.0529  0.0005  0.0135  0.0140  2.9060  
186     15.5656 1.4104  1.1034  0.0005  0.0129  0.0129  2.9683  
187     15.6491 1.3696  1.0659  0.0005  0.0131  0.0133  2.9429  
188     15.3633 2.5451  2.2233  0.0005  0.0124  0.0119  3.0050  
189     15.7145 1.3597  1.0590  0.0005  0.0133  0.0137  2.9219  
190     15.7155 1.3846  1.0845  0.0005  0.0133  0.0137  2.9219  
191     15.7336 2.3385  2.0189  0.0005  0.0134  0.0138  3.0625  
292     15.4169 2.2144  1.7400  0.0005  0.0125  0.0121  5.3689  
193     15.7025 2.3805  2.0626  0.0005  0.0133  0.0136  3.0729  
194     15.5568 2.3777  2.0641  0.0005  0.0129  0.0128  3.1185  
195     15.5567 2.3748  2.0612  0.0005  0.0129  0.0128  3.1185  
196     15.4558 2.3814  2.0708  0.0005  0.0126  0.0123  3.1500  
297     15.2613 2.1896  1.6954  0.0005  0.0122  0.0115  5.5418  
