ID,x,y,Gmag,e_Gmag,VI,BV,VIerr,BVerr,MP,sel
1124,1193.9,1378.91,18.3372,0.0017,1.531,1.254,0.043,0.06,0.85,1
1156,1492.24,816.595,18.4197,0.0019,1.441,1.345,0.047,0.076,0.79,1
881,1477.71,1357.74,17.861,0.0015,1.551,1.166,0.033,0.044,0.77,1
1197,1525.53,1155.99,18.4979,0.002,1.569,1.27,0.05,0.07,0.77,1
1089,1552.31,1006.87,18.3731,0.0019,1.331,0.957,0.039,0.049,0.76,1
894,1298.73,855.8,17.6788,0.0013,1.797,1.537,0.036,0.056,0.75,1
1074,1493.91,1105.54,18.2692,0.0018,1.463,1.139,0.039,0.054,0.75,1
307,1442.46,997.504,16.5243,0.0018,1.177,0.885,0.012,0.013,0.745,1
785,1669.98,1372.4,17.8306,0.0014,1.205,0.942,0.032,0.033,0.74,1
1169,1116.24,1141.07,18.3738,0.0018,1.713,1.34,0.047,0.072,0.74,1
1229,1096.33,1260.42,18.4339,0.0022,1.821,1.291,0.055,0.094,0.74,1
933,1063.39,1289.46,17.7362,0.0013,1.967,1.576,0.033,0.064,0.73,1
1208,1252.04,987.044,18.3654,0.0018,1.706,1.381,0.053,0.085,0.71,1
818,1594.17,1196.08,17.6523,0.0015,1.633,1.229,0.024,0.033,0.7,1
330,1369.8,1265.9,16.4089,0.0007,1.494,1.209,0.012,0.015,0.69,1
81,1541.56,1226.38,14.3668,0.0003,1.76,1.588,0.006,0.006,0.686,1
54,1267.24,1277.63,13.8118,0.0002,1.661,1.498,0.007,0.006,0.681,1
342,1520.04,1220.18,16.3323,0.0008,1.735,1.591,0.013,0.017,0.68,1
523,1489.44,825.184,17.238,0.001,1.195,1.053,0.022,0.023,0.68,1
562,1312.72,769.726,17.2956,0.0011,1.223,1.01,0.024,0.029,0.68,1
835,1282.92,838.384,17.6527,0.0013,1.651,1.274,0.031,0.039,0.68,1
738,1781.01,1106.08,18.2453,0.0016,0.761,1.732,0.071,0.085,0.68,1
249,1044.77,1156.72,16.0653,0.0006,1.355,1.081,0.009,0.01,0.673,1
373,1336.36,1305.97,16.8089,0.0008,1.16,0.911,0.012,0.015,0.672,1
125,1500.24,1431.56,15.3083,0.0004,0.769,0.588,0.01,0.009,0.671,1
466,1159.21,843.361,16.1384,0.0006,2.608,2.346,0.019,0.056,0.67,1
525,1403.48,953.003,17.2359,0.001,1.216,0.987,0.025,0.026,0.67,1
905,1726.15,1246.27,17.8946,0.0014,1.682,1.44,0.032,0.05,0.67,1
65,1430.7,892.85,14.492,0.0003,0.609,0.484,0.013,0.011,0.666,1
7,1127.1,1091.13,11.1284,0.0011,1.741,1.663,0.006,0.005,0.663,1
150,1315.15,795.998,15.5529,0.0005,1.003,0.805,0.016,0.016,0.663,1
194,1322.69,1371.74,15.8538,0.0006,1.032,0.806,0.009,0.01,0.662,1
344,1078.75,1195.44,16.6409,0.0006,1.159,0.933,0.013,0.015,0.66,1
506,1282.42,1221.98,17.1766,0.0011,1.139,0.891,0.02,0.019,0.66,1
531,1170.38,1241.15,17.2687,0.0009,1.215,0.964,0.019,0.023,0.66,1
750,1257.2,1121.63,17.3243,0.0012,1.972,1.747,0.023,0.038,0.66,1
62,1677.71,1299.07,14.0287,0.0003,1.583,1.44,0.007,0.007,0.659,1
131,1751.04,1166.88,15.3411,0.0003,0.842,0.642,0.007,0.008,0.652,1
315,1542.79,1103.85,15.5092,0.0005,2.719,2.408,0.011,0.03,0.65,1
847,1380.17,1195.85,17.7412,0.0015,1.657,1.385,0.033,0.049,0.65,1
69,1315.71,1517.61,14.5237,0.0002,0.908,0.729,0.01,0.01,0.648,1
591,1479.41,1207.45,17.34,0.0011,1.293,0.966,0.022,0.025,0.64,1
37,1379.19,1114.29,13.2501,0.0003,1.812,1.696,0.006,0.006,0.639,1
67,1483.61,1319.53,14.4584,0.0003,0.94,0.711,0.008,0.007,0.638,1
345,1450.83,914.121,16.6381,0.0007,1.13,0.935,0.02,0.019,0.636,1
119,1761.53,1292.3,15.1922,0.0012,0.853,0.657,0.007,0.007,0.633,1
179,1340.44,1474.74,15.8179,0.0005,0.846,0.648,0.01,0.01,0.619,1
90,1374.09,1219.89,14.7904,0.0007,1.129,0.918,0.006,0.006,0.618,1
445,1571.15,1441.48,16.9978,0.0008,1.206,1.026,0.021,0.024,0.6,1
435,1623.88,1066.69,16.9571,0.0009,1.268,1.025,0.017,0.016,0.59,1
279,1498.45,1295.77,16.374,0.0006,1.059,0.821,0.01,0.01,0.577,1
267,1604.49,1162.9,16.3307,0.0007,1.039,0.804,0.011,0.009,0.557,1
104,1659.05,1106.22,14.7011,0.0003,1.627,1.518,0.007,0.008,0.526,1
206,1714.42,1380.54,15.932,0.0011,1.064,0.852,0.01,0.012,0.522,1
291,1287.08,867.622,15.8385,0.0007,2.14,1.92,0.015,0.023,0.46,1
14,1288.24,1207.39,12.3551,0.0002,1.404,1.234,0.006,0.006,0.329,1
8,1112.42,1401.71,11.5698,0.0003,0.897,0.727,0.007,0.007,0.291,1
60,1238.43,975.935,13.7767,0.0003,1.894,1.701,0.011,0.013,0.282,1
146,1449.43,984.729,15.4491,0.0004,1.129,1.007,0.014,0.014,0.26,1
22,1181.43,1423.26,12.5937,0.0008,1.523,1.456,0.008,0.009,0.156,1
536,1202.03,1135.48,17.1285,0.001,1.534,1.181,0.018,0.022,0.76,0
814,1618.65,832.077,17.5881,0.0013,1.677,1.329,0.027,0.046,0.75,0
1042,1587.43,1475.4,18.1544,0.0018,1.571,1.111,0.036,0.052,0.74,0
862,1791.9,1121.9,17.9648,0.0015,1.333,1.095,0.029,0.034,0.73,0
1175,1482.19,1413.29,18.5625,0.0022,1.359,1.181,0.045,0.062,0.73,0
1236,1581.09,1220.29,18.6785,0.0027,1.451,1.233,0.052,0.081,0.73,0
896,1501.18,784.607,17.8722,0.0015,1.516,1.167,0.033,0.05,0.71,0
875,1640.0,1091.65,17.8752,0.0016,1.536,1.198,0.031,0.042,0.71,0
866,1467.02,1181.25,17.9514,0.0016,1.358,1.103,0.03,0.041,0.71,0
359,1314.7,790.318,16.7418,0.001,1.037,0.821,0.019,0.018,0.7,0
780,1480.71,1343.28,17.6072,0.0013,1.606,1.228,0.024,0.036,0.7,0
704,1683.37,879.892,17.3643,0.0009,1.695,1.354,0.027,0.034,0.69,0
224,1279.23,882.598,16.0219,0.0006,1.14,0.887,0.015,0.016,0.681,0
747,1123.04,920.361,17.6032,0.0014,1.366,1.083,0.029,0.037,0.68,0
1100,1631.07,1251.67,18.275,0.0019,1.607,1.323,0.039,0.062,0.68,0
1130,1282.07,758.774,18.322,0.0018,1.457,1.257,0.046,0.063,0.68,0
1209,1673.68,1230.01,18.586,0.0022,1.56,1.188,0.052,0.07,0.68,0
369,1190.32,1263.11,16.6224,0.0006,1.485,1.242,0.014,0.019,0.67,0
631,1306.43,1013.02,17.3983,0.0011,1.379,1.081,0.022,0.026,0.67,0
840,1328.02,1312.53,17.8682,0.0015,1.328,1.051,0.03,0.037,0.67,0
864,1289.86,1177.97,18.0989,0.0016,1.275,1.091,0.03,0.039,0.67,0
1091,1591.31,965.593,18.2628,0.0018,1.387,1.08,0.047,0.058,0.67,0
237,1390.46,1105.19,15.6677,0.0006,1.949,1.703,0.009,0.014,0.66,0
708,1287.66,806.604,17.5914,0.0012,1.308,1.167,0.025,0.032,0.66,0
532,1318.26,1038.63,17.1601,0.002,1.632,1.331,0.02,0.025,0.65,0
918,1466.29,781.232,17.9501,0.0012,1.494,1.235,0.032,0.05,0.65,0
426,1276.69,1517.36,16.2273,0.0007,2.321,2.028,0.014,0.028,0.64,0
424,1745.97,970.322,16.8356,0.0018,1.409,1.165,0.02,0.023,0.64,0
915,1412.17,1303.01,18.0337,0.0023,1.516,1.186,0.036,0.045,0.64,0
252,1365.92,878.703,16.1378,0.0006,1.217,1.025,0.016,0.015,0.638,0
168,1409.29,1146.15,15.6442,0.0005,1.118,0.913,0.008,0.007,0.634,0
139,1425.51,1050.58,15.1005,0.0004,1.582,1.442,0.007,0.009,0.62,0
281,1249.02,1272.94,15.7133,0.0005,2.224,1.909,0.009,0.019,0.62,0
709,1061.24,1239.8,17.3548,0.0011,1.77,1.364,0.022,0.033,0.62,0
1253,1067.07,1249.89,18.6693,0.0021,1.658,1.116,0.053,0.073,0.62,0
1081,1044.75,1123.71,18.1443,0.0013,1.7,1.341,0.033,0.064,0.6,0
1164,1682.6,1029.62,18.5203,0.002,1.305,1.034,0.052,0.054,0.6,0
360,1608.3,948.216,16.6468,0.0007,1.287,1.036,0.02,0.022,0.58,0
484,1259.66,1070.34,16.9397,0.0007,1.519,1.214,0.015,0.018,0.58,0
583,1392.41,812.906,17.311,0.001,1.271,1.039,0.026,0.026,0.58,0
1050,1535.36,1125.81,18.0937,0.0017,1.745,1.259,0.043,0.057,0.58,0
493,1340.72,1125.81,17.1334,0.0017,1.259,1.019,0.018,0.019,0.57,0
734,1512.88,910.883,17.5045,0.0011,1.553,1.256,0.031,0.041,0.57,0
1196,1315.48,1274.56,18.5692,0.0019,1.453,1.207,0.05,0.075,0.57,0
762,1305.11,1500.89,17.6604,0.0014,1.428,1.209,0.025,0.035,0.56,0
737,1332.38,1161.01,17.4074,0.0013,1.806,1.454,0.023,0.039,0.55,0
166,1306.07,1046.25,15.1711,0.0004,1.971,1.78,0.006,0.011,0.54,0
992,1294.77,1382.48,18.1478,0.0016,1.461,1.116,0.04,0.051,0.54,0
1187,1038.01,1064.43,18.4943,0.002,1.582,1.171,0.052,0.068,0.54,0
98,1711.84,1387.68,14.9734,0.0003,0.885,0.707,0.008,0.008,0.532,0
1109,1497.74,825.388,18.3553,0.0027,1.452,1.138,0.055,0.06,0.53,0
329,1558.71,1370.15,16.6802,0.0044,1.131,0.88,0.015,0.014,0.529,0
248,1535.55,861.542,15.315,0.0005,2.481,2.189,0.015,0.023,0.52,0
779,1311.01,750.081,17.5867,0.0012,1.622,1.476,0.032,0.056,0.52,0
1063,1305.03,928.734,18.088,0.0015,1.661,1.283,0.04,0.06,0.52,0
1184,1107.87,1153.89,18.3117,0.002,1.77,1.273,0.045,0.066,0.52,0
185,1433.74,1426.66,15.8029,0.0005,1.022,0.796,0.015,0.012,0.517,0
357,1770.69,1081.43,16.5488,0.0014,1.578,1.327,0.015,0.019,0.5,0
497,1093.53,1165.54,17.1191,0.0008,1.331,1.012,0.018,0.02,0.5,0
772,1379.73,940.04,17.5896,0.0011,1.517,1.211,0.028,0.032,0.5,0
697,1356.41,917.164,17.7426,0.0017,1.282,1.104,0.045,0.041,0.5,0
260,1233.99,902.433,16.3593,0.003,1.313,1.052,0.035,0.029,0.49,0
859,1719.7,1111.51,17.7691,0.0018,1.744,1.335,0.029,0.042,0.49,0
1121,1701.37,1037.35,18.4124,0.0018,1.41,1.181,0.047,0.06,0.49,0
956,1626.41,1056.98,18.0949,0.0019,1.527,1.355,0.032,0.05,0.48,0
1073,1310.47,1297.69,18.1299,0.0015,1.74,1.381,0.034,0.062,0.48,0
991,1651.34,1247.83,18.1354,0.0018,1.496,1.146,0.04,0.051,0.48,0
314,1538.54,1456.15,16.4988,0.0006,1.178,0.939,0.013,0.012,0.479,0
335,1679.13,1137.02,16.5116,0.0006,1.365,1.147,0.012,0.015,0.47,0
398,1555.19,845.421,16.7148,0.0007,1.354,1.13,0.02,0.019,0.47,0
711,1319.29,765.443,17.5822,0.001,1.339,1.167,0.028,0.036,0.47,0
513,1582.67,885.679,16.5498,0.0007,2.266,1.969,0.02,0.038,0.46,0
594,1397.71,1021.82,17.4122,0.0011,1.286,1.02,0.02,0.024,0.46,0
640,1147.84,1082.99,17.5893,0.0017,1.391,1.101,0.038,0.027,0.46,0
1117,1282.96,1126.78,18.3222,0.0018,1.6,1.168,0.041,0.06,0.46,0
880,1426.54,1463.93,17.6859,0.0013,1.865,1.502,0.031,0.05,0.45,0
1014,1362.37,990.57,18.0676,0.0016,1.491,1.161,0.039,0.053,0.45,0
302,1138.84,1256.05,16.4878,0.0007,1.111,0.871,0.012,0.012,0.445,0
148,1639.2,1059.37,15.5463,0.0007,1.021,0.819,0.008,0.008,0.435,0
375,1370.15,1427.1,16.7353,0.0007,1.299,1.071,0.014,0.016,0.43,0
552,1383.23,1466.3,17.1756,0.0009,1.419,1.128,0.019,0.022,0.43,0
695,1723.31,980.14,17.4525,0.001,1.5,1.268,0.03,0.037,0.42,0
729,1348.61,1312.92,17.5945,0.0013,1.438,1.158,0.025,0.034,0.42,0
103,1056.19,1279.82,15.0362,0.0004,0.927,0.738,0.008,0.007,0.398,0
264,1375.24,1143.34,16.2976,0.0007,1.105,0.902,0.011,0.013,0.398,0
461,1219.99,1260.67,17.0218,0.0009,1.199,0.996,0.015,0.018,0.39,0
825,1455.42,1379.5,17.8888,0.0016,1.326,1.139,0.029,0.04,0.39,0
353,1452.98,1007.22,16.6801,0.0007,1.19,0.981,0.013,0.014,0.381,0
453,1400.91,1054.6,16.9874,0.0011,1.272,1.046,0.019,0.02,0.38,0
539,1699.26,984.857,17.2675,0.0013,1.281,1.064,0.035,0.032,0.37,0
1135,1414.8,1406.04,18.2942,0.002,1.644,1.452,0.041,0.071,0.36,0
382,1700.94,1167.72,16.6943,0.001,1.383,1.147,0.013,0.017,0.35,0
217,1151.87,963.182,15.9718,0.0006,1.157,0.953,0.015,0.016,0.33,0
971,1417.87,1374.92,18.1967,0.0018,1.333,1.134,0.037,0.049,0.33,0
96,1569.99,1501.82,14.9205,0.0003,0.943,0.762,0.01,0.009,0.328,0
1037,1306.21,1184.02,18.0639,0.002,1.751,1.336,0.037,0.055,0.31,0
207,1420.68,1440.31,15.9446,0.0017,1.097,0.853,0.012,0.011,0.309,0
438,1711.39,984.68,16.8649,0.0007,1.322,1.015,0.024,0.026,0.3,0
230,1251.08,1363.11,16.0381,0.0005,1.226,1.077,0.01,0.01,0.296,0
370,1567.42,1220.43,16.7357,0.0008,1.259,1.073,0.013,0.016,0.29,0
244,1679.5,1197.89,16.1776,0.0005,1.081,0.891,0.012,0.011,0.279,0
130,1186.79,1036.97,15.2675,0.0004,1.043,0.887,0.008,0.008,0.278,0
141,1420.22,855.778,14.9487,0.0004,1.827,1.5,0.014,0.015,0.25,0
136,1117.68,1005.9,15.4235,0.0025,1.068,0.89,0.02,0.017,0.249,0
978,1128.44,1264.48,17.9065,0.0012,1.829,1.641,0.035,0.068,0.23,0
157,1470.58,1388.96,15.5512,0.0005,1.127,0.936,0.009,0.01,0.213,0
981,1282.28,1089.85,18.0368,0.002,1.671,1.405,0.039,0.054,0.21,0
92,1033.55,1116.65,14.7723,0.0003,1.156,0.975,0.006,0.006,0.205,0
377,1474.69,1260.69,16.8174,0.0009,1.152,1.001,0.014,0.016,0.2,0
839,1567.61,818.674,17.8535,0.0014,1.287,1.029,0.047,0.044,0.2,0
863,1239.21,1389.76,17.873,0.0014,1.444,1.094,0.032,0.037,0.2,0
201,1182.47,1277.82,15.9154,0.0005,1.037,0.819,0.009,0.01,0.18,0
609,1628.18,1326.38,17.4089,0.0011,1.244,1.036,0.022,0.024,0.18,0
778,1390.25,1042.55,17.7579,0.0011,1.277,0.992,0.028,0.032,0.18,0
44,1709.22,926.013,13.7143,0.0002,1.254,1.152,0.011,0.012,0.179,0
301,1395.24,1095.4,16.263,0.0007,1.584,1.317,0.011,0.014,0.17,0
437,1315.01,1130.22,16.9941,0.0022,1.254,1.02,0.016,0.018,0.17,0
573,1327.72,880.337,17.1391,0.0012,1.562,1.324,0.02,0.026,0.17,0
806,1351.51,1369.08,17.7818,0.0014,1.336,1.042,0.031,0.034,0.17,0
1145,1736.43,959.983,18.4139,0.002,1.334,1.15,0.057,0.086,0.17,0
1159,1044.18,1289.25,18.4923,0.0019,1.396,1.251,0.044,0.058,0.17,0
272,1726.19,1229.95,16.3094,0.0006,1.163,0.918,0.011,0.012,0.161,0
1057,1525.0,1437.96,18.1681,0.0017,1.594,1.316,0.036,0.063,0.16,0
949,1296.17,835.701,18.0557,0.0016,1.341,1.224,0.042,0.059,0.15,0
1116,1023.54,1109.15,18.321,0.0015,1.637,1.318,0.046,0.062,0.15,0
1218,1747.57,1220.83,18.6387,0.0026,1.374,1.08,0.055,0.075,0.15,0
735,1040.44,1222.84,17.6116,0.0011,1.44,1.13,0.023,0.031,0.13,0
1249,1309.07,1116.6,18.7327,0.0023,1.494,1.205,0.063,0.087,0.07,0
23,1300.31,1234.14,13.0575,0.0004,0.519,0.417,0.006,0.006,0.0,0
1267,1721.81,1216.34,18.9937,0.0031,nan,1.075,nan,0.098,0.21,-1
