ID,x,y,Gmag,e_Gmag,BV,UB,BVerr,UBerr,MP,sel
3550,1320.01,2150.44,16.8515,0.0009,0.958,0.382,0.007,0.009,0.933,1
4230,1447.15,2114.69,17.1033,0.001,0.973,0.414,0.008,0.012,0.929,1
5673,1804.9,2296.87,17.5413,0.0014,1.045,0.527,0.01,0.015,0.928,1
4986,1713.06,1932.14,17.3358,0.0011,1.003,0.541,0.009,0.015,0.925,1
3796,2119.23,2448.58,16.9649,0.0008,0.933,0.383,0.007,0.01,0.919,1
1889,1494.49,1872.49,16.0309,0.0006,0.782,0.236,0.005,0.006,0.918,1
2477,1623.25,2063.29,16.3534,0.0006,0.84,0.284,0.006,0.008,0.911,1
1732,1632.8,2663.87,15.9205,0.0005,0.768,0.206,0.005,0.007,0.904,1
2325,1628.95,2070.97,16.242,0.0007,0.834,0.268,0.006,0.007,0.899,1
3314,1969.58,2009.18,16.7007,0.0007,0.896,0.303,0.007,0.009,0.897,1
4725,1838.95,2077.18,17.2699,0.0011,1.003,0.561,0.009,0.057,0.896,1
5356,2015.82,1733.09,17.5623,0.0016,0.984,0.428,0.029,0.042,0.895,1
1903,1623.12,2017.7,16.0068,0.0006,0.778,0.228,0.005,0.007,0.894,1
2310,2234.1,1705.41,16.2739,0.0006,0.795,0.258,0.006,0.007,0.891,1
5038,1458.33,2182.39,17.3711,0.0012,0.979,0.529,0.009,0.014,0.891,1
5395,1816.14,2086.06,17.4315,0.0012,1.049,0.524,0.009,0.016,0.89,1
1215,2412.65,2190.8,15.4491,0.0004,0.707,0.227,0.005,0.005,0.889,1
3356,1619.92,2048.98,16.7442,0.0008,0.899,0.337,0.007,0.01,0.887,1
2468,1800.71,1827.56,16.3191,0.0007,0.84,0.272,0.007,0.009,0.885,1
4390,2021.49,1663.47,17.1512,0.001,0.961,0.436,0.009,0.015,0.884,1
4335,2420.83,2235.59,17.1233,0.001,0.964,0.399,0.007,0.01,0.882,1
7358,2300.46,2187.6,17.9657,0.0014,1.173,0.846,0.012,0.031,0.882,1
4601,1691.8,2749.79,17.2313,0.0011,0.986,0.412,0.008,0.013,0.88,1
4801,1962.21,2020.61,17.2802,0.0012,1.003,0.499,0.009,0.015,0.88,1
8428,1424.94,2123.76,18.3288,0.0018,1.237,0.946,0.014,0.049,0.879,1
2725,2407.98,2207.62,16.4765,0.0007,0.853,0.259,0.006,0.009,0.878,1
1319,2179.87,1746.52,15.5128,0.0007,0.723,0.245,0.006,0.007,0.876,1
636,2002.87,2063.33,14.5462,0.0003,0.52,0.328,0.004,0.004,0.874,1
4639,2088.98,2409.88,17.1796,0.001,1.081,0.71,0.009,0.014,0.874,1
1137,1885.24,2149.89,15.3013,0.0004,0.685,0.22,0.004,0.005,0.873,1
4506,2162.06,2399.24,17.1875,0.0012,0.964,0.424,0.008,0.012,0.867,1
96,1543.58,2581.63,10.2645,0.0004,1.59,1.51,0.006,0.003,0.864,1
1022,1428.23,2537.54,15.2307,0.0004,0.669,0.209,0.004,0.005,0.864,1
6102,1508.99,2373.59,17.613,0.0012,1.176,0.874,0.012,0.023,0.863,1
63,1964.24,2335.34,11.9994,0.0002,0.329,0.207,0.005,0.004,0.86,1
6361,1550.22,1966.57,17.737,0.0014,1.087,0.62,0.011,0.024,0.86,1
33,2134.83,2176.62,11.6855,0.0003,0.42,0.299,0.007,0.006,0.859,1
160,1472.99,2111.14,12.9365,0.0003,0.363,0.193,0.003,0.003,0.859,1
2611,2376.01,1894.86,16.4181,0.0007,0.874,0.347,0.007,0.008,0.859,1
78,2094.5,1900.4,12.3981,0.0002,0.374,0.231,0.004,0.003,0.852,1
1380,2028.36,2248.17,15.5942,0.0005,0.719,0.216,0.005,0.006,0.852,1
511,2339.0,2529.64,14.2708,0.0003,0.482,0.306,0.003,0.004,0.846,1
4895,2189.81,2445.32,17.2477,0.0013,1.032,0.497,0.008,0.012,0.846,1
4856,1569.33,1805.61,17.3464,0.0013,1.029,0.36,0.012,0.021,0.846,1
1478,1809.43,2407.98,15.6791,0.0005,0.748,0.208,0.004,0.006,0.844,1
2004,2214.71,2730.78,16.1091,0.0006,0.798,0.195,0.006,0.013,0.844,1
7780,1588.85,1881.09,18.1378,0.0015,1.21,0.912,0.014,0.046,0.844,1
293,1984.85,2417.76,13.5565,0.0002,0.382,0.233,0.003,0.004,0.842,1
2568,1835.24,2736.59,16.4452,0.0007,0.834,0.247,0.006,0.007,0.842,1
4874,1539.39,2002.64,17.476,0.0014,1.029,0.545,0.022,0.031,0.842,1
272,2182.96,1908.45,13.5305,0.0002,0.482,0.311,0.004,0.003,0.841,1
242,2408.73,2455.49,13.3758,0.0002,0.4,0.209,0.004,0.004,0.84,1
333,1895.89,2012.86,13.8172,0.0002,0.438,0.294,0.003,0.003,0.84,1
3250,1386.39,2416.28,16.7402,0.0009,0.895,0.339,0.007,0.01,0.839,1
3080,1652.35,2228.83,16.5808,0.0007,0.981,0.486,0.006,0.009,0.838,1
5321,2362.61,2058.07,17.4049,0.0012,1.006,0.448,0.008,0.015,0.838,1
407,2241.87,1735.46,14.1316,0.0003,0.469,0.313,0.005,0.004,0.835,1
424,2167.87,1864.15,14.1784,0.0003,0.445,0.304,0.005,0.004,0.833,1
171,1606.27,2696.6,13.141,0.0003,0.403,0.213,0.004,0.003,0.832,1
370,1939.07,1753.35,13.8521,0.0002,0.536,0.327,0.005,0.004,0.828,1
1684,1533.91,2142.11,15.8942,0.0005,0.779,0.229,0.005,0.006,0.827,1
3406,2455.22,2246.03,16.6927,0.001,0.977,0.359,0.007,0.008,0.825,1
4299,1934.38,1698.37,17.1322,0.0015,0.954,0.412,0.012,0.019,0.823,1
29,1668.52,2378.06,11.7461,0.0002,0.303,0.204,0.009,0.009,0.822,1
703,2486.56,2266.2,14.6789,0.0003,0.567,0.284,0.004,0.004,0.822,1
52,2169.05,1998.13,12.1363,0.0002,0.357,0.196,0.005,0.003,0.82,1
319,1612.36,2627.22,13.6777,0.0003,0.533,0.245,0.011,0.012,0.82,1
3362,2256.75,2390.63,16.7769,0.0012,0.919,0.349,0.007,0.01,0.819,1
606,1646.63,2041.97,14.4517,0.0003,0.524,0.329,0.003,0.004,0.815,1
657,1942.31,1947.37,14.5479,0.0003,0.543,0.285,0.004,0.005,0.815,1
598,2356.52,2286.74,14.4917,0.0003,0.514,0.303,0.004,0.004,0.813,1
513,1906.29,1728.31,14.3233,0.0003,0.493,0.329,0.004,0.004,0.803,1
406,2074.38,1935.19,14.0983,0.0002,0.436,0.302,0.005,0.004,0.802,1
718,1503.58,2162.63,14.6179,0.0003,0.551,0.307,0.003,0.004,0.8,1
1787,1889.58,2168.92,15.9435,0.0006,0.758,0.216,0.005,0.007,0.8,1
687,1554.98,2087.33,14.5596,0.0003,0.547,0.294,0.004,0.005,0.796,1
371,1661.35,2697.41,13.9413,0.0003,0.457,0.289,0.004,0.004,0.792,1
144,1466.46,2068.84,12.854,0.0002,0.329,0.132,0.003,0.004,0.791,1
2187,1904.13,2438.04,16.204,0.0006,0.796,0.248,0.005,0.007,0.79,1
1062,2012.52,2217.36,15.2624,0.0004,0.652,0.22,0.004,0.005,0.788,1
705,1922.06,2245.49,14.5421,0.0003,0.679,0.242,0.003,0.004,0.779,1
238,1933.41,1686.31,13.4379,0.0002,0.418,0.279,0.004,0.003,0.776,1
239,1893.86,2761.43,13.4015,0.0002,0.366,0.219,0.003,0.004,0.773,1
2605,2459.38,1968.51,16.4086,0.0007,0.847,0.277,0.005,0.006,0.773,1
2380,2117.63,2130.78,16.37,0.0008,0.827,-0.161,0.01,0.021,0.772,1
1760,2264.03,2012.71,15.9211,0.0017,0.831,0.241,0.005,0.006,0.769,1
392,2285.74,2220.43,14.0102,0.0002,0.452,0.285,0.003,0.003,0.768,1
93,2289.04,2071.59,12.5576,0.0002,0.369,0.214,0.004,0.003,0.765,1
1253,2040.97,2020.89,15.4824,0.0005,0.704,0.22,0.004,0.006,0.765,1
94,2219.44,1983.14,12.6604,0.0002,0.351,0.159,0.004,0.003,0.764,1
1055,1743.96,1898.92,15.2411,0.0006,0.665,0.248,0.004,0.005,0.764,1
226,2233.78,1958.39,13.4474,0.0002,0.376,0.247,0.004,0.003,0.758,1
1463,1422.75,2542.19,15.6989,0.0007,0.718,0.223,0.006,0.007,0.758,1
82,2164.39,2138.08,12.6201,0.0004,0.292,0.112,0.003,0.003,0.754,1
3141,1877.55,2050.29,16.615,0.0007,0.963,0.379,0.006,0.01,0.753,1
1370,1690.02,1910.14,15.547,0.0004,0.746,0.256,0.005,0.005,0.737,1
1960,1636.66,1716.52,15.9982,0.0005,0.87,0.276,0.005,0.008,0.737,1
1443,2138.12,1852.4,15.6527,0.0004,0.734,0.218,0.005,0.006,0.734,1
2319,2146.63,1914.83,16.1496,0.0007,0.917,0.364,0.006,0.008,0.729,1
541,1972.99,1697.52,14.4212,0.0002,0.495,0.336,0.004,0.004,0.721,1
1223,2127.84,2066.53,15.444,0.0004,0.704,0.191,0.005,0.006,0.72,1
102,2197.56,2062.73,12.6728,0.0003,0.341,0.183,0.003,0.003,0.709,1
1164,2175.72,1859.53,15.2615,0.0006,0.768,0.244,0.006,0.007,0.695,1
252,1733.73,2554.12,13.4903,0.0003,0.37,0.204,0.004,0.004,0.694,1
520,2257.2,2099.55,14.1794,0.0005,0.592,0.281,0.004,0.005,0.688,1
984,2102.39,2189.73,15.043,0.0004,0.743,0.225,0.004,0.005,0.688,1
971,2175.49,1923.43,15.1703,0.0009,0.558,0.311,0.005,0.005,0.687,1
175,2156.6,2147.43,13.0904,0.0004,0.363,0.215,0.004,0.003,0.682,1
5327,2209.41,2147.53,17.4225,0.0011,1.035,0.551,0.012,0.031,0.675,1
5804,1349.38,2381.81,17.6014,0.0016,1.153,0.827,0.011,0.021,0.668,1
676,2468.62,2157.9,14.5601,0.0003,0.596,0.277,0.005,0.004,0.661,1
134,1546.44,2079.97,12.731,0.0002,0.412,0.256,0.003,0.003,0.655,1
3,1514.37,1825.51,9.9783,0.0003,0.277,-0.132,0.018,0.01,0.647,1
562,1446.1,2065.15,14.2282,0.0009,0.596,0.275,0.004,0.005,0.646,1
198,2339.04,2045.05,13.2815,0.0002,0.386,0.232,0.004,0.003,0.629,1
616,1955.22,2482.42,14.4416,0.0003,0.534,0.298,0.003,0.004,0.623,1
4458,2298.94,1780.7,17.226,0.0011,0.895,0.348,0.008,0.018,0.608,1
3234,1633.12,2076.27,16.7119,0.0009,0.903,0.305,0.007,0.009,0.582,1
221,2067.61,2689.68,13.2066,0.0002,0.356,0.196,0.003,0.004,0.58,1
906,1951.83,2600.44,14.9469,0.0004,0.632,0.275,0.004,0.007,0.553,1
885,1959.28,1788.06,14.9735,0.0003,0.634,0.312,0.004,0.005,0.549,1
6818,2146.87,2413.22,17.8639,0.0015,1.12,0.701,0.011,0.023,0.543,1
4724,1826.74,1679.22,17.232,0.0009,0.999,0.396,0.017,0.018,0.541,1
2275,2130.24,2294.78,16.1019,0.0009,0.961,0.399,0.005,0.007,0.531,1
5941,1986.46,1998.37,17.5084,0.0012,1.13,0.585,0.009,0.025,0.531,1
895,1973.61,1808.85,14.9567,0.001,0.728,0.289,0.007,0.007,0.525,1
6406,2442.93,2234.11,17.7457,0.004,1.163,0.716,0.009,0.022,0.524,1
5487,2477.06,2248.53,17.3979,0.0011,1.099,0.684,0.009,0.019,0.523,1
177,2055.21,1729.35,13.1638,0.0006,0.417,0.183,0.007,0.006,0.52,1
722,1907.76,2276.06,14.7317,0.0008,0.597,0.327,0.009,0.009,0.518,1
2673,1741.4,1755.71,16.4394,0.0006,0.885,0.304,0.006,0.008,0.511,1
3658,2115.58,2002.22,16.6923,0.0008,1.12,0.523,0.008,0.011,0.51,1
4703,1938.53,1711.11,17.2289,0.0009,0.985,0.457,0.009,0.015,0.51,1
5029,1818.15,1901.82,17.2631,0.0009,1.102,0.674,0.01,0.023,0.508,1
787,2029.28,2237.1,14.7662,0.0003,0.609,0.28,0.004,0.004,0.502,1
5468,2246.07,2211.26,17.3757,0.0011,1.196,0.642,0.01,0.021,0.494,1
7069,2031.24,2453.75,17.8797,0.0013,1.306,0.778,0.014,0.038,0.494,1
5648,1382.06,2370.56,17.5091,0.0011,1.29,0.765,0.012,0.024,0.482,1
2795,1429.3,2099.54,16.4455,0.0006,0.955,0.353,0.006,0.007,0.481,1
4611,1501.09,2225.6,17.1314,0.0008,1.274,0.771,0.008,0.019,0.479,1
137,2011.49,1838.91,12.9688,0.0011,0.349,0.155,0.004,0.003,0.476,1
4621,2333.39,2300.48,17.2888,0.0017,1.024,0.518,0.011,0.015,0.469,1
1044,2418.4,2179.16,15.2227,0.0004,0.684,0.249,0.005,0.005,0.468,1
5027,1659.65,2320.04,17.6509,0.0024,1.091,0.559,0.025,0.036,0.465,1
5396,2439.27,1966.5,17.4193,0.0011,1.034,0.592,0.008,0.014,0.464,1
87,1810.86,2637.2,12.5379,0.0002,0.316,0.14,0.003,0.003,0.463,1
184,2131.26,2169.07,13.0982,0.0005,0.391,0.252,0.005,0.005,0.463,1
6450,1822.41,1727.29,17.7037,0.0011,0.975,0.51,0.016,0.022,0.463,1
5886,2174.08,2378.19,17.5226,0.0017,1.15,0.666,0.011,0.021,0.459,1
5795,1790.09,1918.9,17.5596,0.0012,1.008,0.516,0.01,0.017,0.458,1
5531,1523.86,2163.35,17.5293,0.0011,1.053,0.575,0.009,0.021,0.457,1
193,1999.35,2766.83,13.01,0.0004,0.481,0.334,0.004,0.004,0.454,1
7878,1521.83,2207.8,18.1951,0.0019,1.242,0.677,0.014,0.041,0.45,1
549,2394.65,2111.94,13.0853,0.0003,1.452,1.292,0.004,0.004,0.447,1
7249,2096.51,1784.99,18.0221,0.0017,1.161,0.674,0.011,0.032,0.446,1
796,1727.96,2238.76,13.9803,0.0003,2.13,2.243,0.005,0.016,0.437,1
630,1917.75,1893.17,14.2824,0.0002,0.733,0.428,0.004,0.005,0.436,1
1173,2234.0,2180.56,15.3859,0.0004,0.673,0.334,0.004,0.005,0.436,1
4445,1847.26,1625.2,17.0565,0.001,1.049,0.687,0.008,0.015,0.435,1
1988,2042.08,2441.71,16.0263,0.0006,0.855,0.301,0.005,0.006,0.434,1
2968,1697.15,1989.68,16.3821,0.0007,1.45,0.981,0.008,0.019,0.429,1
1213,1946.57,1624.84,15.3458,0.0011,0.796,0.278,0.005,0.006,0.428,1
59,2241.76,1784.57,12.3262,0.0002,0.321,0.146,0.005,0.003,0.427,1
6159,1742.33,2148.56,17.604,0.0011,1.371,0.95,0.013,0.033,0.426,1
156,2054.61,2538.76,12.8323,0.0002,0.383,0.234,0.003,0.003,0.425,1
612,1715.77,1753.91,14.4995,0.0003,0.513,0.326,0.004,0.004,0.422,1
5049,1949.24,1641.07,17.3669,0.0009,0.949,0.452,0.009,0.014,0.421,1
282,2467.21,2023.04,13.2043,0.0002,0.813,0.371,0.004,0.003,0.419,1
403,1779.84,2157.7,13.0552,0.0004,1.811,2.036,0.003,0.007,0.418,1
2957,2162.94,1914.28,16.4287,0.0009,0.981,0.56,0.007,0.009,0.418,1
1912,1865.41,1854.7,15.9908,0.0007,0.826,0.227,0.006,0.007,0.417,1
2052,2154.68,2130.7,16.0218,0.001,0.91,0.27,0.007,0.01,0.417,1
7506,1750.27,1696.79,17.9464,0.0015,1.31,0.809,0.014,0.039,0.416,1
2284,1574.96,2559.14,16.0521,0.0008,1.096,0.654,0.006,0.008,0.413,1
4287,1690.77,2030.51,17.0273,0.0008,1.034,0.588,0.008,0.016,0.413,1
3116,1546.36,1821.29,16.8089,0.0012,1.039,0.07,0.03,0.092,0.411,1
289,2111.86,2656.83,12.8974,0.0003,1.3,0.922,0.004,0.006,0.407,1
5872,1849.27,1837.21,17.6125,0.0011,0.935,0.491,0.01,0.015,0.407,1
6430,2231.71,2339.23,17.725,0.0014,1.022,0.382,0.01,0.016,0.404,1
983,1790.53,1813.35,14.475,0.0003,1.441,1.286,0.004,0.009,0.402,1
3910,2409.19,2274.03,16.7925,0.0007,1.196,0.602,0.008,0.013,0.402,1
5002,2274.01,2299.31,17.3289,0.0011,1.028,0.516,0.008,0.013,0.402,1
688,1547.15,2546.98,14.556,0.0004,0.698,0.009,0.004,0.005,0.401,1
553,1704.31,1787.83,14.5092,0.0009,0.604,0.13,0.014,0.011,0.4,1
1007,2129.3,2642.91,15.1718,0.0004,0.59,0.291,0.004,0.006,0.398,1
773,1991.75,1791.0,14.6464,0.0003,0.717,0.281,0.004,0.005,0.397,1
3509,1412.51,2005.33,16.8955,0.0012,0.851,0.606,0.008,0.011,0.396,1
283,1480.26,2329.78,12.107,0.0002,1.716,1.775,0.003,0.004,0.395,1
1115,1779.63,1909.69,14.6441,0.0003,1.631,1.351,0.005,0.01,0.395,1
4996,1531.83,2481.34,17.3957,0.0011,0.932,0.377,0.009,0.014,0.395,1
3443,2284.5,2478.45,16.798,0.0009,0.893,0.329,0.008,0.01,0.394,1
4928,1382.89,2056.27,17.2981,0.0009,1.349,0.89,0.011,0.026,0.394,1
3450,1535.16,1780.64,16.7595,0.0008,1.023,0.468,0.007,0.017,0.393,1
1036,1836.64,2121.5,15.1847,0.0004,0.712,0.183,0.004,0.005,0.392,1
1511,2147.2,2284.56,15.6605,0.0005,0.808,0.297,0.004,0.006,0.392,1
2750,1391.27,2363.19,16.4988,0.0007,0.905,0.32,0.006,0.008,0.391,1
4147,2076.66,2151.27,16.9886,0.0008,1.068,0.565,0.008,0.015,0.391,1
394,1856.62,2261.89,12.3019,0.0007,2.287,2.483,0.004,0.01,0.389,1
6293,1366.34,1970.88,17.8096,0.0016,1.015,0.471,0.009,0.022,0.389,1
1841,1801.17,1791.45,15.8828,0.0005,0.881,0.306,0.006,0.008,0.388,1
2421,2116.99,2135.37,16.3242,0.0011,1.031,0.277,0.023,0.066,0.388,1
2853,2146.08,1981.22,16.6419,0.0007,0.736,0.301,0.006,0.008,0.38,1
6411,1852.26,2138.55,17.8152,0.0023,0.95,0.416,0.011,0.018,0.379,1
7293,1625.37,1900.86,17.8638,0.0014,1.402,0.919,0.013,0.05,0.379,1
2247,1893.05,1656.43,16.2684,0.0015,0.83,0.298,0.007,0.008,0.378,1
1790,1576.31,2114.39,15.9425,0.0006,0.78,0.222,0.005,0.005,0.377,1
2525,1826.78,2375.75,16.379,0.0007,0.857,0.328,0.006,0.012,0.377,1
4752,1995.26,2314.86,17.2587,0.0015,0.926,0.444,0.008,0.011,0.377,1
1907,1603.85,1849.01,16.0009,0.0006,0.817,0.289,0.005,0.008,0.376,1
1621,1943.61,2053.85,15.6625,0.0005,0.869,0.552,0.005,0.007,0.375,1
2147,1358.86,2308.98,15.8661,0.0006,1.593,1.339,0.007,0.017,0.375,1
2138,1409.68,2148.56,16.0927,0.0006,0.913,0.354,0.005,0.006,0.375,1
5850,1596.51,2232.98,17.7337,0.003,1.195,0.623,0.017,0.024,0.375,1
5758,1766.87,1782.85,17.7659,0.0021,1.006,0.674,0.026,0.04,0.374,1
3543,2134.26,1813.44,16.8252,0.0008,0.84,0.568,0.007,0.009,0.373,1
1810,2043.38,2135.83,15.4295,0.0005,1.767,1.457,0.006,0.056,0.371,1
2339,1774.84,2765.83,16.2637,0.001,0.859,0.345,0.007,0.009,0.371,1
6309,1369.57,2255.99,17.8,0.0013,0.951,0.393,0.012,0.02,0.371,1
3270,1445.94,2162.05,16.6396,0.0007,0.99,0.635,0.007,0.011,0.37,1
3891,1744.38,2295.28,17.0352,0.0008,0.867,0.303,0.007,0.01,0.37,1
1612,1935.28,2634.34,15.7856,0.0005,0.798,0.221,0.005,0.012,0.369,1
4040,2071.26,2280.33,16.9412,0.0008,1.075,0.648,0.007,0.014,0.369,1
2032,1548.03,2035.68,16.0904,0.0007,0.811,0.273,0.006,0.007,0.368,1
4005,2012.4,2125.61,17.0962,0.0026,1.029,0.567,0.02,0.023,0.367,1
7190,1941.83,1898.73,17.8915,0.0015,1.183,0.816,0.014,0.033,0.366,1
215,2257.83,2162.32,12.1978,0.0001,1.268,1.11,0.004,0.004,0.364,1
2722,2349.96,2129.45,16.4064,0.0006,0.919,0.393,0.006,0.008,0.364,1
5212,1485.34,1901.78,17.4174,0.001,1.043,0.497,0.01,0.024,0.364,1
6645,2311.68,2400.77,17.8736,0.0012,0.933,0.383,0.01,0.016,0.364,1
2209,1861.56,2117.2,16.1901,0.0008,0.802,0.358,0.005,0.011,0.361,1
6185,2181.86,1700.99,17.4674,0.0012,1.244,0.736,0.009,0.026,0.36,1
5080,2282.3,1749.03,17.3395,0.0009,1.015,0.583,0.009,0.015,0.359,1
47,2056.77,1783.09,10.9303,0.0003,1.103,0.726,0.007,0.004,0.358,1
3126,1733.26,1722.06,15.7714,0.0005,1.631,1.295,0.01,0.015,0.358,1
4326,2301.34,1774.43,17.1479,0.0014,0.943,0.468,0.008,0.013,0.356,1
6086,2033.21,2397.22,17.7065,0.0012,1.012,0.558,0.012,0.028,0.354,1
3224,1783.74,1832.85,16.692,0.0007,0.907,0.379,0.007,0.01,0.348,1
1153,2276.84,2471.52,14.5983,0.0003,1.707,1.476,0.005,0.012,0.345,1
3664,2423.07,2045.4,16.9002,0.0008,0.908,0.403,0.006,0.009,0.345,1
6482,1554.71,1859.36,17.7863,0.0013,1.069,0.299,0.009,0.034,0.345,1
3578,2386.74,2225.92,16.7062,0.0007,1.023,0.573,0.007,0.01,0.344,1
6462,1957.2,2044.73,17.7688,0.0016,0.976,0.388,0.013,0.021,0.343,1
5689,1365.45,2154.33,17.6045,0.0015,1.037,0.569,0.011,0.017,0.342,1
4900,1673.75,2240.5,17.333,0.001,1.061,0.671,0.011,0.024,0.341,1
5233,2425.44,2103.09,17.1776,0.0009,1.231,0.656,0.009,0.018,0.34,1
4430,1675.08,1821.75,17.0968,0.0008,1.043,0.663,0.008,0.014,0.337,1
8300,2072.78,1973.69,18.3339,0.0018,1.109,0.652,0.013,0.035,0.337,1
3814,1991.44,1972.11,16.855,0.0008,0.985,0.555,0.008,0.012,0.336,1
4273,1761.4,2722.93,17.0697,0.0071,1.258,0.428,0.009,0.015,0.336,1
1923,1440.6,2358.97,16.0071,0.0006,0.843,0.325,0.005,0.007,0.333,1
5225,1667.97,2226.29,17.4028,0.001,1.018,0.656,0.01,0.016,0.329,1
1150,1755.32,2277.5,14.8996,0.0003,1.351,1.232,0.004,0.009,0.328,1
5380,1604.01,1781.22,17.4934,0.0034,1.082,0.646,0.008,0.018,0.327,1
7065,1522.46,2235.07,17.9326,0.0014,1.151,0.506,0.012,0.027,0.327,1
4175,1334.48,2145.05,17.1242,0.0009,0.89,0.345,0.008,0.01,0.326,1
4182,1527.65,1940.08,17.1399,0.0012,0.921,0.354,0.01,0.013,0.326,1
7452,1803.31,2280.19,18.1432,0.0015,0.925,0.146,0.013,0.038,0.325,1
6825,2195.68,2350.03,17.8196,0.0014,1.067,0.689,0.011,0.021,0.32,1
3986,2174.02,1743.35,16.8953,0.0016,1.129,0.795,0.014,0.06,0.319,1
5571,1879.67,2467.0,17.5226,0.001,1.014,0.547,0.01,0.015,0.319,1
6405,1917.95,1636.14,17.6269,0.0011,1.263,0.721,0.011,0.028,0.318,1
8441,2318.17,2200.87,18.4124,0.0021,1.009,0.365,0.013,0.023,0.316,1
5203,1682.65,2024.32,17.3433,0.0015,1.008,0.527,0.009,0.015,0.315,1
3127,2076.46,1910.31,16.6358,0.0007,0.95,0.389,0.007,0.01,0.312,1
7565,1984.27,1634.69,18.0923,0.0015,1.056,0.487,0.014,0.026,0.306,1
9004,1818.76,2028.91,18.5265,0.0021,1.082,0.6,0.018,0.049,0.301,1
1635,1947.97,1802.48,15.3796,0.0016,1.35,1.175,0.006,0.013,0.29,1
6419,1661.38,2156.32,17.7775,0.0015,1.03,0.072,0.016,0.039,0.285,1
8005,1558.34,1876.08,18.2596,0.0016,1.055,0.426,0.013,0.033,0.282,1
1024,1767.68,2114.47,14.4566,0.0004,1.935,1.89,0.007,0.043,0.273,1
6448,1543.02,2013.14,17.8646,0.0014,0.872,0.358,0.009,0.019,0.273,1
7186,1828.49,2188.41,18.0148,0.0016,0.996,0.562,0.011,0.023,0.267,1
6907,1799.28,1973.97,17.8538,0.0013,1.099,0.573,0.013,0.028,0.264,1
8264,1926.08,2001.41,18.2238,0.0016,1.19,0.62,0.015,0.029,0.256,1
7783,1399.75,2047.18,18.1859,0.0016,1.112,0.763,0.012,0.036,0.246,1
2643,2399.33,2398.31,16.0356,0.0005,1.304,1.018,0.006,0.011,0.236,1
5295,2281.65,1994.45,17.2908,0.0038,1.34,0.527,0.014,0.021,0.22,1
7732,1923.58,2048.27,18.1246,0.0016,1.127,0.627,0.015,0.032,0.21,1
7501,1940.44,1979.44,17.9641,0.0015,1.471,1.021,0.014,0.067,0.09,1
25,1510.66,2029.86,11.5742,0.0003,0.323,0.228,0.007,0.007,0.804,0
40,2020.76,1709.97,11.9918,0.0002,0.378,0.254,0.006,0.003,0.66,0
418,1580.37,2033.24,13.9174,0.0003,0.617,0.291,0.003,0.003,0.637,0
415,1378.27,1955.25,13.9693,0.0002,0.538,0.306,0.003,0.004,0.637,0
416,1999.08,1818.01,14.087,0.0002,0.463,0.328,0.004,0.004,0.624,0
1648,1953.6,1881.04,15.8349,0.0004,0.746,0.229,0.006,0.007,0.622,0
275,1575.61,2682.09,13.5789,0.0002,0.392,0.247,0.005,0.006,0.542,0
7218,2015.1,1775.4,17.8982,0.0015,1.21,1.028,0.011,0.04,0.499,0
315,1869.63,2388.8,13.6475,0.0003,0.435,0.284,0.003,0.003,0.446,0
209,2276.88,2053.35,13.3317,0.0002,0.386,0.232,0.004,0.003,0.441,0
1646,2014.9,2010.84,15.8361,0.0005,0.735,0.193,0.005,0.007,0.43,0
1406,1597.48,2010.67,15.7997,0.0006,0.58,0.368,0.005,0.005,0.429,0
2162,1667.63,2535.2,16.2831,0.0007,0.774,0.239,0.008,0.016,0.429,0
537,1704.86,2541.8,14.2279,0.0002,0.67,0.051,0.004,0.005,0.413,0
443,1693.3,1740.33,13.8498,0.0002,0.733,0.362,0.004,0.004,0.412,0
1363,2225.98,2140.83,15.5749,0.0005,0.672,0.351,0.005,0.006,0.406,0
1112,2023.12,2045.92,15.1829,0.0005,0.79,0.288,0.004,0.006,0.404,0
1138,2493.21,2180.18,14.3748,0.0035,1.487,1.375,0.005,0.007,0.4,0
485,1658.01,2403.08,14.0002,0.0002,0.755,0.264,0.003,0.004,0.393,0
957,2141.73,1863.02,15.0956,0.0005,0.731,0.177,0.006,0.006,0.391,0
579,2107.45,2058.07,14.3038,0.0003,0.598,0.446,0.004,0.004,0.388,0
669,1451.35,2304.97,14.5435,0.0003,0.569,0.322,0.003,0.004,0.388,0
1097,2021.16,2699.13,15.2771,0.0004,0.612,0.141,0.004,0.008,0.387,0
1413,2027.64,2350.23,15.4486,0.0004,0.907,0.404,0.005,0.006,0.386,0
1095,2231.24,1896.31,15.3614,0.0005,0.607,0.282,0.005,0.005,0.384,0
183,2441.57,2076.07,13.2168,0.0003,0.371,0.18,0.004,0.003,0.383,0
1054,1391.56,2477.34,15.1869,0.0004,0.764,0.226,0.004,0.007,0.383,0
2087,1839.57,2048.08,16.1792,0.0007,0.698,0.478,0.005,0.015,0.381,0
237,2073.34,1687.25,13.4851,0.0002,0.423,0.193,0.004,0.003,0.379,0
201,1933.95,2395.1,12.9881,0.0003,0.599,0.099,0.003,0.003,0.377,0
744,1927.43,2130.0,14.0576,0.0003,1.462,1.281,0.004,0.008,0.376,0
232,1933.53,2119.67,13.2946,0.0003,0.447,0.209,0.003,0.004,0.374,0
1088,1611.97,1996.29,15.2923,0.0004,0.638,0.272,0.004,0.005,0.374,0
668,1593.37,2477.54,14.4833,0.0004,0.632,0.259,0.004,0.006,0.373,0
499,1715.92,1800.34,14.1939,0.0002,0.602,0.072,0.004,0.004,0.372,0
539,2172.08,1751.96,14.0319,0.0002,0.834,0.415,0.006,0.005,0.368,0
266,1799.16,1940.88,13.5856,0.0004,0.443,0.28,0.005,0.004,0.366,0
2781,1753.48,1995.4,16.4137,0.0007,0.968,0.584,0.006,0.008,0.363,0
1428,1569.72,2509.49,15.6302,0.0005,0.726,0.176,0.005,0.01,0.362,0
1201,1743.7,2269.61,15.2174,0.0004,0.917,0.471,0.004,0.005,0.361,0
2995,2081.38,1982.68,16.4482,0.0009,0.975,0.636,0.007,0.008,0.36,0
1748,1991.81,1909.1,15.6601,0.0005,0.997,0.541,0.005,0.008,0.359,0
1466,1505.03,2302.33,15.7287,0.001,0.733,0.365,0.005,0.005,0.358,0
903,2132.15,2481.04,14.8346,0.0003,0.82,0.368,0.004,0.005,0.355,0
1110,2021.63,2336.26,15.2097,0.0004,0.787,0.281,0.004,0.006,0.355,0
2755,2062.68,2469.55,16.423,0.0006,0.973,0.503,0.008,0.01,0.354,0
958,2106.64,1753.81,15.1707,0.0004,0.586,0.378,0.005,0.005,0.352,0
2935,1890.27,1685.55,16.3954,0.0006,1.008,0.704,0.007,0.01,0.35,0
1148,1811.85,2251.79,15.0953,0.0003,0.966,0.517,0.004,0.006,0.345,0
809,2053.94,1899.57,14.8386,0.0004,0.596,0.281,0.004,0.005,0.344,0
1185,2383.11,1877.41,15.5372,0.0007,0.592,0.243,0.005,0.005,0.344,0
943,1616.06,2075.55,15.0195,0.0004,0.672,0.417,0.003,0.005,0.343,0
340,2024.07,2060.33,13.8421,0.0002,0.415,0.278,0.004,0.003,0.34,0
1855,2135.03,2146.04,15.6921,0.0007,1.169,0.787,0.006,0.012,0.34,0
816,2139.8,2103.07,14.7795,0.0004,0.7,0.283,0.004,0.004,0.339,0
6505,1449.01,2373.03,17.8386,0.0013,1.134,0.91,0.013,0.031,0.339,0
1009,2258.0,2270.04,15.0777,0.0005,0.773,0.245,0.004,0.005,0.337,0
1018,1961.72,2148.05,15.0879,0.0004,0.769,0.223,0.004,0.005,0.332,0
109,2413.92,1900.91,12.4662,0.0002,0.531,0.357,0.004,0.003,0.331,0
152,2090.14,2299.01,12.7711,0.0002,0.545,0.1,0.003,0.003,0.331,0
784,2357.84,1946.77,14.8062,0.0015,0.598,0.052,0.004,0.004,0.33,0
2389,1710.55,2079.22,16.3528,0.0007,0.786,0.286,0.006,0.007,0.324,0
726,2096.45,2062.5,14.7196,0.0014,0.582,0.34,0.004,0.004,0.321,0
2877,1707.67,2441.95,16.4733,0.0006,1.131,0.843,0.008,0.015,0.321,0
2086,2329.1,2395.77,15.7748,0.0004,1.195,0.736,0.005,0.008,0.318,0
1882,2209.44,2332.22,15.8838,0.0006,0.966,0.548,0.005,0.008,0.314,0
1525,1612.95,2185.75,15.6511,0.0005,0.833,0.286,0.004,0.006,0.313,0
2505,1682.32,1954.5,16.4386,0.0006,0.785,0.223,0.006,0.007,0.311,0
1027,1521.58,2066.71,15.2409,0.0004,0.591,0.317,0.004,0.005,0.31,0
4574,1404.77,1908.0,17.201,0.0009,1.007,0.612,0.007,0.014,0.31,0
426,1383.4,2284.46,13.8705,0.0002,0.654,0.396,0.003,0.004,0.308,0
1431,2232.58,2473.25,15.4916,0.0005,0.906,0.419,0.004,0.005,0.307,0
1753,1921.92,1666.52,15.7242,0.0005,0.901,0.538,0.006,0.008,0.307,0
1878,1590.49,1758.04,15.945,0.0005,0.867,0.383,0.005,0.008,0.306,0
2157,1490.69,2208.0,15.9044,0.0007,1.199,1.132,0.005,0.009,0.304,0
2228,1865.42,2166.47,16.2532,0.001,0.842,0.278,0.007,0.008,0.302,0
889,2130.78,1686.64,14.8194,0.0003,0.772,0.32,0.005,0.005,0.301,0
1469,1644.28,1973.57,15.0557,0.0003,1.705,1.561,0.005,0.013,0.298,0
4563,1438.14,2220.36,17.1785,0.002,1.267,1.177,0.011,0.029,0.298,0
2810,2135.28,1757.91,16.5349,0.0006,0.783,0.547,0.007,0.01,0.297,0
596,1780.62,1766.61,13.6499,0.0005,1.328,0.957,0.003,0.005,0.296,0
2574,1821.95,2074.96,16.3248,0.0006,0.965,0.396,0.008,0.01,0.296,0
4534,1705.1,2752.84,17.2554,0.0009,0.898,0.364,0.007,0.011,0.296,0
1516,2231.94,2432.42,15.7504,0.0005,0.722,0.222,0.005,0.007,0.295,0
2376,1334.57,2076.31,16.3288,0.0007,0.791,0.308,0.005,0.007,0.294,0
4745,2471.99,2051.73,17.1852,0.0022,1.114,0.675,0.007,0.014,0.293,0
450,1760.49,2105.75,14.1631,0.0006,0.479,0.031,0.003,0.004,0.29,0
2704,1993.05,2342.08,16.413,0.0007,0.964,0.347,0.006,0.009,0.289,0
3072,2296.08,1811.85,16.68,0.0009,0.849,0.477,0.006,0.011,0.289,0
4907,1766.16,2494.25,17.2993,0.0009,1.083,0.511,0.01,0.014,0.289,0
5372,2343.94,2392.84,17.4384,0.001,1.005,0.572,0.009,0.016,0.289,0
3225,1850.63,1708.04,16.5761,0.0012,1.049,0.61,0.007,0.01,0.288,0
3489,2168.11,1911.71,16.6821,0.0011,1.015,0.527,0.009,0.014,0.287,0
2230,2423.69,1907.7,15.9626,0.0008,1.123,0.945,0.008,0.019,0.285,0
3381,1777.33,1778.35,16.5867,0.0007,1.081,0.622,0.008,0.011,0.285,0
789,1778.93,2678.97,14.7161,0.0004,0.72,0.123,0.004,0.005,0.282,0
2696,1586.54,2196.33,16.4644,0.0007,0.862,0.259,0.007,0.008,0.282,0
4795,2418.62,2320.4,17.1857,0.0012,1.103,0.685,0.007,0.012,0.28,0
5615,2137.35,1728.2,17.4986,0.001,1.003,0.632,0.01,0.018,0.278,0
3706,1725.16,2150.44,16.853,0.0007,0.98,0.447,0.007,0.009,0.276,0
5043,1357.4,2179.56,17.4103,0.0014,0.957,0.946,0.008,0.019,0.275,0
2344,1761.05,1818.21,15.9732,0.0006,1.171,0.81,0.006,0.009,0.274,0
4062,2327.74,2277.87,16.906,0.0007,1.083,0.493,0.007,0.011,0.274,0
2040,1850.11,2145.98,16.1661,0.0038,0.841,0.315,0.005,0.007,0.272,0
5324,1543.94,2029.56,17.5257,0.0019,0.892,0.308,0.011,0.024,0.272,0
100,1892.99,1870.44,12.2259,0.0001,0.709,0.197,0.004,0.003,0.27,0
523,2161.45,1739.83,14.3339,0.0007,0.541,0.332,0.005,0.004,0.267,0
2346,1512.94,2483.02,16.1954,0.0006,0.962,0.529,0.006,0.008,0.262,0
1335,1653.59,1803.45,15.4289,0.0004,0.868,0.361,0.004,0.006,0.261,0
1726,2222.54,2616.35,15.8386,0.0005,0.856,0.235,0.006,0.012,0.259,0
2467,1936.12,2777.64,16.2617,0.0006,0.979,0.56,0.006,0.008,0.259,0
6252,1658.41,1934.9,17.6516,0.0012,1.167,0.819,0.01,0.034,0.257,0
5742,1807.46,1879.0,17.3719,0.0012,1.161,0.546,0.009,0.015,0.256,0
573,2068.53,2205.83,14.4488,0.0007,0.497,0.292,0.004,0.004,0.255,0
1734,1672.69,2477.18,15.8278,0.0005,0.928,0.388,0.005,0.014,0.254,0
4768,1748.4,2200.51,17.2789,0.001,0.954,0.356,0.009,0.012,0.254,0
684,1876.67,1841.53,14.6904,0.0005,0.5,0.302,0.005,0.006,0.253,0
1520,2202.15,1751.56,15.6157,0.0012,0.829,0.321,0.006,0.006,0.253,0
2051,2094.59,2136.9,16.0637,0.0006,0.793,0.55,0.005,0.007,0.249,0
4840,1539.74,1894.39,17.3718,0.0011,0.895,0.122,0.01,0.024,0.249,0
496,2219.07,2118.44,13.1429,0.001,1.385,1.11,0.005,0.005,0.248,0
4584,1561.68,1934.71,17.1557,0.0009,1.055,0.545,0.008,0.013,0.248,0
3079,2261.68,1814.24,16.5591,0.0008,0.941,0.38,0.006,0.007,0.245,0
4619,1632.02,2201.01,17.1459,0.0008,1.196,0.551,0.009,0.02,0.245,0
4734,2059.5,2327.57,17.7131,0.0042,1.187,0.562,0.029,0.04,0.243,0
4096,2182.82,2013.81,17.0598,0.0009,1.073,0.798,0.009,0.032,0.235,0
3295,1827.79,2213.08,16.7524,0.0007,0.828,0.568,0.006,0.01,0.233,0
938,1462.61,2599.96,15.1465,0.0065,0.78,0.232,0.007,0.01,0.229,0
1632,2067.18,1736.86,15.5623,0.0013,0.966,0.618,0.007,0.007,0.229,0
1913,1326.69,2190.94,15.9911,0.0005,0.843,0.334,0.005,0.006,0.229,0
3293,1766.63,1933.67,16.7491,0.0014,0.849,0.439,0.007,0.009,0.229,0
2089,1341.81,2261.19,15.8652,0.0005,1.123,0.719,0.005,0.007,0.228,0
4394,1529.74,1997.72,17.1756,0.0011,1.065,0.792,0.008,0.017,0.223,0
1061,2035.92,1710.68,15.1811,0.0006,0.719,0.316,0.006,0.008,0.222,0
1411,1907.06,2761.83,15.645,0.0007,0.699,0.44,0.005,0.007,0.222,0
116,1891.73,2087.59,12.6794,0.0004,0.347,0.142,0.003,0.003,0.219,0
4578,1683.19,1798.52,17.1533,0.0012,1.042,0.642,0.008,0.014,0.217,0
9052,2161.52,1668.79,18.666,0.0052,1.297,0.716,0.012,0.057,0.209,0
297,2315.07,2433.35,13.6793,0.0008,0.531,0.184,0.007,0.006,0.208,0
4055,2187.28,1751.86,17.0155,0.001,0.888,0.613,0.008,0.012,0.208,0
7139,1806.98,1655.1,17.847,0.0014,1.183,0.861,0.011,0.035,0.207,0
7561,1623.13,1980.26,18.016,0.0014,1.165,1.025,0.011,0.036,0.207,0
7240,1791.4,1634.43,17.9079,0.0012,1.083,0.699,0.013,0.024,0.206,0
1166,1952.11,2343.62,15.3537,0.0054,0.869,0.328,0.007,0.009,0.2,0
4658,1721.03,2168.37,17.2262,0.001,1.07,0.529,0.009,0.023,0.199,0
7638,1356.46,2339.94,18.1084,0.0015,1.201,0.536,0.014,0.032,0.199,0
783,2108.06,1941.81,14.8219,0.0003,0.563,0.283,0.005,0.004,0.197,0
2094,1637.22,1831.28,15.6232,0.0008,1.707,1.402,0.006,0.018,0.197,0
4669,2230.63,2101.47,17.2655,0.0022,1.004,0.461,0.007,0.012,0.197,0
147,2433.14,2140.37,12.913,0.0002,0.429,0.254,0.004,0.003,0.196,0
3013,2345.21,2264.9,16.42,0.0013,1.104,0.636,0.006,0.01,0.195,0
7359,2461.12,2220.66,18.044,0.0017,0.969,0.385,0.01,0.017,0.189,0
6514,2381.27,2466.77,17.8437,0.003,1.078,0.535,0.008,0.04,0.188,0
1178,1663.38,2073.24,15.2944,0.0013,0.843,0.269,0.004,0.005,0.185,0
3280,2156.07,2097.65,16.7345,0.0012,0.894,0.312,0.007,0.009,0.178,0
4453,1469.69,2030.03,17.2513,0.0011,0.994,0.408,0.012,0.024,0.178,0
6845,1702.77,2256.07,17.888,0.0014,1.035,0.449,0.012,0.02,0.178,0
3157,1873.31,1835.12,16.6118,0.0014,1.002,0.628,0.014,0.037,0.177,0
3878,1680.98,2032.34,16.9379,0.001,0.934,0.48,0.008,0.012,0.169,0
9672,1636.76,1894.71,18.8394,0.0025,1.152,0.524,0.016,0.046,0.168,0
4999,2077.52,1808.83,17.3504,0.0012,1.019,0.512,0.009,0.012,0.165,0
1725,1496.11,2028.09,15.84,0.0008,0.875,0.288,0.009,0.016,0.161,0
1710,1870.08,2497.38,16.3702,0.0012,0.84,0.255,0.024,0.028,0.16,0
4386,2140.65,1943.87,16.9856,0.0009,1.063,0.496,0.008,0.012,0.159,0
2250,1775.76,1941.57,16.2428,0.0006,0.747,0.46,0.005,0.007,0.157,0
5352,2165.26,2352.35,17.4445,0.0011,1.082,0.571,0.009,0.023,0.156,0
3948,1771.83,2111.23,16.9723,0.0019,0.896,0.346,0.018,0.02,0.15,0
3803,2008.45,1983.91,16.9621,0.001,0.885,0.56,0.007,0.011,0.141,0
4098,2391.35,2359.78,16.8902,0.0007,1.16,0.611,0.008,0.012,0.136,0
5719,1888.37,1971.22,17.4488,0.001,1.089,0.554,0.01,0.015,0.135,0
4070,1864.94,2284.08,17.0343,0.0013,0.971,0.453,0.007,0.009,0.133,0
6296,1961.36,2041.04,17.7688,0.0018,0.945,0.471,0.012,0.023,0.125,0
3475,2066.46,2375.82,16.6256,0.0007,1.24,0.653,0.008,0.016,0.112,0
5430,1453.71,2118.64,17.5488,0.0032,0.949,0.523,0.009,0.013,0.11,0
1835,2380.92,2073.73,15.9601,0.0019,0.849,0.251,0.005,0.006,0.08,0
5228,1940.23,1738.37,17.4813,0.0011,0.971,0.393,0.013,0.021,0.072,0
3373,2333.3,2187.17,16.6162,0.0014,1.07,0.643,0.007,0.011,0.069,0
6848,1542.19,2268.5,17.9625,0.0019,1.064,0.52,0.018,0.027,0.068,0
2225,1641.54,2737.71,17.2698,0.0024,0.914,0.368,0.008,0.009,0.0,0
65,1402.33,1986.55,11.0332,0.0003,1.315,nan,0.008,nan,0.86,-1
51,2268.88,2102.44,11.4566,0.0005,0.328,nan,0.017,nan,0.83,-1
139,1774.26,2621.03,12.6079,0.0002,0.379,nan,0.004,nan,0.75,-1
236,1945.69,2615.47,13.233,0.0003,0.356,nan,0.003,nan,0.82,-1
378,2162.15,2602.08,13.7122,0.0002,0.433,nan,0.004,nan,0.63,-1
449,1722.05,2583.57,13.9645,0.0003,0.497,nan,0.004,nan,0.74,-1
725,1892.18,2521.78,14.035,0.0002,1.875,nan,0.005,nan,0.41,-1
659,1993.88,2300.46,13.4837,0.0005,2.306,nan,0.005,nan,0.42,-1
1243,2020.69,2495.64,15.4237,0.0004,0.732,nan,0.004,nan,0.36,-1
1327,2295.05,2518.39,15.5281,0.0004,0.717,nan,0.004,nan,0.8,-1
1072,1634.21,2304.41,14.7173,0.0003,2.22,nan,0.007,nan,0.31,-1
1381,1692.8,2613.75,15.2674,0.0004,1.484,nan,0.006,nan,0.32,-1
1566,2169.83,2503.59,15.737,0.0005,0.784,nan,0.004,nan,0.34,-1
1493,2105.42,2739.05,15.2755,0.0005,1.714,nan,0.006,nan,0.37,-1
1441,1598.11,2639.75,15.2803,0.0004,1.743,nan,0.007,nan,0.43,-1
1686,2065.9,2699.76,15.7566,0.0008,0.874,nan,0.008,nan,0.28,-1
1420,1543.51,2397.09,15.2502,0.0004,1.943,nan,0.007,nan,0.44,-1
1812,1880.3,2732.77,15.9543,0.0006,0.804,nan,0.005,nan,0.64,-1
1690,2072.18,2253.22,15.3114,0.0005,2.011,nan,0.007,nan,0.24,-1
2106,2255.77,1770.63,15.4853,0.0004,1.824,nan,0.007,nan,0.38,-1
2188,2311.8,2541.59,16.1671,0.0006,0.839,nan,0.005,nan,0.9,-1
1825,1970.73,2152.99,15.5506,0.0005,1.956,nan,0.008,nan,0.34,-1
1955,1438.78,1890.55,15.7047,0.0006,1.705,nan,0.006,nan,0.35,-1
2440,2283.64,2562.44,16.3495,0.0007,0.882,nan,0.007,nan,0.27,-1
2566,1747.98,2564.22,16.3779,0.0007,0.98,nan,0.006,nan,0.21,-1
2619,2189.95,2717.11,16.3661,0.0007,1.143,nan,0.007,nan,0.32,-1
2359,2137.96,1824.58,15.7959,0.0006,1.807,nan,0.01,nan,0.4,-1
2609,2068.78,2612.25,16.43,0.0008,0.92,nan,0.006,nan,0.46,-1
2728,2016.91,2691.7,16.3666,0.0007,1.166,nan,0.007,nan,0.36,-1
2823,2422.6,2513.22,16.5534,0.0006,0.84,nan,0.006,nan,0.37,-1
2383,2332.48,2226.07,15.8553,0.0005,1.977,nan,0.008,nan,0.31,-1
1276,1777.02,2375.22,15.3179,0.0005,2.513,nan,0.011,nan,0.35,-1
2994,1504.84,2590.98,16.709,0.0011,0.867,nan,0.007,nan,0.17,-1
2324,1831.55,2683.91,16.1403,0.0006,1.837,nan,0.009,nan,0.32,-1
3070,2208.57,2669.23,16.6845,0.0008,0.896,nan,0.007,nan,0.68,-1
3397,1952.55,2629.31,16.7852,0.0008,0.947,nan,0.008,nan,0.34,-1
3334,2146.0,2555.98,16.694,0.0007,1.159,nan,0.008,nan,0.4,-1
3698,1825.15,2631.4,16.9235,0.0008,1.023,nan,0.008,nan,0.28,-1
2947,2040.71,2490.41,16.4508,0.0006,1.594,nan,0.009,nan,0.29,-1
3770,1452.76,2590.17,16.9339,0.0007,1.035,nan,0.009,nan,0.32,-1
3064,2215.23,2641.0,16.5251,0.0007,1.804,nan,0.009,nan,0.32,-1
3912,2182.95,2591.35,17.0216,0.0008,1.0,nan,0.007,nan,0.38,-1
3636,1595.1,2485.32,16.9192,0.0018,1.083,nan,0.018,nan,0.16,-1
3988,2286.83,2612.94,17.062,0.0008,0.973,nan,0.007,nan,0.17,-1
2838,1743.92,2753.4,16.285,0.0008,2.056,nan,0.01,nan,0.16,-1
4101,1610.17,2521.03,17.0977,0.0008,0.913,nan,0.008,nan,0.46,-1
3802,1724.73,2694.83,16.9182,0.0008,1.209,nan,0.008,nan,0.28,-1
4110,2300.9,2593.23,17.0473,0.0008,1.014,nan,0.008,nan,0.16,-1
4029,2239.03,2506.46,16.9305,0.0008,1.171,nan,0.008,nan,0.38,-1
3306,2044.3,2421.81,16.6649,0.0007,1.778,nan,0.011,nan,0.34,-1
4248,1806.1,2703.6,17.1206,0.0008,1.152,nan,0.009,nan,0.15,-1
4108,1994.37,2437.32,17.4909,0.0015,1.221,nan,0.024,nan,0.29,-1
4726,1618.0,2609.94,17.5436,0.0044,1.069,nan,0.017,nan,0.21,-1
4460,1751.3,2512.62,17.2487,0.0054,1.223,nan,0.01,nan,0.39,-1
4797,1711.51,2570.28,17.4399,0.0026,0.998,nan,0.01,nan,0.24,-1
4719,1898.5,2275.25,17.319,0.0015,0.997,nan,0.012,nan,0.37,-1
4538,1753.76,2546.8,17.2826,0.0022,1.189,nan,0.01,nan,0.38,-1
4933,2387.82,2493.6,17.3236,0.001,1.015,nan,0.008,nan,0.32,-1
5115,1683.13,2559.95,17.4744,0.0011,0.867,nan,0.008,nan,0.14,-1
5011,1527.56,2031.03,17.4434,0.0022,1.005,nan,0.026,nan,0.39,-1
4897,2089.73,2497.36,17.2355,0.0009,1.293,nan,0.01,nan,0.31,-1
4814,1798.7,1743.8,18.2022,0.0028,1.257,nan,0.016,nan,0.44,-1
5320,2223.47,2606.73,17.4984,0.0012,0.948,nan,0.008,nan,0.38,-1
5199,1972.01,2793.06,17.4421,0.0011,1.204,nan,0.01,nan,0.18,-1
4930,1762.92,2760.6,17.3071,0.001,1.258,nan,0.009,nan,0.42,-1
5527,2143.16,2726.33,17.5542,0.0012,1.082,nan,0.01,nan,0.25,-1
2961,2227.16,2556.63,16.5902,0.0008,2.356,nan,0.015,nan,0.45,-1
5963,2065.02,2225.85,17.5265,0.0019,1.17,nan,0.011,nan,0.4,-1
5904,2050.25,2587.97,17.6539,0.0011,1.009,nan,0.01,nan,0.36,-1
5291,1632.15,1785.65,17.2648,0.001,1.631,nan,0.011,nan,0.37,-1
5189,1963.85,2618.71,17.4926,0.001,1.281,nan,0.013,nan,0.49,-1
5870,2482.06,2377.68,17.5494,0.0011,1.116,nan,0.01,nan,0.4,-1
5333,1872.31,2533.69,17.394,0.001,1.455,nan,0.01,nan,0.24,-1
5773,1902.69,2302.5,17.9995,0.0079,1.131,nan,0.01,nan,0.24,-1
4912,1767.55,2290.51,17.3121,0.0014,1.621,nan,0.012,nan,0.26,-1
4741,1335.76,2237.17,17.3261,0.0011,1.539,nan,0.012,nan,0.25,-1
5768,1722.69,2601.55,17.6189,0.0011,1.086,nan,0.01,nan,0.38,-1
5776,1637.69,2042.53,17.5789,0.0017,0.98,nan,0.019,nan,0.16,-1
5953,1806.32,1894.2,17.5529,0.0012,1.284,nan,0.012,nan,0.26,-1
5800,2117.89,2593.16,17.5806,0.001,1.233,nan,0.012,nan,0.38,-1
5785,1905.72,2657.88,17.542,0.001,1.266,nan,0.011,nan,0.42,-1
5997,2157.35,2558.39,17.787,0.0033,1.221,nan,0.01,nan,0.18,-1
5889,1460.45,1824.54,17.9249,0.0031,1.071,nan,0.026,nan,0.16,-1
5890,1705.58,2183.27,18.1149,0.0042,1.31,nan,0.04,nan,0.2,-1
6241,2222.43,2727.33,17.722,0.0014,1.1,nan,0.011,nan,0.81,-1
5579,2175.98,2615.63,17.8673,0.0072,1.2,nan,0.012,nan,0.53,-1
5911,1450.62,2554.55,17.6788,0.0012,1.117,nan,0.011,nan,0.3,-1
6311,2185.08,2160.54,17.7414,0.0012,1.061,nan,0.01,nan,0.39,-1
5894,1898.39,2703.95,17.6014,0.001,1.364,nan,0.011,nan,0.5,-1
6356,1905.43,2196.21,17.7752,0.0015,1.139,nan,0.011,nan,0.26,-1
6472,1662.14,2151.95,17.7268,0.0016,1.051,nan,0.016,nan,0.46,-1
6250,2080.29,2577.32,17.7504,0.0011,0.988,nan,0.011,nan,0.3,-1
6038,1679.11,2354.69,17.8313,0.0014,1.077,nan,0.013,nan,0.27,-1
6860,2288.34,2427.15,17.728,0.0012,1.259,nan,0.009,nan,0.41,-1
6335,1716.18,2702.26,17.7895,0.0011,1.028,nan,0.012,nan,0.11,-1
4449,1520.27,2349.37,17.272,0.0009,1.902,nan,0.015,nan,0.45,-1
6464,2008.36,2577.35,17.7534,0.0012,1.174,nan,0.01,nan,0.37,-1
6352,1582.53,2696.05,18.0144,0.0071,1.096,nan,0.016,nan,0.28,-1
6447,2254.52,2220.21,17.8528,0.0025,1.341,nan,0.02,nan,0.85,-1
6556,1727.36,2170.6,17.7999,0.0013,1.067,nan,0.012,nan,0.2,-1
6708,1445.69,1845.73,17.7185,0.0016,1.272,nan,0.01,nan,0.87,-1
6647,2208.32,2718.66,17.819,0.0019,1.131,nan,0.01,nan,0.53,-1
6560,1359.21,2424.14,17.8357,0.0013,1.122,nan,0.012,nan,0.89,-1
6483,1624.14,2561.69,17.8263,0.0012,1.236,nan,0.012,nan,0.68,-1
6132,1521.19,2590.08,17.727,0.0026,1.682,nan,0.026,nan,0.31,-1
6770,1656.54,2208.23,17.817,0.0015,1.152,nan,0.011,nan,0.89,-1
6686,2097.13,2706.35,17.8559,0.0013,1.05,nan,0.01,nan,0.31,-1
6765,1461.12,2426.16,17.9056,0.0016,1.136,nan,0.012,nan,0.4,-1
6581,2347.41,2228.78,17.7564,0.0013,1.149,nan,0.011,nan,0.21,-1
6937,2204.23,2628.72,18.0141,0.0015,1.059,nan,0.014,nan,0.39,-1
6551,1646.81,2062.14,17.8812,0.0016,1.132,nan,0.013,nan,0.4,-1
6682,1920.85,2345.77,17.8615,0.0013,1.006,nan,0.011,nan,0.31,-1
6670,2036.3,2283.13,17.7346,0.0014,1.209,nan,0.012,nan,0.59,-1
6381,2236.15,1985.57,17.7619,0.0017,1.225,nan,0.014,nan,0.32,-1
6870,1830.97,2551.86,17.9438,0.0014,1.071,nan,0.011,nan,0.36,-1
8498,2158.58,2572.83,19.279,0.0039,1.28,nan,0.039,nan,0.39,-1
6763,1838.24,2465.45,17.8861,0.0017,1.112,nan,0.012,nan,0.83,-1
6044,2233.86,2313.93,17.529,0.0012,1.533,nan,0.012,nan,0.36,-1
6946,1607.66,2453.52,17.9744,0.0016,1.041,nan,0.012,nan,0.45,-1
7155,1872.05,1827.31,18.023,0.0039,1.322,nan,0.019,nan,0.37,-1
6714,1753.56,1841.0,17.7636,0.0012,1.243,nan,0.012,nan,0.39,-1
7234,1595.84,1743.4,17.9097,0.0018,1.153,nan,0.011,nan,0.16,-1
7332,2217.35,1892.87,17.8765,0.0013,1.201,nan,0.012,nan,0.39,-1
6889,1886.58,1886.5,18.0701,0.002,1.126,nan,0.023,nan,0.31,-1
6673,2018.02,1869.77,17.9126,0.0025,1.311,nan,0.018,nan,0.22,-1
5961,2025.58,1848.12,17.6676,0.0012,1.423,nan,0.022,nan,0.34,-1
7162,1906.14,1681.84,17.9661,0.0015,1.068,nan,0.012,nan,0.52,-1
7353,1818.62,1893.81,17.9489,0.0016,1.176,nan,0.014,nan,0.69,-1
6859,1899.91,2324.1,17.8459,0.0012,1.2,nan,0.013,nan,0.28,-1
6982,2412.81,2352.79,17.8577,0.0011,1.261,nan,0.011,nan,0.33,-1
7272,2255.36,2513.07,18.0649,0.0013,0.941,nan,0.012,nan,0.21,-1
7153,1712.18,2527.19,17.9731,0.0013,1.19,nan,0.011,nan,0.21,-1
6776,1388.49,2227.09,18.1375,0.0063,1.415,nan,0.01,nan,0.17,-1
7421,2129.61,2453.07,18.0332,0.0014,1.089,nan,0.011,nan,0.39,-1
7283,1919.88,2507.96,18.0778,0.0015,0.985,nan,0.012,nan,0.26,-1
7006,2206.19,2527.69,17.8769,0.0014,1.246,nan,0.012,nan,0.38,-1
6942,1876.09,2543.15,17.8468,0.0014,1.358,nan,0.011,nan,0.41,-1
7441,1616.15,2040.43,17.9868,0.0014,1.206,nan,0.015,nan,0.27,-1
7043,2220.7,2628.84,17.9348,0.0013,1.152,nan,0.013,nan,0.14,-1
7436,1780.99,2439.16,18.1087,0.0018,1.065,nan,0.011,nan,0.42,-1
6175,2035.34,2543.4,17.9075,0.0013,1.469,nan,0.025,nan,0.16,-1
7388,1681.72,2622.65,18.1306,0.002,1.039,nan,0.011,nan,0.16,-1
7241,1686.56,1704.1,17.8782,0.0014,1.422,nan,0.013,nan,0.36,-1
8241,1760.7,2369.09,17.7773,0.0013,1.5,nan,0.021,nan,0.5,-1
7271,1542.05,1775.69,17.9947,0.0032,1.241,nan,0.013,nan,0.13,-1
7171,1932.52,2196.5,17.9679,0.0013,1.241,nan,0.015,nan,0.26,-1
7505,1859.14,2162.63,18.0217,0.0016,1.147,nan,0.018,nan,0.59,-1
6036,1730.27,2081.18,17.7095,0.0014,1.775,nan,0.019,nan,0.41,-1
7539,2061.64,2462.74,17.9568,0.0018,1.192,nan,0.013,nan,0.36,-1
7591,2349.19,2164.07,18.1077,0.0016,1.052,nan,0.012,nan,0.17,-1
7316,1942.28,2261.32,17.9853,0.0015,1.17,nan,0.012,nan,0.36,-1
7490,1828.97,1894.69,18.0732,0.0014,1.147,nan,0.023,nan,0.51,-1
7494,1825.54,2408.46,18.0972,0.0017,1.022,nan,0.013,nan,0.49,-1
6669,1548.75,1801.45,18.1545,0.0035,0.992,nan,0.025,nan,0.15,-1
6916,1599.34,2489.82,18.3195,0.0052,1.466,nan,0.017,nan,0.24,-1
7845,1797.63,1996.97,18.2038,0.0019,1.109,nan,0.013,nan,0.31,-1
7403,1681.28,2274.9,18.0985,0.0016,1.238,nan,0.016,nan,0.32,-1
7752,2105.31,1713.49,18.1454,0.0016,1.091,nan,0.014,nan,0.4,-1
7401,1744.62,2480.58,18.0431,0.0014,1.134,nan,0.014,nan,0.39,-1
7408,1879.8,2363.69,18.0499,0.0027,1.207,nan,0.012,nan,0.26,-1
7624,1885.63,2458.15,18.1221,0.0015,1.245,nan,0.016,nan,0.24,-1
7770,1924.32,2159.74,18.1794,0.0021,1.036,nan,0.011,nan,0.11,-1
7688,1594.03,2134.92,18.1672,0.0018,1.086,nan,0.014,nan,0.62,-1
3379,2057.56,2713.18,16.9475,0.0008,2.28,nan,0.025,nan,0.39,-1
7373,1497.45,2512.84,18.0899,0.0016,1.2,nan,0.015,nan,0.75,-1
7392,1902.09,2647.14,18.064,0.0015,1.249,nan,0.014,nan,0.47,-1
6849,1457.59,2196.3,17.9001,0.0023,1.453,nan,0.014,nan,0.25,-1
7625,2100.22,2493.84,18.0989,0.0014,1.183,nan,0.014,nan,0.28,-1
7397,1585.26,2248.9,18.011,0.0016,1.402,nan,0.016,nan,0.32,-1
7799,1912.51,2456.4,18.1626,0.0015,1.208,nan,0.015,nan,0.35,-1
7885,2208.67,2633.36,19.0607,0.0033,1.135,nan,0.019,nan,0.48,-1
7667,1538.36,2126.33,18.0748,0.0017,1.154,nan,0.015,nan,0.44,-1
7104,2203.99,1984.39,18.0258,0.0024,1.474,nan,0.029,nan,0.5,-1
7680,1769.2,2769.91,18.203,0.003,1.049,nan,0.022,nan,0.46,-1
7378,1531.71,1918.38,18.1067,0.0033,1.421,nan,0.016,nan,0.26,-1
7796,1922.71,2715.27,18.2075,0.0015,1.042,nan,0.012,nan,0.39,-1
7836,1938.39,1623.23,18.1527,0.0022,1.026,nan,0.033,nan,0.3,-1
7533,1933.62,2138.83,18.3315,0.0046,1.312,nan,0.041,nan,0.22,-1
7848,2203.78,2620.39,18.3189,0.0029,1.192,nan,0.01,nan,0.43,-1
7354,2148.86,2116.54,18.0515,0.0019,1.273,nan,0.017,nan,0.15,-1
7730,1753.93,2656.65,18.1719,0.0015,1.134,nan,0.014,nan,0.22,-1
7049,2048.04,1882.14,17.8929,0.0014,1.645,nan,0.018,nan,0.3,-1
7714,2044.63,2331.1,18.1621,0.0019,1.238,nan,0.015,nan,0.44,-1
7999,2245.01,2599.75,18.1457,0.0023,1.209,nan,0.016,nan,0.56,-1
7820,1827.48,2441.04,18.135,0.0018,1.22,nan,0.013,nan,0.27,-1
7805,1761.53,2188.15,18.2933,0.002,1.132,nan,0.019,nan,0.34,-1
8036,1602.5,1721.81,18.3709,0.0097,1.257,nan,0.013,nan,0.0,-1
7882,1428.14,2228.64,18.2437,0.0018,1.226,nan,0.014,nan,0.76,-1
7823,1817.86,2402.28,19.581,0.006,1.315,nan,0.02,nan,0.21,-1
8302,1728.56,1969.52,18.2888,0.0019,1.274,nan,0.021,nan,0.36,-1
7988,2375.23,2437.09,18.2027,0.0017,1.183,nan,0.013,nan,0.88,-1
7855,1985.84,2388.49,18.0932,0.0016,1.246,nan,0.014,nan,0.35,-1
8114,1971.16,1684.17,18.2098,0.002,1.149,nan,0.018,nan,0.34,-1
8040,2417.11,2298.14,18.2327,0.0018,1.087,nan,0.013,nan,0.67,-1
7997,1396.6,2429.11,18.3182,0.0021,1.008,nan,0.014,nan,0.21,-1
8221,1696.59,2435.55,18.3586,0.0018,0.996,nan,0.014,nan,0.19,-1
7618,2393.03,2457.69,18.2764,0.0017,1.418,nan,0.028,nan,0.25,-1
7830,1633.85,1731.03,18.2849,0.0022,1.088,nan,0.023,nan,0.38,-1
7634,1807.14,2665.24,18.2477,0.0017,1.217,nan,0.02,nan,0.48,-1
8067,2199.56,2662.18,18.2682,0.0015,1.14,nan,0.013,nan,0.37,-1
8096,2096.16,2339.63,18.1499,0.0017,1.27,nan,0.015,nan,0.43,-1
8323,2002.45,2448.57,18.3617,0.0018,1.09,nan,0.014,nan,0.32,-1
7829,1819.63,1876.9,18.3187,0.0025,1.299,nan,0.042,nan,0.36,-1
7917,2363.84,2216.23,18.1135,0.0022,1.438,nan,0.015,nan,0.31,-1
8174,2031.22,2270.46,18.2663,0.0018,1.222,nan,0.015,nan,0.27,-1
8386,1637.82,2000.95,18.2947,0.0018,1.237,nan,0.016,nan,0.82,-1
8084,2143.4,2215.81,18.2966,0.0019,1.18,nan,0.014,nan,0.36,-1
8191,1879.61,2253.06,18.3744,0.0018,1.11,nan,0.016,nan,0.49,-1
8017,2075.95,2186.56,18.2008,0.002,1.412,nan,0.014,nan,0.34,-1
8403,2164.76,2246.85,18.3271,0.0023,1.25,nan,0.014,nan,0.69,-1
7078,1794.69,2401.97,18.3241,0.0079,1.324,nan,0.015,nan,0.28,-1
8047,1533.62,1894.89,18.2771,0.0033,1.16,nan,0.023,nan,0.52,-1
8418,1916.74,2189.57,18.3865,0.0025,1.116,nan,0.016,nan,0.22,-1
8283,1775.31,2080.95,18.2076,0.0017,1.391,nan,0.015,nan,0.28,-1
7956,1472.23,1977.67,18.2675,0.004,1.345,nan,0.018,nan,0.22,-1
8094,2305.69,2531.81,18.2684,0.0017,1.211,nan,0.014,nan,0.49,-1
8249,1683.78,1898.55,18.3246,0.0019,1.127,nan,0.015,nan,0.15,-1
7969,1518.59,2103.94,18.2226,0.002,1.384,nan,0.016,nan,0.39,-1
3428,1769.01,1915.33,17.1035,0.001,2.528,nan,0.038,nan,0.37,-1
8099,1993.76,1981.54,18.1913,0.0021,1.378,nan,0.018,nan,0.87,-1
8511,2420.01,2272.61,18.4191,0.0018,1.153,nan,0.014,nan,0.34,-1
8494,1801.53,2776.65,18.5944,0.0033,1.158,nan,0.025,nan,0.24,-1
8063,1858.16,2697.62,18.3846,0.0028,1.298,nan,0.014,nan,0.25,-1
8448,1987.75,2145.0,18.4318,0.0023,1.286,nan,0.015,nan,0.74,-1
7879,1510.26,2273.36,18.3294,0.0022,1.286,nan,0.025,nan,0.32,-1
8033,1673.23,2528.32,18.4095,0.0019,1.188,nan,0.015,nan,0.36,-1
7554,1358.34,2017.69,18.4552,0.0019,1.035,nan,0.077,nan,0.2,-1
8584,2368.99,2601.33,18.4999,0.0021,1.132,nan,0.013,nan,0.41,-1
8215,2414.61,1943.38,18.3033,0.0018,1.264,nan,0.013,nan,0.15,-1
8609,1755.63,1761.92,18.4377,0.0016,1.075,nan,0.015,nan,0.3,-1
7801,1612.78,2648.16,18.3513,0.0028,1.29,nan,0.018,nan,0.17,-1
8328,1504.61,2501.51,18.3559,0.0019,1.304,nan,0.015,nan,0.22,-1
8214,1794.84,2430.89,18.3259,0.0018,1.298,nan,0.017,nan,0.07,-1
8717,2236.93,2403.44,18.4458,0.002,1.244,nan,0.013,nan,0.49,-1
8476,1704.68,2119.9,18.4214,0.0024,1.208,nan,0.015,nan,0.1,-1
8659,1427.17,2523.78,18.5699,0.002,1.057,nan,0.014,nan,0.1,-1
7947,2064.1,1651.44,18.2563,0.0017,1.559,nan,0.026,nan,0.33,-1
8433,1578.38,1936.43,18.3601,0.0018,1.199,nan,0.016,nan,0.31,-1
7725,1466.79,1977.56,18.1382,0.0021,1.621,nan,0.026,nan,0.23,-1
8288,2320.74,1773.19,18.3842,0.0019,1.298,nan,0.013,nan,0.38,-1
8434,1878.96,1986.86,18.3538,0.002,1.282,nan,0.016,nan,0.06,-1
8590,2145.38,2537.27,18.5505,0.002,1.186,nan,0.017,nan,0.37,-1
8472,1486.08,1986.44,19.254,0.0054,1.213,nan,0.029,nan,0.21,-1
8649,1713.04,2670.53,18.5135,0.0017,1.1,nan,0.015,nan,0.18,-1
6879,1766.61,2273.03,18.0409,0.0015,1.666,nan,0.02,nan,0.33,-1
8366,2133.87,2251.55,18.2236,0.0016,1.555,nan,0.016,nan,0.53,-1
8331,2372.89,2570.89,18.3894,0.0016,1.244,nan,0.016,nan,0.23,-1
8451,1580.76,2265.21,18.5355,0.0025,1.213,nan,0.014,nan,0.25,-1
8635,2290.55,2392.53,18.4072,0.0016,1.345,nan,0.015,nan,0.57,-1
8891,1768.47,1851.87,18.5567,0.0022,1.164,nan,0.016,nan,0.2,-1
8728,2202.61,2419.28,18.5527,0.002,1.052,nan,0.015,nan,0.13,-1
8481,2083.37,2492.32,18.468,0.002,1.259,nan,0.019,nan,0.85,-1
8529,1938.3,2710.63,18.4708,0.0017,1.198,nan,0.016,nan,0.42,-1
8776,2337.08,1827.16,18.5179,0.002,1.245,nan,0.014,nan,0.26,-1
7985,1840.41,1830.02,18.1486,0.0018,1.696,nan,0.018,nan,0.27,-1
8828,2352.35,2438.97,18.5561,0.002,1.143,nan,0.013,nan,0.25,-1
8420,1394.55,2433.98,18.4456,0.003,1.282,nan,0.02,nan,0.32,-1
7514,1833.14,2651.58,18.3343,0.0017,1.397,nan,0.028,nan,0.36,-1
8887,1769.79,2464.54,18.5686,0.0027,1.116,nan,0.015,nan,0.36,-1
8751,1484.02,2343.32,18.4928,0.0043,1.266,nan,0.034,nan,0.15,-1
9064,1859.4,2079.3,18.5066,0.0029,1.315,nan,0.015,nan,0.1,-1
8838,2056.0,2309.6,18.556,0.0024,1.115,nan,0.019,nan,0.45,-1
7334,2457.29,2436.35,18.1632,0.0039,1.753,nan,0.025,nan,0.31,-1
8789,2341.62,1918.77,18.4622,0.0023,1.33,nan,0.015,nan,0.85,-1
8805,1512.81,2523.01,18.5798,0.002,1.221,nan,0.016,nan,0.52,-1
8583,2101.97,2031.59,18.4442,0.0029,1.351,nan,0.017,nan,0.39,-1
8946,1969.89,2217.35,18.558,0.0022,1.205,nan,0.015,nan,0.39,-1
8132,1613.22,2493.27,18.3465,0.0019,1.466,nan,0.017,nan,0.77,-1
8381,2049.89,2447.57,18.4547,0.0017,1.316,nan,0.024,nan,0.24,-1
8329,1798.24,1906.47,18.3323,0.0024,1.271,nan,0.02,nan,0.64,-1
8307,2287.47,2628.18,18.4351,0.002,1.329,nan,0.021,nan,0.26,-1
9082,1940.46,2514.0,18.647,0.002,1.174,nan,0.016,nan,0.46,-1
7996,2400.04,1918.17,18.4189,0.002,1.139,nan,0.047,nan,0.17,-1
8848,1985.73,2628.91,18.5992,0.002,1.176,nan,0.015,nan,0.5,-1
8326,2148.57,1935.9,18.5852,0.0054,1.435,nan,0.02,nan,0.0,-1
8795,1333.0,2279.68,18.5393,0.0018,1.129,nan,0.017,nan,0.31,-1
8219,1812.77,1663.51,18.2741,0.0017,1.63,nan,0.021,nan,0.51,-1
9096,1694.75,2065.47,18.5997,0.0019,1.143,nan,0.017,nan,0.58,-1
8713,2073.58,2780.54,18.5034,0.002,1.28,nan,0.015,nan,0.59,-1
8395,1394.28,2505.64,18.6153,0.002,1.113,nan,0.03,nan,0.25,-1
8851,1750.19,2121.43,18.6154,0.0021,1.114,nan,0.016,nan,0.12,-1
8806,1480.73,2168.58,18.5351,0.002,1.336,nan,0.017,nan,0.31,-1
8337,1998.42,2738.02,18.5596,0.0019,1.215,nan,0.021,nan,0.23,-1
8669,2158.08,2487.32,18.4491,0.0017,1.336,nan,0.015,nan,0.29,-1
8351,1979.54,2726.42,18.414,0.0016,1.324,nan,0.02,nan,0.39,-1
8881,2111.71,2218.63,18.5281,0.0021,1.236,nan,0.014,nan,0.35,-1
8569,1998.09,2090.69,18.5302,0.0022,1.314,nan,0.02,nan,0.32,-1
9072,1656.27,1705.23,18.6435,0.0021,1.198,nan,0.017,nan,0.43,-1
8845,1676.18,2211.42,18.5657,0.002,1.259,nan,0.014,nan,0.57,-1
8598,2169.78,2020.52,18.6873,0.0028,1.208,nan,0.031,nan,0.43,-1
8996,2030.26,2427.83,18.6052,0.002,1.115,nan,0.017,nan,0.34,-1
8796,1744.73,2098.94,18.6751,0.0022,1.25,nan,0.02,nan,0.13,-1
8960,1478.76,2497.28,18.6781,0.0023,1.143,nan,0.017,nan,0.29,-1
8741,2051.51,2000.41,18.5335,0.0022,1.253,nan,0.018,nan,0.25,-1
8896,1413.29,2223.17,18.5504,0.0019,1.19,nan,0.015,nan,0.34,-1
8951,2191.06,2010.03,18.7131,0.0027,1.147,nan,0.022,nan,0.37,-1
8230,2421.96,2525.09,18.3982,0.0028,1.607,nan,0.021,nan,0.28,-1
8788,1945.54,2294.94,18.5609,0.0021,1.318,nan,0.018,nan,0.31,-1
9475,2003.65,2296.59,18.5683,0.0037,1.242,nan,0.026,nan,0.27,-1
8949,2220.4,1913.33,18.5208,0.0021,1.351,nan,0.018,nan,0.25,-1
8905,1916.41,2287.07,18.5962,0.0024,1.217,nan,0.019,nan,0.26,-1
8714,1934.58,2649.04,18.5472,0.0017,1.352,nan,0.017,nan,0.12,-1
7637,1627.95,2289.04,18.3721,0.0017,1.527,nan,0.023,nan,0.26,-1
8679,2089.74,2767.18,19.8447,0.0089,1.363,nan,0.02,nan,0.0,-1
9110,1787.05,2028.42,18.5531,0.0022,1.368,nan,0.016,nan,0.3,-1
9178,1718.57,2608.59,18.6063,0.0026,1.36,nan,0.023,nan,0.08,-1
9250,2122.92,1837.23,18.6618,0.0021,1.25,nan,0.018,nan,0.44,-1
9441,2007.3,2243.78,18.7747,0.0023,1.144,nan,0.013,nan,0.41,-1
9221,1884.62,2181.7,18.7707,0.0028,1.217,nan,0.024,nan,0.33,-1
8923,1846.41,2064.17,18.5111,0.0019,1.279,nan,0.019,nan,0.32,-1
8588,2006.29,2359.59,18.4784,0.0019,1.539,nan,0.022,nan,0.37,-1
9675,1731.9,1964.66,18.8401,0.0036,1.344,nan,0.056,nan,0.2,-1
8920,2208.5,2447.56,18.629,0.002,1.197,nan,0.022,nan,0.23,-1
9826,1864.48,2272.73,18.5098,0.0043,1.58,nan,0.033,nan,0.17,-1
9002,2237.28,2114.36,18.6134,0.003,1.276,nan,0.022,nan,0.1,-1
7960,1417.05,2234.64,18.3536,0.0018,1.597,nan,0.02,nan,0.38,-1
9063,2259.44,2539.17,18.716,0.0032,1.266,nan,0.015,nan,0.15,-1
9201,1518.38,2516.97,18.7561,0.0022,1.103,nan,0.015,nan,0.17,-1
9133,2024.48,2153.41,18.6511,0.002,1.305,nan,0.02,nan,0.44,-1
8874,2294.83,2375.46,18.5591,0.0018,1.386,nan,0.017,nan,0.51,-1
9080,1632.34,2388.46,18.9851,0.0034,1.204,nan,0.016,nan,0.5,-1
9477,1479.61,2386.16,18.8414,0.0069,1.301,nan,0.021,nan,0.36,-1
9256,1912.5,2680.72,18.7353,0.0022,1.167,nan,0.016,nan,0.42,-1
9148,1885.11,1904.47,18.8089,0.0028,1.069,nan,0.015,nan,0.19,-1
8270,1418.63,2144.75,18.4775,0.0026,1.375,nan,0.02,nan,0.39,-1
8726,2425.26,2467.08,18.7024,0.0021,1.136,nan,0.026,nan,0.06,-1
8892,1878.26,2800.15,18.6317,0.0019,1.292,nan,0.018,nan,0.12,-1
9126,2112.08,2589.71,18.7102,0.0021,1.17,nan,0.018,nan,0.41,-1
9234,2419.63,2078.53,18.7965,0.0027,1.103,nan,0.019,nan,0.44,-1
9066,1619.04,2420.63,18.6574,0.0024,1.211,nan,0.015,nan,0.09,-1
9145,1660.41,2093.62,18.672,0.0025,1.373,nan,0.018,nan,0.44,-1
9491,2046.85,1639.5,18.7037,0.0023,1.18,nan,0.018,nan,0.35,-1
9186,2098.24,2332.05,18.6982,0.0025,1.233,nan,0.015,nan,0.32,-1
9078,1479.22,2473.86,18.7082,0.0023,1.19,nan,0.016,nan,0.42,-1
9213,1588.93,2390.48,18.7129,0.0022,1.353,nan,0.017,nan,0.44,-1
9216,1397.22,2103.49,18.682,0.002,1.349,nan,0.017,nan,0.86,-1
9227,2446.12,2260.68,18.5587,0.0021,1.427,nan,0.016,nan,0.28,-1
7869,2390.36,2030.62,18.2867,0.0018,1.847,nan,0.026,nan,0.26,-1
9106,1851.33,2530.21,18.705,0.0021,1.297,nan,0.019,nan,0.33,-1
9380,1598.63,1947.51,18.7147,0.0024,1.23,nan,0.017,nan,0.24,-1
9414,1678.07,2325.12,18.7237,0.0023,1.293,nan,0.017,nan,0.37,-1
9464,2011.79,2444.47,18.725,0.0021,1.243,nan,0.019,nan,0.41,-1
9556,1586.21,1957.65,18.7797,0.0024,1.223,nan,0.02,nan,0.5,-1
8516,1335.04,2111.41,18.5285,0.0018,1.534,nan,0.022,nan,0.4,-1
9384,1924.32,2191.42,18.7222,0.0021,1.215,nan,0.021,nan,0.57,-1
9025,1440.2,1919.18,18.6788,0.0023,1.309,nan,0.028,nan,0.32,-1
8794,2439.82,2018.78,18.5756,0.0028,1.407,nan,0.016,nan,0.05,-1
9269,2181.8,2117.45,18.7809,0.0026,1.211,nan,0.019,nan,0.37,-1
9093,2219.05,2361.51,18.6152,0.0031,1.275,nan,0.02,nan,0.36,-1
9235,1580.51,1750.27,18.6678,0.0021,1.31,nan,0.022,nan,0.31,-1
9252,1774.39,1966.21,18.6921,0.0023,1.334,nan,0.017,nan,0.42,-1
8860,1885.67,2237.39,18.7293,0.0021,1.222,nan,0.022,nan,0.42,-1
9363,1942.24,1822.38,18.8691,0.0027,1.127,nan,0.015,nan,0.29,-1
7017,1566.43,2494.03,18.1885,0.0017,2.024,nan,0.062,nan,0.5,-1
9519,1835.06,2363.18,18.7499,0.0023,1.183,nan,0.018,nan,0.25,-1
9337,2261.51,1908.15,18.6771,0.0022,1.318,nan,0.019,nan,0.43,-1
9265,1654.11,1927.72,18.698,0.0023,1.304,nan,0.021,nan,0.21,-1
9484,2340.65,2513.16,18.781,0.0026,1.298,nan,0.018,nan,0.41,-1
9125,1682.31,2709.22,18.7625,0.0021,1.25,nan,0.016,nan,0.24,-1
9792,1797.8,1765.51,18.7981,0.0028,1.591,nan,0.022,nan,0.34,-1
9466,2136.87,2538.51,18.8024,0.0021,1.223,nan,0.018,nan,0.33,-1
9236,2350.64,2591.76,18.7568,0.0024,1.328,nan,0.017,nan,0.45,-1
9440,1763.74,1666.46,18.7785,0.0023,1.239,nan,0.019,nan,0.31,-1
9452,2269.36,2025.74,18.8551,0.0029,1.188,nan,0.019,nan,0.11,-1
9490,2271.32,2004.61,18.6597,0.0023,1.279,nan,0.02,nan,0.26,-1
9518,1894.5,2531.26,18.5195,0.0032,1.461,nan,0.046,nan,0.33,-1
8808,1448.19,1947.46,18.5706,0.0029,1.405,nan,0.039,nan,0.58,-1
9663,1750.17,2060.17,18.8504,0.0028,1.239,nan,0.015,nan,0.14,-1
9332,1977.47,2602.38,18.8012,0.0025,1.244,nan,0.017,nan,0.32,-1
9946,2076.11,2142.08,18.8315,0.0033,1.304,nan,0.018,nan,0.34,-1
9523,1358.45,2185.71,18.8397,0.0029,1.189,nan,0.024,nan,0.26,-1
9202,1910.35,2303.68,18.7307,0.0027,1.257,nan,0.023,nan,0.07,-1
9915,1360.57,2197.73,18.8126,0.0027,1.214,nan,0.022,nan,0.42,-1
8914,2316.99,2371.1,18.6219,0.0019,1.422,nan,0.021,nan,0.36,-1
9401,2359.99,2080.46,18.7301,0.0027,1.365,nan,0.022,nan,0.55,-1
9670,2239.72,1834.84,18.9612,0.0041,1.052,nan,0.016,nan,0.39,-1
9526,1384.77,2188.17,18.8821,0.0028,1.196,nan,0.018,nan,0.15,-1
9689,1739.86,2405.64,18.8962,0.0028,1.213,nan,0.018,nan,0.46,-1
9394,2382.49,2303.2,18.8033,0.0021,1.264,nan,0.018,nan,0.25,-1
8989,1516.16,1954.05,18.8324,0.0028,1.12,nan,0.039,nan,0.51,-1
9149,1976.27,1778.5,18.7574,0.0025,1.366,nan,0.023,nan,0.42,-1
9768,1552.35,2057.37,18.9026,0.0029,1.166,nan,0.031,nan,0.36,-1
9497,1612.46,2397.63,18.867,0.0024,1.079,nan,0.016,nan,0.43,-1
9251,2031.6,1970.55,18.779,0.0046,1.438,nan,0.021,nan,0.28,-1
9027,1994.14,2484.22,18.6852,0.0024,1.588,nan,0.021,nan,0.82,-1
9247,1970.4,1850.56,18.725,0.0022,1.431,nan,0.022,nan,0.51,-1
9972,1821.1,2344.21,18.8967,0.0028,1.235,nan,0.017,nan,0.28,-1
9200,2229.36,2155.23,18.6919,0.0026,1.455,nan,0.043,nan,0.45,-1
10751,1671.63,2314.31,18.9291,0.0035,1.398,nan,0.019,nan,0.24,-1
9430,1481.54,2295.43,18.9279,0.0024,1.304,nan,0.018,nan,0.19,-1
9324,1681.71,2670.89,18.7882,0.0024,1.31,nan,0.019,nan,0.35,-1
9740,1833.23,1994.67,18.901,0.0026,1.318,nan,0.02,nan,0.52,-1
9513,1743.46,2573.44,18.9922,0.0029,1.077,nan,0.02,nan,0.21,-1
9509,2049.91,1916.23,18.8152,0.003,1.346,nan,0.018,nan,0.27,-1
9369,2034.45,2359.69,18.7739,0.0022,1.231,nan,0.024,nan,0.12,-1
10098,2250.79,2616.07,18.9111,0.0026,1.215,nan,0.017,nan,0.32,-1
9986,1556.48,2143.57,18.9535,0.0034,1.269,nan,0.014,nan,0.41,-1
9059,1926.27,2338.33,18.8948,0.0028,1.203,nan,0.032,nan,0.68,-1
9418,1553.04,1774.61,18.8873,0.0028,1.242,nan,0.019,nan,0.46,-1
9515,1667.99,1956.37,18.7693,0.0025,1.469,nan,0.023,nan,0.79,-1
9115,2032.44,1829.98,18.8112,0.0029,1.148,nan,0.028,nan,0.06,-1
9455,2332.9,1946.21,18.8497,0.0025,1.405,nan,0.025,nan,0.15,-1
9813,1442.65,2415.05,18.9479,0.0025,1.317,nan,0.02,nan,0.16,-1
9889,2484.18,2325.87,18.9666,0.0029,1.157,nan,0.019,nan,0.11,-1
9914,1504.44,1928.85,18.9093,0.0025,1.202,nan,0.017,nan,0.32,-1
9827,1927.27,2203.68,18.8891,0.0025,1.176,nan,0.022,nan,0.24,-1
9549,1987.21,1884.9,18.756,0.0023,1.36,nan,0.022,nan,0.45,-1
10218,2357.79,1861.26,18.9576,0.0029,1.262,nan,0.017,nan,0.39,-1
9574,1390.06,2329.54,18.872,0.0028,1.337,nan,0.023,nan,0.43,-1
10209,2327.94,2627.84,18.9374,0.0024,1.243,nan,0.018,nan,0.7,-1
9997,1730.7,2418.22,18.9821,0.0026,1.254,nan,0.02,nan,0.3,-1
9998,2353.74,2015.23,19.0471,0.003,1.084,nan,0.017,nan,0.24,-1
9426,1709.06,2327.12,18.7915,0.0025,1.425,nan,0.023,nan,0.4,-1
9739,2310.58,2559.87,18.814,0.0037,1.458,nan,0.027,nan,0.34,-1
9371,2338.68,2625.9,18.8076,0.0024,1.412,nan,0.019,nan,0.29,-1
10058,1855.82,2192.05,18.8952,0.0026,1.264,nan,0.02,nan,0.43,-1
9343,2357.17,2308.15,18.7849,0.003,1.434,nan,0.016,nan,0.44,-1
8016,2320.55,1794.31,18.339,0.0016,1.606,nan,0.022,nan,0.25,-1
8138,2132.61,1709.14,18.4284,0.0022,1.771,nan,0.031,nan,0.2,-1
10113,2049.34,1990.47,18.9653,0.0026,1.297,nan,0.023,nan,0.49,-1
10609,1370.02,2307.52,19.0608,0.0038,1.328,nan,0.033,nan,0.35,-1
9527,2028.16,1736.38,18.9451,0.0032,1.076,nan,0.057,nan,0.17,-1
9626,2150.15,2734.52,18.8502,0.0023,1.303,nan,0.02,nan,0.1,-1
10001,1462.79,1902.99,19.0583,0.0062,1.272,nan,0.019,nan,0.15,-1
9757,2159.54,2115.35,19.0584,0.0062,1.254,nan,0.036,nan,0.49,-1
10076,1631.71,2180.47,18.9933,0.0031,1.352,nan,0.019,nan,0.38,-1
9569,1721.94,1919.54,19.2968,0.0063,1.434,nan,0.027,nan,0.31,-1
8452,1741.15,2675.79,18.658,0.0022,1.613,nan,0.028,nan,0.35,-1
9511,2005.86,2473.2,18.8512,0.0022,1.477,nan,0.029,nan,0.52,-1
9594,1843.26,2515.15,18.9234,0.0025,1.31,nan,0.024,nan,0.23,-1
9240,2138.65,2607.74,18.8426,0.0022,1.486,nan,0.029,nan,0.27,-1
9697,1945.48,2723.69,18.99,0.0026,1.224,nan,0.021,nan,0.37,-1
10312,1847.48,1744.31,19.0884,0.0032,1.356,nan,0.024,nan,0.63,-1
9741,1791.02,2248.74,18.9419,0.0028,1.371,nan,0.023,nan,0.39,-1
9229,1693.41,1830.67,18.8377,0.0024,1.558,nan,0.027,nan,0.43,-1
10551,1740.86,2285.03,19.1011,0.0032,1.222,nan,0.02,nan,0.44,-1
10078,1516.06,2332.66,18.9671,0.0029,1.516,nan,0.029,nan,0.12,-1
10042,1632.0,2233.45,18.97,0.0026,1.321,nan,0.02,nan,0.3,-1
9706,2244.45,1937.33,19.0039,0.0028,1.196,nan,0.033,nan,0.38,-1
10335,2275.9,1925.32,19.0002,0.0027,1.404,nan,0.02,nan,0.45,-1
10103,2225.39,2575.15,18.9507,0.0024,1.25,nan,0.021,nan,0.08,-1
10307,1508.85,2466.43,19.0306,0.003,1.27,nan,0.019,nan,0.58,-1
9857,2299.0,2134.81,18.9448,0.0037,1.406,nan,0.024,nan,0.32,-1
9647,2086.4,2167.34,18.8691,0.0027,1.352,nan,0.024,nan,0.26,-1
10106,1469.47,2169.79,19.0154,0.0031,1.353,nan,0.03,nan,0.08,-1
10311,2267.76,2238.35,19.1187,0.004,1.224,nan,0.018,nan,0.38,-1
9528,1561.74,2606.31,19.0633,0.0037,1.707,nan,0.049,nan,0.5,-1
9717,1897.41,1792.35,19.0229,0.0035,1.535,nan,0.022,nan,0.47,-1
9968,2064.41,2789.52,18.9636,0.0025,1.425,nan,0.023,nan,0.38,-1
9690,2117.05,2536.96,18.9136,0.002,1.503,nan,0.023,nan,0.5,-1
9917,2333.76,2351.73,18.9487,0.0028,1.424,nan,0.022,nan,0.43,-1
10306,1450.95,2144.09,19.0681,0.0033,1.249,nan,0.028,nan,0.32,-1
10328,1916.36,2000.62,19.1832,0.0035,1.055,nan,0.03,nan,0.2,-1
9316,1877.88,1942.01,18.7948,0.0023,1.561,nan,0.026,nan,0.28,-1
9931,1480.35,2229.92,19.0585,0.0029,1.283,nan,0.027,nan,0.47,-1
10251,1361.7,2372.46,19.0293,0.0026,1.184,nan,0.021,nan,0.49,-1
9709,1928.8,2579.02,19.0065,0.0026,1.471,nan,0.024,nan,0.51,-1
9800,1515.63,2290.97,19.0251,0.0028,1.328,nan,0.054,nan,0.44,-1
10047,2167.22,1781.99,19.1448,0.0035,1.148,nan,0.049,nan,0.25,-1
10397,1658.14,2529.3,19.0908,0.003,1.258,nan,0.029,nan,0.22,-1
10857,2303.04,1833.18,19.1649,0.0034,1.5,nan,0.035,nan,0.48,-1
10658,1499.31,2399.63,19.1695,0.0029,1.264,nan,0.021,nan,0.45,-1
10279,1787.1,2233.32,19.1691,0.0085,1.537,nan,0.026,nan,0.24,-1
8559,2458.04,2050.19,18.6428,0.0033,1.637,nan,0.034,nan,0.23,-1
10781,1604.18,1809.43,19.0718,0.0035,1.354,nan,0.022,nan,0.46,-1
10292,1611.88,1865.39,18.819,0.0028,1.373,nan,0.024,nan,0.82,-1
9897,1669.83,2740.34,19.0628,0.0038,1.451,nan,0.022,nan,0.31,-1
10575,1640.02,2338.73,18.9955,0.003,1.27,nan,0.018,nan,0.58,-1
9858,2016.56,2312.33,19.0415,0.0028,1.386,nan,0.023,nan,0.38,-1
10559,1467.72,2233.32,19.1055,0.0029,1.212,nan,0.022,nan,0.42,-1
10232,2037.74,2681.46,19.1155,0.003,1.21,nan,0.016,nan,0.45,-1
10175,1560.31,2614.02,19.1558,0.004,1.568,nan,0.038,nan,0.07,-1
10243,1732.43,1996.42,19.1048,0.0037,1.436,nan,0.026,nan,0.55,-1
10169,1349.94,2032.83,19.1432,0.003,1.271,nan,0.02,nan,0.4,-1
10677,2144.28,1960.96,19.0997,0.0034,1.403,nan,0.024,nan,0.13,-1
10181,2471.87,2073.28,19.114,0.0032,1.383,nan,0.024,nan,0.54,-1
9838,1518.21,2251.63,19.0682,0.0028,1.528,nan,0.043,nan,0.15,-1
8357,1568.97,2459.29,18.6312,0.0022,2.063,nan,0.073,nan,0.38,-1
10230,1579.28,2304.93,19.1128,0.0035,1.519,nan,0.027,nan,0.54,-1
10578,1752.27,2360.13,19.1594,0.004,1.303,nan,0.02,nan,0.19,-1
9656,1990.55,2580.8,19.0697,0.003,1.454,nan,0.028,nan,0.2,-1
9830,2277.54,2314.67,18.9157,0.0039,1.692,nan,0.026,nan,0.23,-1
8831,1860.43,2671.82,18.8369,0.0025,1.68,nan,0.033,nan,0.42,-1
9648,1516.15,2279.44,19.6925,0.0062,1.72,nan,0.064,nan,0.24,-1
10271,1845.74,2384.2,19.217,0.0032,1.245,nan,0.023,nan,0.24,-1
10739,2311.75,2306.04,19.2196,0.0034,1.242,nan,0.023,nan,0.53,-1
10865,1975.84,2557.58,19.2039,0.0031,1.369,nan,0.024,nan,0.52,-1
10025,1598.76,1772.88,19.0652,0.003,1.514,nan,0.029,nan,0.2,-1
10851,1888.55,2045.37,19.2319,0.0036,1.31,nan,0.028,nan,0.29,-1
9711,1496.05,2541.84,19.1057,0.003,1.178,nan,0.027,nan,0.47,-1
10428,2001.02,2388.91,19.1098,0.0028,1.247,nan,0.029,nan,0.23,-1
9955,2194.97,2316.62,19.0044,0.0031,1.566,nan,0.028,nan,0.37,-1
10304,1933.76,1924.93,19.082,0.0028,1.497,nan,0.027,nan,0.19,-1
10364,1706.33,2491.59,19.161,0.003,1.332,nan,0.026,nan,0.08,-1
10634,1585.84,1978.72,19.192,0.0033,1.358,nan,0.026,nan,0.29,-1
10387,2270.42,2419.45,19.0635,0.0032,1.445,nan,0.034,nan,0.12,-1
10412,1949.69,2228.68,19.1608,0.0031,1.292,nan,0.028,nan,0.3,-1
10370,2039.7,2720.1,19.2206,0.0041,1.443,nan,0.029,nan,0.36,-1
10839,2069.12,1836.62,19.3186,0.0034,1.367,nan,0.023,nan,0.23,-1
10324,2175.01,2089.02,19.001,0.0031,1.52,nan,0.04,nan,0.52,-1
10267,2258.86,2595.61,19.1459,0.003,1.304,nan,0.04,nan,0.33,-1
10289,2055.04,2745.87,19.1736,0.0031,1.454,nan,0.032,nan,0.58,-1
10891,2110.8,2634.41,19.375,0.0034,1.27,nan,0.029,nan,0.5,-1
11200,1410.57,2320.52,20.1779,0.007,1.385,nan,0.032,nan,0.43,-1
10296,2263.37,2312.64,19.1541,0.0031,1.257,nan,0.036,nan,0.15,-1
10892,2281.0,1763.72,19.2983,0.0036,1.193,nan,0.024,nan,0.13,-1
10455,1887.52,2256.77,19.2144,0.0038,1.259,nan,0.03,nan,0.48,-1
10681,1882.64,2644.05,19.27,0.0029,1.453,nan,0.028,nan,0.5,-1
10165,2270.75,2139.76,19.3309,0.0044,1.048,nan,0.063,nan,0.35,-1
10703,2175.07,2441.04,19.291,0.004,1.297,nan,0.025,nan,0.33,-1
10520,1632.49,2211.56,19.1766,0.0029,1.43,nan,0.03,nan,0.39,-1
10680,1945.41,1906.35,19.1404,0.0031,1.453,nan,0.028,nan,0.53,-1
8750,2178.19,2362.66,18.5805,0.0021,1.839,nan,0.034,nan,0.46,-1
8552,1697.23,2270.04,18.7607,0.0059,1.774,nan,0.043,nan,0.41,-1
10910,1697.59,2485.93,19.3112,0.0039,1.283,nan,0.029,nan,0.46,-1
10860,1638.61,2525.14,19.2444,0.0033,1.344,nan,0.035,nan,0.46,-1
10795,1434.74,2405.86,19.2487,0.0031,1.307,nan,0.024,nan,0.24,-1
11052,2189.73,1778.09,19.1802,0.0041,1.349,nan,0.025,nan,0.27,-1
10719,1859.9,1767.28,19.2209,0.0032,1.402,nan,0.025,nan,0.12,-1
10840,2037.88,2075.17,19.3219,0.0041,1.119,nan,0.043,nan,0.28,-1
11025,1655.94,2003.45,19.3101,0.0035,1.247,nan,0.026,nan,0.28,-1
10333,1794.57,2606.16,19.3751,0.0048,1.004,nan,0.06,nan,0.13,-1
10779,2112.02,1963.25,19.2172,0.0033,1.43,nan,0.03,nan,0.22,-1
11014,2325.92,2588.39,19.1347,0.0032,1.371,nan,0.032,nan,0.72,-1
10404,1415.27,2216.67,19.2517,0.0038,1.425,nan,0.026,nan,0.33,-1
10775,2067.03,2659.18,19.4317,0.0037,1.125,nan,0.023,nan,0.55,-1
10954,1869.71,2656.36,19.3051,0.0029,1.303,nan,0.031,nan,0.43,-1
10729,1818.21,1675.65,19.3074,0.0038,1.156,nan,0.058,nan,0.54,-1
9037,1366.99,2032.66,18.8251,0.0027,1.613,nan,0.033,nan,0.34,-1
8538,1418.01,2357.81,18.9981,0.0041,1.822,nan,0.04,nan,0.5,-1
10143,1943.15,1718.2,19.1198,0.0039,1.619,nan,0.051,nan,0.52,-1
11082,1674.6,1882.81,19.3768,0.0032,1.372,nan,0.027,nan,0.24,-1
10727,2018.14,2538.43,19.3712,0.0035,1.277,nan,0.024,nan,0.48,-1
11213,1727.23,1891.96,19.3681,0.0037,1.388,nan,0.032,nan,0.22,-1
10302,1870.87,2228.51,19.3102,0.0043,1.391,nan,0.031,nan,0.34,-1
9310,2372.3,2510.21,18.8645,0.0024,1.624,nan,0.032,nan,0.32,-1
11154,1810.61,2030.61,19.3598,0.0036,1.242,nan,0.023,nan,0.24,-1
11162,2006.68,1888.81,19.2959,0.0033,1.352,nan,0.025,nan,0.42,-1
11062,2185.86,2366.96,19.3452,0.0039,1.248,nan,0.029,nan,0.09,-1
10945,2199.26,2274.16,19.3714,0.0045,1.365,nan,0.027,nan,0.16,-1
10532,2178.29,2742.49,19.2454,0.003,1.465,nan,0.028,nan,0.49,-1
10818,1814.53,2783.81,19.2961,0.0034,1.326,nan,0.025,nan,0.41,-1
10454,1954.62,2461.79,19.2962,0.0033,1.683,nan,0.04,nan,0.19,-1
10995,1976.17,2053.89,19.3208,0.004,1.351,nan,0.027,nan,0.52,-1
10887,2379.06,2221.27,19.2723,0.0036,1.319,nan,0.03,nan,0.51,-1
11191,2325.38,2557.72,19.2836,0.0035,1.424,nan,0.023,nan,0.44,-1
11148,1815.21,1784.44,19.3542,0.0034,1.401,nan,0.026,nan,0.3,-1
10977,2016.73,2186.08,19.3302,0.0038,1.473,nan,0.029,nan,0.48,-1
10716,1584.98,2130.45,19.2599,0.0035,1.394,nan,0.035,nan,0.5,-1
10826,1656.77,2614.23,19.372,0.0037,1.453,nan,0.031,nan,0.07,-1
10952,1600.8,2195.65,19.3166,0.0043,1.314,nan,0.025,nan,0.09,-1
9288,1954.05,2267.62,18.9267,0.0024,1.746,nan,0.042,nan,0.45,-1
10696,1950.98,2557.23,19.3119,0.0033,1.329,nan,0.029,nan,0.42,-1
10706,2123.25,2684.26,19.3443,0.0034,1.29,nan,0.025,nan,0.32,-1
10848,2330.65,1893.27,19.2072,0.0041,1.422,nan,0.026,nan,0.24,-1
11106,2450.62,2375.54,19.3724,0.0032,1.53,nan,0.03,nan,0.1,-1
11419,2263.92,1914.57,19.4663,0.0051,1.331,nan,0.03,nan,0.24,-1
10528,2142.84,2762.87,19.2554,0.0034,1.449,nan,0.029,nan,0.28,-1
10850,2217.16,2097.91,19.4618,0.0044,1.569,nan,0.046,nan,0.45,-1
11102,2139.34,1958.49,19.2908,0.0039,1.409,nan,0.044,nan,0.37,-1
11377,2026.94,2200.52,19.3815,0.0037,1.367,nan,0.024,nan,0.47,-1
11046,1863.88,2014.81,19.4473,0.0034,1.382,nan,0.025,nan,0.2,-1
11036,2231.45,2679.43,19.3859,0.0033,1.336,nan,0.028,nan,0.39,-1
10808,1387.77,2161.11,19.4309,0.0042,1.299,nan,0.025,nan,0.4,-1
11153,1900.3,1961.22,19.2225,0.0033,1.438,nan,0.026,nan,0.32,-1
10743,2014.53,1630.38,19.3068,0.0037,1.469,nan,0.035,nan,0.29,-1
10768,1771.29,1641.05,19.3127,0.0034,1.516,nan,0.033,nan,0.5,-1
11144,2313.7,2242.97,19.3542,0.0039,1.398,nan,0.031,nan,0.52,-1
11414,2080.45,1971.42,19.4392,0.0038,1.271,nan,0.031,nan,0.5,-1
10612,2360.82,2439.19,19.2833,0.0032,1.342,nan,0.038,nan,0.17,-1
11041,2272.63,2690.89,19.3489,0.0036,1.414,nan,0.027,nan,0.5,-1
11296,1642.29,2705.76,19.4623,0.0042,1.071,nan,0.04,nan,0.17,-1
11120,1987.99,2606.33,19.3626,0.0037,1.319,nan,0.028,nan,0.52,-1
11282,1652.8,1940.69,19.4707,0.004,1.36,nan,0.034,nan,0.46,-1
10880,2135.53,1779.7,19.4093,0.0041,1.456,nan,0.037,nan,0.2,-1
10897,2302.16,1858.78,19.3177,0.0036,1.506,nan,0.035,nan,0.08,-1
10900,1644.19,2484.89,19.2108,0.0037,1.461,nan,0.031,nan,0.44,-1
9969,1724.89,2184.89,19.0984,0.0031,1.685,nan,0.04,nan,0.1,-1
11121,1481.19,2250.44,19.4953,0.004,1.361,nan,0.029,nan,0.29,-1
11128,1612.84,2092.01,19.3033,0.0037,1.671,nan,0.041,nan,0.66,-1
11247,2464.81,2403.79,19.4544,0.0038,1.324,nan,0.025,nan,0.27,-1
11278,1533.76,1953.17,19.6207,0.006,1.409,nan,0.025,nan,0.18,-1
11098,1635.56,2597.84,19.4389,0.0037,1.34,nan,0.029,nan,0.55,-1
11374,2298.34,2271.07,19.3859,0.0039,1.385,nan,0.026,nan,0.52,-1
11206,1527.87,1769.4,19.5108,0.0042,1.049,nan,0.029,nan,0.49,-1
11354,2493.61,2296.43,19.5132,0.004,1.285,nan,0.027,nan,0.39,-1
11757,1839.87,2255.48,19.4851,0.0044,1.403,nan,0.03,nan,0.2,-1
10742,1901.51,2426.11,19.3695,0.0061,1.501,nan,0.036,nan,0.41,-1
11393,1894.81,2666.84,19.5464,0.0035,1.554,nan,0.036,nan,0.53,-1
9992,1363.75,2083.32,19.4011,0.007,1.509,nan,0.066,nan,0.26,-1
11362,2291.92,2264.88,19.3965,0.0041,1.366,nan,0.029,nan,0.19,-1
11238,1552.26,2354.34,19.5121,0.0043,1.331,nan,0.03,nan,0.44,-1
11530,1853.41,2513.63,19.5001,0.0039,1.336,nan,0.03,nan,0.27,-1
11469,2380.0,1941.05,19.5177,0.0045,1.25,nan,0.029,nan,0.32,-1
11341,2402.75,2029.54,19.462,0.004,1.446,nan,0.035,nan,0.43,-1
11390,1608.48,1826.49,19.6796,0.005,1.198,nan,0.039,nan,0.47,-1
11443,1836.63,1947.43,19.6003,0.0043,1.086,nan,0.025,nan,0.48,-1
11097,1709.52,2238.84,19.5159,0.0054,1.497,nan,0.032,nan,0.14,-1
11202,1469.65,2519.46,19.3629,0.0042,1.519,nan,0.034,nan,0.25,-1
11287,2176.63,1827.06,19.4779,0.0041,1.405,nan,0.03,nan,0.31,-1
11561,1351.06,2240.77,19.4801,0.004,1.401,nan,0.038,nan,0.54,-1
11326,1600.74,2320.98,19.5386,0.0045,1.261,nan,0.03,nan,0.37,-1
11399,1998.85,2533.26,19.5313,0.0037,1.387,nan,0.026,nan,0.22,-1
11172,1775.63,2194.86,19.5186,0.0041,1.318,nan,0.03,nan,0.39,-1
11267,1420.01,2097.78,19.4194,0.0044,1.313,nan,0.043,nan,0.58,-1
11645,2106.97,2460.57,19.5125,0.0045,1.392,nan,0.032,nan,0.44,-1
11194,2121.87,2333.42,19.4148,0.0038,1.518,nan,0.026,nan,0.33,-1
11575,1356.36,2270.21,19.5516,0.0044,1.331,nan,0.032,nan,0.1,-1
10732,2472.7,2215.5,19.3853,0.004,1.564,nan,0.078,nan,0.54,-1
11408,1916.58,2200.1,19.5649,0.0044,1.445,nan,0.067,nan,0.39,-1
11689,1421.43,2157.12,19.6102,0.005,1.393,nan,0.033,nan,0.16,-1
11397,2251.87,2431.12,19.5057,0.0041,1.365,nan,0.033,nan,0.37,-1
11143,2270.11,1974.03,19.5088,0.0049,1.315,nan,0.029,nan,0.42,-1
11310,1462.26,1927.4,19.5216,0.0049,1.399,nan,0.031,nan,0.45,-1
11528,1905.08,2227.27,19.5806,0.0042,1.332,nan,0.031,nan,0.18,-1
11317,1875.27,1888.61,19.7584,0.0048,1.088,nan,0.049,nan,0.29,-1
11565,2225.59,2218.53,19.5682,0.0042,1.341,nan,0.032,nan,0.53,-1
10941,2059.4,2369.94,19.509,0.0046,1.442,nan,0.038,nan,0.51,-1
10962,2322.92,2332.61,19.522,0.0043,1.258,nan,0.077,nan,0.5,-1
11512,1435.36,1869.65,19.5694,0.0044,1.269,nan,0.032,nan,0.47,-1
11950,2060.48,2782.3,19.6302,0.0045,1.438,nan,0.027,nan,0.24,-1
11358,1713.35,1857.64,19.5146,0.004,1.406,nan,0.032,nan,0.18,-1
11195,2056.31,1646.69,19.5407,0.0043,1.448,nan,0.04,nan,0.54,-1
11656,1570.17,2405.53,19.6539,0.0043,1.58,nan,0.062,nan,0.15,-1
11859,1751.26,2580.89,19.7009,0.0045,1.405,nan,0.036,nan,0.48,-1
11841,2043.34,2076.4,19.6341,0.0062,1.179,nan,0.027,nan,0.49,-1
11415,1684.69,2316.76,19.5484,0.0045,1.335,nan,0.036,nan,0.46,-1
11788,1534.6,2193.85,19.6229,0.0045,1.427,nan,0.044,nan,0.51,-1
11677,2046.04,2037.82,19.6148,0.0045,1.382,nan,0.031,nan,0.1,-1
11474,2129.36,1973.39,19.4726,0.0037,1.386,nan,0.033,nan,0.44,-1
11848,2257.68,1984.72,19.7435,0.0055,1.039,nan,0.031,nan,0.34,-1
11798,1823.59,2278.74,19.6129,0.0044,1.4,nan,0.036,nan,0.56,-1
11776,1845.32,2087.59,19.5954,0.0046,1.336,nan,0.038,nan,0.53,-1
12107,1563.16,2170.43,19.6335,0.0046,1.28,nan,0.032,nan,0.07,-1
11946,2020.53,2446.11,19.7026,0.004,1.385,nan,0.045,nan,0.3,-1
11984,1577.69,2456.61,19.7006,0.0045,1.483,nan,0.037,nan,0.51,-1
11989,1410.58,2030.22,19.8365,0.0079,1.364,nan,0.039,nan,0.28,-1
11869,2059.57,2360.16,19.6763,0.0047,1.313,nan,0.039,nan,0.16,-1
12173,1465.19,2374.82,19.7909,0.0052,1.304,nan,0.039,nan,0.21,-1
12079,2338.68,2250.94,19.7554,0.0051,1.385,nan,0.039,nan,0.16,-1
11769,2324.56,1973.69,19.6875,0.0047,1.564,nan,0.041,nan,0.36,-1
12135,1591.25,1962.38,19.8198,0.0056,1.299,nan,0.043,nan,0.54,-1
12026,2333.57,2462.66,19.7544,0.005,1.414,nan,0.037,nan,0.53,-1
12255,1545.13,2464.76,19.9038,0.0061,1.427,nan,0.038,nan,0.51,-1
11914,1981.06,1743.83,19.6693,0.0047,1.648,nan,0.062,nan,0.54,-1
11140,1963.5,1900.56,19.7667,0.0045,1.389,nan,0.044,nan,0.24,-1
12207,2244.69,2361.13,19.82,0.0058,1.218,nan,0.06,nan,0.2,-1
12073,2190.79,2089.79,19.7545,0.0068,1.2,nan,0.046,nan,0.53,-1
12132,2236.13,2367.64,19.8466,0.0052,1.455,nan,0.05,nan,0.32,-1
12330,1434.68,2031.74,19.9147,0.0053,1.357,nan,0.073,nan,0.5,-1
7661,1730.25,2600.23,18.1452,0.0015,1.264,nan,0.014,nan,0.24,-1
6756,2152.04,2574.4,17.9184,0.0015,1.17,nan,0.012,nan,0.47,-1
9582,2305.2,2559.79,18.8393,0.0036,1.414,nan,0.027,nan,0.39,-1
