ID,x,y,V,Verr,BV,BVerr,UB,UBerr,VR,VRerr,VI,VIerr
1,130.058,1734.94,10.433,0.004,1.15,0.006,0.9,0.004,0.523,0.01,1.041,0.01
2,381.291,1512.02,10.989,0.003,0.709,0.004,0.216,0.002,0.356,0.006,0.705,0.005
3,669.11,1939.84,11.477,0.007,1.798,0.008,1.932,0.011,0.932,0.01,1.854,0.01
4,175.325,1445.25,12.189,0.004,0.232,0.005,0.265,0.003,0.088,0.006,0.198,0.007
5,908.398,804.426,12.295,0.002,1.852,0.005,1.787,0.015,1.421,0.01,3.324,0.004
76,1742.59,294.306,14.925,0.008,1.27,0.021,99,99,0.666,0.012,1.303,0.012
7,664.707,680.018,12.517,0.002,1.957,0.005,1.981,0.019,1.433,0.003,3.343,0.007
8,1615.41,844.588,12.735,0.003,0.602,0.005,0.083,0.005,0.343,0.004,0.642,0.006
9,1271.08,874.533,12.96,0.003,1.173,0.006,0.809,0.009,0.625,0.004,1.219,0.006
10,932.797,281.423,12.992,0.012,1.459,0.025,99,99,0.946,0.014,1.965,0.013
11,721.918,370.488,13.11,0.003,0.572,0.005,0.43,0.006,0.327,0.004,0.669,0.006
12,1026.06,612.983,13.144,0.003,1.19,0.006,0.797,0.008,0.636,0.004,1.253,0.005
13,696.859,1589.79,13.205,0.004,1.953,0.005,2.234,0.04,1.13,0.004,2.378,0.005
14,1280.76,1009.95,13.295,0.003,0.685,0.005,0.117,0.006,0.395,0.004,0.764,0.005
15,510.069,1400.68,13.386,0.004,0.428,0.005,0.108,0.003,0.248,0.005,0.48,0.005
16,1691.92,735.372,13.412,0.004,0.697,0.007,0.216,0.008,0.383,0.005,0.72,0.008
17,1058.09,39.624,13.462,0.004,1.35,0.007,1.112,0.013,0.727,0.005,1.451,0.007
18,758.946,42.353,13.493,0.004,0.569,0.006,0.078,0.006,0.309,0.005,0.622,0.007
19,1472.81,569.666,13.548,0.004,0.475,0.006,0.146,0.007,0.267,0.006,0.526,0.008
20,1141.68,295.624,13.549,0.003,0.603,0.006,0.148,0.007,0.342,0.005,0.675,0.007
21,828.766,32.185,13.565,0.004,0.805,0.006,0.381,0.007,0.432,0.005,0.825,0.008
22,1808.66,1021.95,13.609,0.004,1.076,0.006,0.841,0.01,0.581,0.006,1.11,0.007
23,1017.34,897.871,13.644,0.004,1.842,0.007,2.15,0.067,1.022,0.005,2.032,0.006
24,916.643,1022.83,13.677,0.002,1.405,0.004,1.23,0.015,0.759,0.003,1.475,0.004
25,1462.61,1498.23,13.683,0.004,1.729,0.006,1.902,0.033,0.945,0.005,1.843,0.006
26,1981.49,1655.19,13.743,0.005,0.53,0.007,0.269,0.006,0.301,0.007,0.585,0.007
27,1574.46,76.18,13.764,0.005,0.405,0.007,0.184,0.008,0.222,0.007,0.446,0.009
28,1789.4,1817.46,13.803,0.006,0.602,0.007,0.075,0.006,0.336,0.007,0.652,0.009
29,934.418,922.371,13.858,0.004,0.702,0.007,0.13,0.007,0.422,0.005,0.841,0.007
30,1928.91,934.632,13.879,0.005,0.472,0.008,0.189,0.008,0.274,0.007,0.548,0.009
31,209.283,1746.68,13.904,0.007,0.714,0.008,0.157,0.006,0.385,0.009,0.76,0.01
32,695.751,166.389,13.906,0.005,0.795,0.008,0.293,0.009,0.427,0.007,0.834,0.008
33,1391.34,464.201,13.983,0.005,0.526,0.008,-0.01,0.008,0.32,0.007,0.637,0.009
34,468.626,1688.22,13.994,0.005,0.616,0.006,0.128,0.005,0.36,0.007,0.715,0.007
35,753.963,1621.71,14.008,0.004,1.373,0.006,1.294,0.021,0.73,0.005,1.388,0.006
36,522.61,918.175,14.057,0.004,1.309,0.006,0.979,0.017,0.716,0.005,1.414,0.007
37,1708.24,1856.59,14.058,0.005,0.548,0.007,0.229,0.006,0.342,0.006,0.67,0.008
38,1608.79,1082.05,14.077,0.004,0.541,0.006,0.207,0.007,0.319,0.005,0.635,0.007
39,1071.2,1935.14,14.086,0.007,1.312,0.012,1.055,0.031,0.698,0.008,1.378,0.012
40,1623.74,679.06,14.196,0.005,0.977,0.008,0.624,0.014,0.539,0.007,1.031,0.009
41,467.675,478.148,14.215,0.005,1.883,0.007,99,99,1.051,0.006,2.123,0.007
42,1480.81,317.297,14.255,0.005,0.664,0.008,0.261,0.01,0.392,0.007,0.793,0.009
43,1795.78,1701.61,14.294,0.005,1.088,0.007,0.654,0.012,0.598,0.007,1.168,0.008
44,286.081,1085.31,14.304,0.004,0.707,0.006,0.201,0.008,0.388,0.006,0.749,0.005
45,1031.02,1762.02,14.338,0.004,1.276,0.006,1.083,0.023,0.684,0.004,1.319,0.007
46,1571.2,1861.58,14.375,0.004,1.635,0.007,1.641,0.053,0.893,0.005,1.739,0.007
47,132.852,84.914,14.386,0.009,1.302,0.014,1.023,0.027,0.685,0.011,1.452,0.012
48,941.505,1297.93,14.391,0.003,1.295,0.006,1.057,0.021,0.702,0.004,1.36,0.005
49,1127.29,339.694,14.391,0.005,0.637,0.008,0.154,0.01,0.383,0.007,0.787,0.009
50,1120.5,979.333,14.415,0.004,0.933,0.007,0.625,0.012,0.539,0.006,1.028,0.008
51,470.987,660.116,14.424,0.005,1.677,0.008,1.743,0.072,0.921,0.007,1.808,0.007
52,409.565,161.337,14.442,0.006,0.526,0.008,0.046,0.01,0.279,0.008,0.601,0.008
53,1743.06,584.925,14.475,0.006,1.823,0.01,99,99,0.994,0.008,1.97,0.009
54,343.003,1663.85,14.484,0.006,0.673,0.007,0.082,0.01,0.376,0.007,0.735,0.01
55,1232.56,1949.92,14.496,0.007,0.698,0.009,0.125,0.008,0.409,0.011,0.772,0.014
56,1661.51,540.711,14.511,0.005,0.616,0.008,0.149,0.009,0.359,0.007,0.724,0.008
57,372.213,1251.46,14.535,0.005,0.757,0.006,0.253,0.009,0.418,0.006,0.801,0.007
58,1637.54,585.12,14.565,0.005,1.396,0.008,1.306,0.039,0.731,0.007,1.432,0.009
59,1252.3,563.523,14.571,0.005,0.612,0.008,0.18,0.008,0.354,0.007,0.714,0.008
60,36.592,812.02,14.604,0.007,1.952,0.01,99,99,1.276,0.009,2.958,0.009
61,1794.52,1901.54,14.614,0.004,0.659,0.006,0.076,0.008,0.369,0.006,0.724,0.007
62,456.62,1283.86,14.628,0.005,0.585,0.006,-0.299,0.005,0.377,0.007,0.767,0.007
63,1920.65,465.852,14.631,0.006,1.387,0.009,1.144,0.033,0.766,0.008,1.521,0.009
64,1749.02,615.895,14.638,0.005,0.584,0.008,0.078,0.01,0.336,0.007,0.676,0.009
65,1232.81,229.157,14.669,0.005,0.602,0.008,0.377,0.011,0.345,0.007,0.709,0.008
66,519.319,1282.69,14.716,0.004,0.776,0.006,0.314,0.009,0.434,0.006,0.819,0.006
67,805.604,288.3,14.724,0.005,1.483,0.008,99,99,0.783,0.007,1.523,0.008
68,467.106,1611.91,14.802,0.006,0.895,0.007,0.379,0.014,0.494,0.008,0.966,0.008
69,463.151,1172.82,14.837,0.004,1.422,0.006,99,99,0.759,0.006,1.473,0.006
70,185.944,1213.52,14.841,0.005,0.784,0.007,0.188,0.011,0.441,0.007,0.863,0.008
71,869.679,57.054,14.841,0.005,0.633,0.008,0.052,0.01,0.36,0.007,0.725,0.008
72,1379.85,1191.66,14.872,0.003,1.434,0.007,1.307,0.049,0.796,0.005,1.55,0.005
73,1060.04,768.872,14.883,0.005,1.725,0.009,99,99,0.94,0.007,1.842,0.009
74,1629.11,1527.68,14.889,0.004,1.458,0.007,1.25,0.048,0.817,0.006,1.614,0.007
75,655.033,403.103,14.919,0.004,0.752,0.006,0.216,0.011,0.421,0.006,0.841,0.007
77,1039.07,647.049,14.961,0.005,0.928,0.008,0.377,0.015,0.528,0.007,1.055,0.008
78,1398.28,1983.97,15.006,0.004,0.829,0.006,0.36,0.016,0.473,0.005,0.886,0.006
906,118.27,1404.33,18.534,0.034,0.887,0.056,99,99,0.592,0.04,1.13,0.05
80,797.172,161.326,15.05,0.005,0.698,0.008,0.206,0.012,0.399,0.007,0.829,0.008
81,1187.52,891.451,15.071,0.005,0.712,0.008,0.136,0.016,0.417,0.007,0.839,0.008
82,1877.93,1767.09,15.115,0.005,0.734,0.008,0.18,0.013,0.42,0.007,0.813,0.008
83,1370.66,1619.28,15.127,0.006,0.728,0.008,0.199,0.013,0.414,0.007,0.792,0.008
84,2020.49,727.029,15.13,0.006,0.445,0.009,0.157,0.018,0.444,0.009,0.933,0.01
85,852.498,148.687,15.137,0.005,0.551,0.008,0.369,0.013,0.3,0.007,0.641,0.008
86,1530.48,1636.38,15.151,0.004,1.313,0.007,1.016,0.039,0.714,0.005,1.397,0.007
87,788.73,1245.07,15.153,0.004,0.89,0.006,0.324,0.016,0.507,0.005,0.995,0.006
88,1210.52,732.681,15.169,0.013,0.619,0.019,0.145,0.02,0.37,0.018,0.637,0.016
89,1240.61,15.656,15.176,0.005,0.742,0.008,0.247,0.017,0.416,0.008,0.829,0.009
90,1551.97,1364.04,15.178,0.004,1.202,0.008,0.861,0.027,0.679,0.005,1.326,0.007
91,665.877,644.265,15.236,0.005,0.821,0.008,0.302,0.016,0.496,0.007,0.99,0.008
92,1489.64,574.766,15.241,0.005,0.62,0.008,0.183,0.012,0.363,0.008,0.732,0.008
93,1002.98,962.063,15.242,0.005,0.697,0.009,0.174,0.017,0.407,0.007,0.814,0.008
94,984.246,780.032,15.262,0.005,1.277,0.009,0.967,0.051,0.7,0.007,1.378,0.008
95,1786.69,963.253,15.269,0.006,1.301,0.01,1.048,0.047,0.737,0.008,1.455,0.008
96,844.854,649.352,15.271,0.004,1.166,0.007,0.727,0.035,0.676,0.006,1.357,0.007
97,1349.3,1163.41,15.28,0.004,1.281,0.008,0.951,0.035,0.717,0.006,1.401,0.007
98,1501.99,1292.83,15.281,0.004,0.282,0.006,0.29,0.011,0.154,0.006,0.332,0.007
99,928.846,494.786,15.293,0.006,0.749,0.009,0.204,0.016,0.447,0.008,0.904,0.008
100,1698.08,1932.38,15.301,0.005,1.444,0.009,1.138,0.055,0.802,0.006,1.581,0.008
101,1949.13,1145.87,15.307,0.005,1.655,0.009,99,99,0.914,0.007,1.778,0.008
102,196.443,1780.17,15.329,0.008,0.731,0.01,0.213,0.015,0.429,0.01,0.897,0.012
103,111.445,454.449,15.343,0.008,0.74,0.01,0.247,0.02,0.422,0.011,0.87,0.011
104,727.971,1461.2,15.345,0.004,1.483,0.007,1.226,0.062,0.807,0.005,1.582,0.006
105,183.507,442.997,15.369,0.008,1.159,0.011,0.793,0.052,0.62,0.01,1.263,0.01
106,1830.44,942.497,15.373,0.006,1.897,0.011,99,99,1.083,0.008,2.211,0.01
107,1748.68,943.069,15.386,0.005,0.689,0.009,0.169,0.017,0.406,0.008,0.806,0.009
108,772.846,818.785,15.394,0.005,1.232,0.008,0.841,0.047,0.681,0.007,1.335,0.008
109,664.902,472.181,15.394,0.005,0.959,0.008,0.707,0.027,0.561,0.007,1.043,0.008
110,1820.36,470.816,15.405,0.014,0.649,0.019,0.153,0.018,0.398,0.019,0.773,0.023
111,1040.17,620.753,15.405,0.004,0.621,0.007,0.19,0.014,0.37,0.006,0.761,0.007
112,1237.35,379.461,15.418,0.005,1.012,0.009,0.482,0.023,0.579,0.008,1.176,0.008
113,1060.8,394.392,15.433,0.005,0.805,0.008,0.383,0.027,0.441,0.007,0.833,0.008
114,839.49,1364.29,15.444,0.006,0.722,0.009,0.217,0.014,0.437,0.008,0.871,0.01
115,774.18,1377.12,15.459,0.004,0.807,0.006,0.354,0.021,0.465,0.005,0.886,0.006
116,916.116,1749.88,15.459,0.005,0.683,0.007,0.094,0.013,0.4,0.006,0.79,0.008
117,201.537,106.217,15.462,0.009,0.673,0.012,0.16,0.016,0.35,0.012,0.787,0.013
118,1704.23,535.455,15.463,0.006,0.679,0.009,0.041,0.019,0.405,0.008,0.837,0.01
119,1463.46,484.389,15.482,0.005,0.668,0.008,0.148,0.016,0.387,0.008,0.771,0.009
120,1775.92,606.158,15.506,0.006,0.956,0.01,0.535,0.026,0.582,0.01,1.101,0.01
121,1826.71,1539.1,15.509,0.005,0.83,0.009,0.387,0.022,0.458,0.006,0.866,0.008
122,1024.58,1571.03,15.52,0.004,1.206,0.007,0.65,0.035,0.664,0.005,1.311,0.006
123,874.228,734.322,15.526,0.005,0.7,0.008,0.234,0.017,0.412,0.006,0.824,0.008
124,1187.62,852.53,15.539,0.006,1.606,0.012,99,99,0.897,0.008,1.747,0.009
125,586.547,46.536,15.542,0.006,1.327,0.009,99,99,0.726,0.008,1.497,0.009
126,1134.46,687.855,15.553,0.005,1.14,0.009,0.672,0.036,0.639,0.007,1.274,0.008
127,1142.33,1619.59,15.564,0.004,0.838,0.007,0.323,0.018,0.464,0.005,0.901,0.007
128,1026.58,245.009,15.571,0.008,0.784,0.012,0.242,0.021,0.472,0.012,0.948,0.012
129,997.612,1840.8,15.591,0.007,1.185,0.01,99,99,0.669,0.009,1.322,0.011
130,1811.56,791.196,15.593,0.006,0.679,0.009,0.04,0.016,0.422,0.009,0.835,0.011
131,52.641,1149.32,15.602,0.008,1.25,0.011,99,99,0.681,0.01,1.349,0.011
132,480.085,1305.42,15.611,0.005,0.716,0.009,0.233,0.019,0.43,0.007,0.862,0.008
133,1534.21,1731.8,15.62,0.005,0.743,0.008,0.139,0.016,0.434,0.006,0.848,0.008
134,1539.25,1162.81,15.636,0.004,0.737,0.006,0.146,0.017,0.422,0.006,0.815,0.008
135,661.219,1813.39,15.642,0.005,1.252,0.008,99,99,0.702,0.006,1.385,0.008
136,984.461,417.077,15.656,0.006,0.688,0.009,0.164,0.021,0.396,0.008,0.81,0.009
137,585.992,780.137,15.68,0.006,0.785,0.009,0.223,0.025,0.451,0.008,0.903,0.009
138,1510.52,531.726,15.684,0.008,0.748,0.012,0.205,0.018,0.432,0.011,0.854,0.014
139,394.56,1359.15,15.707,0.006,0.642,0.008,0.11,0.025,0.377,0.008,0.753,0.009
140,137.089,625.163,15.72,0.008,1.281,0.012,99,99,0.718,0.011,1.465,0.011
141,348.208,1780.76,15.724,0.007,0.862,0.009,0.382,0.026,0.477,0.009,0.908,0.016
142,1158.43,1836.76,15.731,0.006,1.087,0.009,0.625,0.044,0.626,0.008,1.231,0.011
143,712.722,1074.02,15.733,0.004,0.83,0.006,0.271,0.021,0.481,0.006,0.937,0.006
144,1988.67,429.674,15.734,0.007,1.185,0.011,99,99,0.679,0.01,1.324,0.011
145,914.78,557.476,15.737,0.005,1.784,0.011,99,99,0.975,0.006,1.926,0.007
146,1402.78,1891.69,15.747,0.006,0.812,0.011,99,99,0.477,0.007,0.916,0.01
147,449.505,512.901,15.753,0.007,0.691,0.01,0.241,0.02,0.391,0.009,0.792,0.01
148,988.48,882.599,15.769,0.005,0.941,0.009,0.433,0.033,0.528,0.007,1.027,0.008
149,1221.86,1351.62,15.78,0.008,1.157,0.012,99,99,0.625,0.009,1.321,0.012
150,1187.52,938.31,15.784,0.006,0.639,0.009,0.194,0.023,0.372,0.008,0.746,0.011
151,1901.61,552.738,15.814,0.006,0.796,0.01,0.346,0.03,0.439,0.009,0.912,0.019
152,1746.75,1721.52,15.842,0.005,1.735,0.01,99,99,0.973,0.006,1.899,0.008
154,717.957,895.553,15.851,0.005,0.917,0.009,0.489,0.032,0.538,0.007,1.045,0.008
155,1176.67,24.974,15.862,0.018,1.186,0.027,0.771,0.061,0.682,0.022,1.297,0.025
156,545.193,511.167,15.897,0.006,0.901,0.011,99,99,0.527,0.008,1.03,0.009
157,1470.91,1044.99,15.898,0.005,0.783,0.008,0.3,0.024,0.458,0.006,0.87,0.008
158,456.201,745.47,15.904,0.007,0.779,0.01,0.172,0.023,0.458,0.008,0.921,0.01
159,1189.15,761.479,15.913,0.006,1.234,0.011,99,99,0.696,0.008,1.378,0.009
160,1069.98,940.141,15.928,0.006,1.367,0.012,99,99,0.753,0.008,1.471,0.009
161,822.24,1495.51,15.931,0.005,0.909,0.008,0.532,0.035,0.514,0.006,0.967,0.008
162,713.321,1060.15,15.932,0.004,0.978,0.009,0.254,0.035,0.643,0.014,1.088,0.007
163,361.016,1245.82,15.947,0.006,0.852,0.009,0.373,0.031,0.461,0.008,0.895,0.01
164,1279.01,913.986,15.949,0.006,1.064,0.011,0.732,0.048,0.598,0.008,1.126,0.01
165,1440.11,241.116,15.952,0.006,0.816,0.009,0.245,0.024,0.476,0.009,0.974,0.009
166,1037.83,827.575,15.957,0.006,0.833,0.011,0.263,0.027,0.464,0.008,0.912,0.01
167,477.324,1361.94,15.966,0.005,1.535,0.01,99,99,0.863,0.006,1.671,0.007
168,21.993,120.277,15.968,0.009,1.09,0.014,0.274,0.041,0.476,0.013,1.181,0.014
169,873.512,1369.14,15.969,0.005,0.781,0.008,0.188,0.024,0.451,0.006,0.87,0.008
170,1040.39,864.414,15.971,0.007,1.173,0.012,0.844,0.06,0.66,0.008,1.28,0.01
171,579.932,1321.84,15.973,0.009,0.774,0.011,0.173,0.021,0.446,0.01,0.892,0.011
172,1840.81,1675.95,16.009,0.005,0.836,0.009,0.315,0.031,0.491,0.007,0.964,0.009
173,512.946,1631.12,16.024,0.006,0.803,0.009,0.16,0.024,0.484,0.008,0.955,0.009
174,1039.14,1129.81,16.024,0.005,0.739,0.009,0.169,0.025,0.438,0.006,0.846,0.009
175,822.927,1277.61,16.028,0.004,0.825,0.008,0.297,0.028,0.477,0.005,0.904,0.007
176,25.234,208.771,16.036,0.012,0.831,0.017,0.237,0.027,0.435,0.015,1.026,0.016
177,1613.65,1935.03,16.039,0.005,0.808,0.009,0.262,0.026,0.445,0.006,0.875,0.009
178,328.089,1005.8,16.041,0.005,0.936,0.008,0.391,0.035,0.516,0.007,1.04,0.008
179,364.854,630.915,16.048,0.007,0.834,0.01,0.245,0.025,0.492,0.009,0.994,0.011
180,1353.08,1959.42,16.057,0.006,0.748,0.009,0.154,0.026,0.442,0.007,0.868,0.01
181,1413,1109.83,16.081,0.007,1.274,0.015,99,99,0.729,0.01,1.413,0.01
182,9.826,1563.34,16.084,0.022,1.333,0.031,99,99,0.778,0.028,1.56,0.029
183,803.742,200.608,16.098,0.006,0.759,0.01,0.195,0.027,0.445,0.009,0.919,0.01
184,1377.31,482.345,16.101,0.006,1.156,0.011,99,99,0.662,0.008,1.291,0.009
185,1644.1,959.055,16.105,0.007,1.063,0.012,0.621,0.054,0.608,0.01,1.171,0.011
186,727.572,924.326,16.111,0.007,0.608,0.01,0.456,0.03,0.37,0.009,0.748,0.012
187,825.919,431.569,16.119,0.006,1.38,0.013,99,99,0.771,0.008,1.51,0.009
188,659.313,772.736,16.123,0.007,0.813,0.01,0.327,0.027,0.477,0.01,0.96,0.012
189,595.977,1919.29,16.126,0.006,1.566,0.013,99,99,0.867,0.008,1.666,0.009
190,190.649,1566.76,16.131,0.006,1.083,0.009,99,99,0.662,0.009,1.223,0.011
191,819.423,737.225,16.134,0.007,0.767,0.011,99,99,0.462,0.009,0.931,0.012
192,567.113,610.915,16.14,0.006,1.151,0.01,99,99,0.655,0.008,1.304,0.009
193,613.609,1951.07,16.141,0.005,0.996,0.009,0.7,0.05,0.603,0.007,1.136,0.009
194,780.842,1766.26,16.143,0.005,0.914,0.009,0.478,0.039,0.523,0.006,1.011,0.01
195,975.528,1962.64,16.143,0.005,0.825,0.009,0.196,0.03,0.475,0.006,0.935,0.009
196,1035.11,490.203,16.143,0.006,0.69,0.01,0.165,0.025,0.4,0.008,0.825,0.01
197,1156.11,31.593,16.144,0.007,0.905,0.011,0.613,0.045,0.51,0.01,0.968,0.012
198,262.178,1507.92,16.153,0.006,1.166,0.01,99,99,0.656,0.008,1.292,0.01
199,1181.68,1438.09,16.16,0.005,0.656,0.008,0.096,0.024,0.396,0.007,0.793,0.009
200,570.133,948.829,16.17,0.006,0.92,0.01,99,99,0.504,0.008,0.936,0.01
201,1015.94,790.981,16.171,0.006,0.764,0.011,0.139,0.029,0.436,0.008,0.861,0.01
202,149.444,984.482,16.172,0.008,0.804,0.012,0.241,0.038,0.468,0.01,0.927,0.012
203,1080.31,1673.26,16.177,0.005,0.821,0.009,0.277,0.025,0.47,0.006,0.908,0.009
204,537.306,715.65,16.181,0.008,0.934,0.012,0.515,0.042,0.54,0.011,1.044,0.012
205,935.147,1693.93,16.183,0.005,1.174,0.01,0.846,0.071,0.644,0.006,1.258,0.009
206,793.419,1904.91,16.184,0.005,1.276,0.009,99,99,0.729,0.006,1.478,0.008
207,1560.74,1993.19,16.187,0.006,1.13,0.011,0.472,0.052,0.655,0.008,1.334,0.009
208,1460.29,1432.09,16.189,0.005,1.327,0.01,99,99,0.744,0.006,1.457,0.008
209,1873.3,1248,16.198,0.006,1.296,0.012,0.817,0.088,0.726,0.008,1.447,0.009
210,189.371,672.785,16.208,0.008,0.806,0.012,99,99,0.443,0.011,0.889,0.012
211,1730.29,630.045,16.208,0.018,0.832,0.025,0.306,0.038,0.459,0.024,0.922,0.028
212,338.985,933.638,16.21,0.009,0.806,0.013,0.173,0.031,0.466,0.012,0.928,0.015
213,1281.44,600.999,16.225,0.008,0.887,0.012,0.375,0.044,0.527,0.01,1.041,0.012
214,1224.97,1216.37,16.234,0.006,0.761,0.01,0.229,0.028,0.448,0.007,0.85,0.011
215,1905.75,1172.67,16.237,0.006,0.981,0.01,0.414,0.047,0.593,0.008,1.172,0.01
216,334.404,407.643,16.241,0.007,0.908,0.012,99,99,0.52,0.01,0.992,0.011
217,1053.24,720.653,16.247,0.006,0.854,0.01,0.254,0.037,0.505,0.008,0.984,0.011
218,1554.68,472.603,16.263,0.006,1.404,0.015,99,99,0.788,0.009,1.558,0.01
219,669.658,362.24,16.265,0.007,0.997,0.012,99,99,0.546,0.009,1.075,0.011
220,1769.38,653.29,16.27,0.008,0.753,0.012,0.249,0.033,0.456,0.01,0.928,0.013
221,1794.18,296.959,16.273,0.007,0.883,0.012,0.393,0.043,0.502,0.01,0.991,0.011
222,1620.94,1354.91,16.274,0.01,0.96,0.015,0.528,0.05,0.595,0.012,1.132,0.017
223,381.064,1974.19,16.275,0.007,0.803,0.01,0.1,0.029,0.451,0.01,0.91,0.012
224,411.555,699.339,16.275,0.008,0.832,0.012,0.302,0.042,0.454,0.01,0.914,0.012
225,756.178,1919.93,16.279,0.006,0.849,0.009,99,99,0.472,0.008,0.938,0.01
226,891.411,1327.24,16.299,0.006,0.93,0.009,0.268,0.035,0.539,0.007,1.077,0.01
227,1179.69,366.148,16.305,0.007,0.78,0.011,0.209,0.035,0.462,0.01,0.916,0.011
228,1209,313.205,16.314,0.007,1.265,0.013,99,99,0.699,0.01,1.368,0.011
229,1022.97,1052.74,16.32,0.006,0.955,0.011,99,99,0.546,0.008,1.006,0.009
230,1206.27,364.397,16.323,0.007,0.804,0.012,0.286,0.041,0.449,0.009,0.889,0.012
231,816.704,1724.17,16.325,0.007,0.696,0.011,0.183,0.027,0.418,0.009,0.848,0.013
232,285.127,649.155,16.335,0.009,0.871,0.013,0.291,0.044,0.495,0.011,0.979,0.013
233,1196,1089.31,16.344,0.006,0.834,0.01,0.372,0.04,0.486,0.007,0.93,0.01
234,1131.52,5.84,16.359,0.009,1.286,0.016,99,99,0.731,0.011,1.49,0.012
235,754.881,1735.73,16.366,0.007,1.412,0.014,99,99,0.79,0.008,1.529,0.01
236,1866.78,1974.76,16.378,0.007,0.425,0.011,0.323,0.04,0.469,0.009,0.967,0.012
237,670.951,1579.1,16.38,0.006,0.71,0.009,0.14,0.029,0.448,0.008,0.871,0.011
238,1065.67,1900.34,16.393,0.018,0.912,0.029,0.673,0.071,0.607,0.023,1.088,0.026
239,1840.17,1045.28,16.398,0.007,1.085,0.012,99,99,0.664,0.009,1.327,0.011
240,941.158,1842.05,16.398,0.007,0.745,0.011,0.14,0.024,0.455,0.01,0.906,0.013
241,1875.2,1667.56,16.399,0.007,1.377,0.012,99,99,0.826,0.008,1.632,0.01
242,552.625,243.742,16.399,0.007,1.122,0.014,99,99,0.625,0.009,1.28,0.011
243,1018.75,1068.38,16.399,0.006,0.698,0.009,99,99,0.43,0.008,0.872,0.011
244,167.47,1902.41,16.406,0.009,0.861,0.014,0.381,0.05,0.473,0.012,0.952,0.015
245,622.038,700.64,16.415,0.007,0.849,0.012,0.275,0.042,0.516,0.01,1.019,0.01
246,1187.31,1889.69,16.438,0.006,0.863,0.01,0.353,0.04,0.496,0.008,0.957,0.011
247,1851.38,974.475,16.444,0.008,0.831,0.012,0.34,0.044,0.483,0.01,0.925,0.013
248,424.778,84.908,16.455,0.007,1.502,0.015,99,99,0.815,0.01,1.603,0.01
249,1266.22,595.585,16.458,0.008,1.481,0.015,99,99,0.802,0.01,1.595,0.011
250,1998.39,753.404,16.46,0.007,1.141,0.014,99,99,0.707,0.01,1.458,0.012
251,586.343,2001.13,16.469,0.007,1.306,0.013,99,99,0.723,0.009,1.457,0.011
252,763.829,968.998,16.473,0.015,1.192,0.025,99,99,0.703,0.019,1.373,0.022
901,263.634,866.647,18.522,0.031,0.988,0.055,99,99,0.59,0.034,1.181,0.044
254,219.859,116.817,16.48,0.008,1.465,0.015,99,99,0.755,0.011,1.561,0.012
255,838.019,160.541,16.482,0.007,0.806,0.012,0.324,0.044,0.467,0.01,0.974,0.012
256,1016.8,1832.22,16.484,0.008,1.098,0.013,99,99,0.634,0.009,1.229,0.011
257,1373.46,672.222,16.486,0.008,0.734,0.012,0.221,0.056,0.426,0.01,0.859,0.015
258,105.773,910.689,16.495,0.009,1.435,0.017,99,99,0.816,0.012,1.606,0.012
259,732.523,1156.1,16.505,0.007,0.812,0.011,0.245,0.04,0.476,0.01,0.963,0.012
260,1347.37,897.803,16.518,0.007,1.437,0.014,99,99,0.82,0.009,1.608,0.011
261,626.054,1350.06,16.528,0.007,0.77,0.011,0.108,0.034,0.469,0.008,0.952,0.011
262,724.687,3.952,16.534,0.009,0.912,0.015,99,99,0.522,0.011,1.074,0.013
263,256.046,650.881,16.545,0.009,1.044,0.016,99,99,0.6,0.012,1.148,0.013
264,1628.09,913.489,16.549,0.009,0.676,0.014,0.158,0.043,0.41,0.011,0.803,0.015
265,670.715,1507.44,16.55,0.007,1.422,0.015,99,99,0.801,0.009,1.569,0.01
266,1251.24,981.688,16.555,0.009,1.456,0.016,99,99,0.82,0.011,1.607,0.012
267,1361.34,254.322,16.555,0.011,0.878,0.015,99,99,0.501,0.014,1.016,0.017
268,1187.52,21.405,16.556,0.008,0.832,0.013,0.271,0.053,0.465,0.01,0.949,0.013
269,1593.72,1017.79,16.569,0.007,0.59,0.011,0.318,0.04,0.348,0.009,0.706,0.012
270,1521.11,678.146,16.57,0.007,1.458,0.015,99,99,0.78,0.009,1.536,0.011
271,1739.57,1777.67,16.58,0.007,1.025,0.013,0.361,0.055,0.613,0.009,1.202,0.012
272,1520.75,205.079,16.58,0.008,1.042,0.014,99,99,0.586,0.011,1.179,0.012
273,1363.7,1671.31,16.586,0.007,0.749,0.012,0.116,0.033,0.439,0.008,0.866,0.012
274,936.292,1657.81,16.589,0.007,0.817,0.011,0.185,0.035,0.491,0.008,0.973,0.012
275,121.529,1484.94,16.594,0.009,0.896,0.013,99,99,0.495,0.012,0.949,0.015
276,1245.3,959.744,16.598,0.008,0.718,0.013,0.211,0.045,0.44,0.01,0.849,0.013
277,413.064,1301.83,16.603,0.007,0.948,0.012,0.556,0.108,0.547,0.008,1.054,0.011
278,705.735,201.159,16.605,0.009,0.776,0.016,0.26,0.046,0.449,0.012,0.934,0.013
279,1623.18,1748.59,16.605,0.007,0.8,0.012,0.265,0.038,0.469,0.009,0.905,0.012
280,284.329,1276.59,16.611,0.012,0.716,0.016,0.366,0.051,0.441,0.016,0.891,0.018
281,1809.2,234.572,16.618,0.009,0.849,0.014,99,99,0.487,0.012,0.997,0.015
282,314.731,1970.37,16.618,0.009,0.725,0.013,0.152,0.039,0.43,0.012,0.886,0.015
283,1533.04,858.339,16.623,0.009,0.743,0.016,99,99,0.472,0.012,0.905,0.014
284,459.078,98.776,16.643,0.009,1.287,0.026,99,99,0.708,0.012,1.46,0.012
285,1544.11,1656.23,16.649,0.007,0.874,0.012,0.405,0.051,0.506,0.009,0.964,0.012
286,240.212,905.826,16.654,0.009,0.884,0.015,0.363,0.065,0.513,0.011,1.025,0.015
287,1581.9,1753.58,16.67,0.008,0.771,0.012,0.154,0.042,0.481,0.01,0.946,0.014
288,499.843,1472.18,16.674,0.007,0.812,0.012,0.195,0.044,0.479,0.009,0.945,0.012
289,1905.14,875.536,16.675,0.009,0.872,0.016,0.505,0.06,0.495,0.012,0.955,0.015
290,535.701,308.758,16.679,0.007,0.846,0.013,0.118,0.043,0.491,0.01,1.024,0.011
291,454.053,405.131,16.68,0.009,0.738,0.013,99,99,0.427,0.012,0.878,0.015
292,1263.89,1062.01,16.681,0.007,0.935,0.013,99,99,0.53,0.008,1.008,0.011
293,474.696,1028.57,16.684,0.007,0.889,0.012,99,99,0.505,0.009,1.003,0.012
294,2001.91,1242.24,16.697,0.008,0.782,0.013,0.37,0.058,0.498,0.01,0.998,0.013
295,868.822,747.057,16.699,0.008,0.777,0.014,99,99,0.471,0.01,0.932,0.015
296,1529.09,32.61,16.703,0.008,1.246,0.016,99,99,0.689,0.011,1.374,0.012
297,1414.36,156.271,16.703,0.009,0.982,0.016,0.594,0.096,0.585,0.011,1.153,0.017
298,241.553,201.976,16.704,0.009,0.899,0.015,0.412,0.065,0.487,0.012,1.002,0.015
299,5.687,1623.37,16.724,0.013,0.987,0.019,99,99,0.556,0.017,1.113,0.019
300,217.807,950.416,16.761,0.01,0.84,0.015,99,99,0.489,0.012,0.99,0.016
301,181.474,1141.58,16.762,0.008,0.939,0.015,99,99,0.545,0.01,1.128,0.013
302,1035.96,922.922,16.763,0.009,0.945,0.016,0.284,0.06,0.543,0.011,1.064,0.015
303,778.077,1353.26,16.772,0.007,1.257,0.014,99,99,0.698,0.009,1.393,0.012
304,352.601,1083.73,16.793,0.031,1.192,0.041,99,99,0.737,0.04,1.364,0.052
306,1128.84,85.896,16.797,0.009,0.879,0.017,99,99,0.501,0.012,1.031,0.015
307,1047.26,1707.62,16.802,0.008,0.7,0.012,0.022,0.033,0.41,0.01,0.816,0.014
308,1779.66,1195.28,16.811,0.008,0.775,0.013,99,99,0.437,0.01,0.89,0.014
309,1464.81,898.893,16.812,0.008,0.823,0.015,99,99,0.488,0.011,0.953,0.014
310,474.383,1246.82,16.814,0.009,1.015,0.016,99,99,0.609,0.012,1.195,0.015
312,1988.87,1605.8,16.833,0.009,0.989,0.016,99,99,0.605,0.012,1.197,0.019
313,964.933,720.095,16.838,0.01,1.055,0.016,99,99,0.61,0.012,1.18,0.014
314,743.389,1668.31,16.839,0.009,0.775,0.013,0.255,0.049,0.464,0.011,0.913,0.015
315,551.462,653.975,16.853,0.009,0.799,0.016,0.158,0.051,0.47,0.012,0.94,0.016
316,800.991,1022.6,16.86,0.007,1.138,0.016,99,99,0.657,0.008,1.303,0.011
317,622.499,808.003,16.868,0.009,0.873,0.013,0.275,0.055,0.554,0.011,1.083,0.013
318,1129.04,1034.22,16.883,0.008,0.664,0.013,0.119,0.043,0.421,0.01,0.843,0.014
319,1914.15,566.098,16.885,0.01,0.94,0.016,99,99,0.541,0.013,1.079,0.016
729,153.561,1959.39,18.176,0.029,1.053,0.045,99,99,99,99,1.345,0.04
321,1198.58,416.087,16.886,0.009,0.829,0.015,0.213,0.065,0.465,0.012,0.94,0.015
322,134.068,72.54,16.889,0.013,0.849,0.018,0.285,0.056,0.479,0.017,1.053,0.018
323,1974.82,1447.21,16.89,0.009,0.786,0.016,99,99,0.451,0.011,0.895,0.016
324,226.93,159.851,16.893,0.01,0.927,0.017,99,99,0.541,0.013,1.139,0.015
325,202.374,225.587,16.897,0.011,0.72,0.018,0.141,0.059,0.396,0.014,0.869,0.019
326,1653.4,877.518,16.907,0.009,0.88,0.016,0.396,0.06,0.505,0.012,0.992,0.016
327,1169.03,993.918,16.908,0.01,1.082,0.018,99,99,0.668,0.012,1.231,0.021
328,1290.32,108.187,16.909,0.009,0.904,0.015,99,99,0.505,0.012,1.047,0.014
329,75.664,1109.73,16.91,0.009,0.893,0.016,0.25,0.065,0.513,0.012,1.046,0.015
330,1547.95,1163.31,16.917,0.009,0.891,0.016,99,99,0.496,0.011,0.965,0.015
331,409.61,521.041,16.918,0.009,0.882,0.015,99,99,0.51,0.012,1.021,0.015
332,751.082,1129.78,16.92,0.008,1.511,0.02,99,99,0.845,0.009,1.62,0.011
333,1377.67,826.851,16.924,0.011,0.887,0.018,99,99,0.509,0.014,1,0.017
334,1348.44,567.864,16.925,0.011,0.88,0.018,99,99,0.517,0.014,1.029,0.018
335,26.82,1037.34,16.928,0.01,0.917,0.016,99,99,0.516,0.014,1.062,0.016
336,705.898,874.293,16.93,0.01,0.758,0.018,0.157,0.063,0.452,0.012,0.918,0.015
337,1213.6,1113.08,16.938,0.008,1.198,0.016,99,99,0.702,0.01,1.38,0.012
338,1270.35,1198.24,16.946,0.008,0.882,0.014,99,99,0.542,0.01,1.048,0.014
339,145.745,28.422,16.959,0.013,1.007,0.021,99,99,0.508,0.018,1.14,0.018
340,333.551,1519.73,16.959,0.011,0.806,0.016,99,99,0.47,0.013,0.936,0.016
341,657.981,1182.74,16.961,0.009,0.884,0.016,99,99,0.501,0.011,1.009,0.014
342,733.22,1227.3,16.972,0.01,0.853,0.015,99,99,0.494,0.012,0.985,0.015
343,223.59,1360.76,16.972,0.01,0.877,0.015,99,99,0.499,0.012,0.991,0.016
344,765.446,1596.18,16.976,0.008,1.08,0.017,99,99,0.667,0.01,1.223,0.013
345,1729.51,689.478,16.979,0.01,1.284,0.02,99,99,0.683,0.012,1.367,0.016
346,1336.02,1604.92,16.983,0.009,0.852,0.014,99,99,0.485,0.012,0.98,0.015
347,258.843,464.496,16.983,0.011,0.833,0.018,0.303,0.073,0.464,0.014,0.972,0.015
348,707.622,1062.19,16.991,0.008,0.76,0.019,99,99,99,99,0.919,0.015
349,1679.39,584.378,16.998,0.01,0.783,0.017,0.396,0.096,0.472,0.013,0.922,0.016
350,574.94,1969.52,17.006,0.012,0.924,0.018,0.482,0.09,0.509,0.015,0.977,0.02
351,1882.63,265.002,17.009,0.01,1.083,0.018,99,99,0.582,0.013,1.192,0.015
352,1011.14,1738.52,17.009,0.009,0.779,0.015,0.254,0.059,0.46,0.012,0.917,0.015
353,1486.75,905.313,17.01,0.008,0.944,0.016,99,99,0.53,0.012,1.019,0.016
354,1316.81,1653.21,17.021,0.009,0.835,0.015,99,99,0.471,0.012,0.941,0.015
355,697.126,1142.17,17.027,0.01,1.046,0.017,99,99,0.594,0.012,1.177,0.015
356,1015.55,190.569,17.037,0.01,1.402,0.023,99,99,0.745,0.013,1.492,0.015
357,759.248,1019.22,17.043,0.009,0.838,0.016,99,99,0.479,0.011,0.949,0.015
358,1208.59,1475.29,17.049,0.009,1.376,0.018,99,99,0.757,0.011,1.469,0.013
359,757.807,660.999,17.051,0.01,0.944,0.021,99,99,0.523,0.012,1.013,0.018
360,338.694,1185.62,17.056,0.011,0.929,0.016,99,99,0.533,0.013,1.079,0.016
361,281.963,158.332,17.059,0.016,1.325,0.027,99,99,0.725,0.018,1.498,0.02
388,1775.42,1877.88,17.172,0.01,1.169,0.019,99,99,0.681,0.012,1.34,0.015
363,1983.56,1222.01,17.067,0.008,0.984,0.017,0.361,0.09,0.591,0.012,1.205,0.013
364,890.523,257.682,17.067,0.01,0.894,0.015,99,99,0.525,0.012,1.032,0.017
365,599.871,985.718,17.07,0.022,1.183,0.036,99,99,0.714,0.028,1.334,0.03
366,1778.89,1537.09,17.07,0.01,0.83,0.016,0.365,0.066,0.497,0.018,0.968,0.016
367,1937.22,189.442,17.078,0.012,1.045,0.019,99,99,0.574,0.015,1.207,0.017
368,475.75,1070.9,17.085,0.012,0.97,0.019,99,99,0.553,0.015,1.094,0.018
369,595.851,444.072,17.086,0.015,0.901,0.023,99,99,0.521,0.02,1.004,0.022
370,1027.55,1746.38,17.088,0.01,0.648,0.015,0.346,0.063,0.382,0.012,0.753,0.018
371,2010.72,1513.56,17.101,0.01,1.117,0.021,99,99,0.72,0.012,1.324,0.015
372,1852.92,1116.9,17.102,0.01,0.807,0.017,99,99,0.467,0.013,0.907,0.016
373,1552.97,1747.61,17.104,0.01,0.863,0.017,0.227,0.067,0.516,0.013,1.017,0.016
374,1249.01,530.913,17.105,0.012,0.893,0.019,0.327,0.07,0.532,0.014,1.03,0.017
375,1489.93,1135.44,17.108,0.009,1.368,0.019,99,99,0.751,0.011,1.486,0.013
376,1108.59,966.67,17.117,0.01,1.055,0.02,99,99,0.593,0.012,1.114,0.018
377,859.442,508.686,17.118,0.011,1.475,0.027,99,99,0.925,0.013,1.862,0.014
378,468.279,1492.03,17.12,0.01,1.193,0.019,99,99,0.695,0.012,1.36,0.014
379,1068.35,865.135,17.124,0.009,0.841,0.016,99,99,0.597,0.012,1.164,0.014
380,370.267,87.221,17.124,0.014,0.984,0.023,99,99,0.526,0.019,1.098,0.022
381,1381.24,1285.47,17.125,0.009,0.799,0.015,0.248,0.087,0.478,0.011,0.949,0.016
382,77.868,765.882,17.134,0.014,0.834,0.02,99,99,0.509,0.016,0.998,0.02
383,1549.03,1070.34,17.151,0.01,0.759,0.016,99,99,0.431,0.013,0.888,0.018
384,1113.03,292.533,17.161,0.015,0.869,0.026,99,99,0.492,0.017,0.97,0.022
385,1057.88,557.024,17.162,0.011,0.984,0.019,99,99,0.563,0.013,1.049,0.018
386,1080.14,28.842,17.169,0.012,0.844,0.018,99,99,0.497,0.015,1.007,0.018
387,377.13,1391.5,17.169,0.01,0.77,0.017,99,99,0.447,0.012,0.878,0.016
389,1649.76,601.125,17.178,0.01,0.874,0.016,0.459,0.087,0.5,0.013,0.966,0.018
390,1950.14,946.345,17.179,0.01,0.803,0.02,99,99,0.506,0.014,0.996,0.018
391,810.13,1889.34,17.186,0.012,0.776,0.022,99,99,0.555,0.02,0.928,0.019
392,1705.2,1985.38,17.187,0.012,0.973,0.021,99,99,0.582,0.014,1.116,0.017
393,882.792,334.005,17.192,0.011,0.791,0.017,0.241,0.086,0.496,0.013,0.98,0.02
394,480.426,548.619,17.199,0.012,0.782,0.02,99,99,0.46,0.015,0.937,0.018
395,795.553,1696.75,17.201,0.01,1.289,0.023,99,99,0.69,0.012,1.376,0.015
396,1100.53,367.16,17.202,0.013,1.319,0.022,99,99,0.741,0.015,1.446,0.017
397,38.855,735.633,17.204,0.012,0.916,0.024,99,99,0.554,0.016,1.091,0.019
398,733.434,248.983,17.207,0.01,1.192,0.023,99,99,0.752,0.013,1.398,0.015
399,1111.82,298.599,17.212,0.015,1.07,0.031,99,99,0.644,0.018,1.23,0.021
400,1472.96,1655.31,17.212,0.011,0.804,0.019,0.188,0.073,0.485,0.013,0.949,0.018
401,1396.39,1542.26,17.221,0.011,1.465,0.024,99,99,0.78,0.013,1.514,0.015
402,1887.13,607.707,17.223,0.01,0.898,0.02,99,99,0.534,0.014,1.079,0.016
403,1247.99,831.583,17.23,0.01,1.002,0.021,99,99,0.566,0.013,1.088,0.017
404,1786.68,126.621,17.234,0.011,0.858,0.019,99,99,0.505,0.015,0.985,0.025
406,1550.09,746.38,17.244,0.03,0.868,0.038,99,99,0.248,0.031,0.761,0.036
407,837.462,679.427,17.245,0.011,0.769,0.019,99,99,0.447,0.015,0.901,0.019
408,1729.96,658.562,17.246,0.011,1.098,0.021,0.45,0.118,0.66,0.014,1.331,0.02
409,1188.13,1422.49,17.25,0.011,1.13,0.022,99,99,0.644,0.013,1.237,0.017
410,1708,300.215,17.252,0.009,1.285,0.02,99,99,0.688,0.012,1.364,0.015
411,1252.2,1757.07,17.256,0.01,0.92,0.018,99,99,0.553,0.012,1.054,0.018
412,1147.75,1377.92,17.257,0.009,0.784,0.016,99,99,0.486,0.012,0.969,0.016
413,1257.79,134.99,17.262,0.012,0.792,0.019,99,99,0.493,0.015,0.997,0.018
414,531.041,1762.58,17.263,0.011,0.803,0.018,99,99,0.462,0.014,0.904,0.018
415,1387.64,1317.87,17.264,0.011,0.942,0.02,99,99,0.533,0.014,1.057,0.018
416,47.607,991.666,17.272,0.013,1.277,0.023,99,99,0.716,0.018,1.457,0.02
417,1349.37,1904.31,17.277,0.011,0.963,0.02,99,99,0.538,0.013,1.056,0.018
418,291.798,1659.43,17.277,0.011,0.789,0.018,99,99,0.459,0.014,0.951,0.018
419,1859.9,1092.15,17.287,0.01,0.936,0.018,99,99,0.527,0.013,1.008,0.019
420,263.458,1973.15,17.288,0.023,0.95,0.032,99,99,0.508,0.029,1.045,0.036
421,923.04,431.648,17.293,0.012,1.216,0.023,99,99,0.683,0.015,1.315,0.018
422,1080.74,1154.09,17.306,0.01,0.782,0.017,99,99,0.506,0.012,0.992,0.018
423,1491.62,1731.61,17.306,0.01,0.856,0.017,0.213,0.076,0.537,0.013,1.013,0.018
424,1061.16,1826.2,17.32,0.011,0.8,0.019,99,99,0.456,0.013,0.913,0.019
425,760.327,512.337,17.321,0.013,1.335,0.035,99,99,0.67,0.016,1.305,0.02
426,117.85,1020.21,17.329,0.011,1.081,0.021,99,99,0.627,0.014,1.243,0.018
427,1223.01,1402.99,17.334,0.011,0.793,0.018,99,99,0.466,0.013,0.949,0.018
428,1451.67,288.569,17.338,0.011,1.26,0.021,99,99,0.694,0.014,1.367,0.016
429,1264.36,1266.63,17.338,0.011,0.779,0.019,99,99,0.483,0.013,0.985,0.02
430,1696,1023.85,17.349,0.022,0.845,0.029,99,99,0.497,0.023,0.99,0.028
431,602.267,1915.22,17.35,0.021,0.805,0.029,0.009,0.076,0.49,0.029,0.962,0.038
432,547.645,217.135,17.353,0.011,0.896,0.022,99,99,0.51,0.015,1.069,0.02
433,648.027,1842.04,17.36,0.012,0.952,0.023,99,99,0.585,0.016,1.192,0.019
434,1604.8,992.316,17.36,0.013,0.915,0.023,99,99,0.519,0.017,1.045,0.021
435,1328.65,1178.97,17.361,0.01,0.866,0.018,99,99,0.52,0.013,1.015,0.018
436,1670.09,1020.25,17.37,0.011,0.863,0.019,99,99,0.504,0.013,0.995,0.018
437,1575.64,618.417,17.373,0.013,0.871,0.022,99,99,0.466,0.016,0.985,0.022
438,1216.54,1379.96,17.374,0.014,0.735,0.023,99,99,0.503,0.023,1.008,0.021
439,915.418,1355.03,17.377,0.027,0.867,0.039,99,99,0.328,0.03,0.783,0.035
440,940.068,137.567,17.378,0.011,1.059,0.024,99,99,0.599,0.013,1.227,0.018
441,2023.77,206.951,17.39,0.012,0.464,0.021,99,99,0.648,0.016,1.474,0.025
442,1399.58,429.719,17.391,0.013,1.443,0.029,99,99,0.894,0.015,1.761,0.018
443,1513.67,645.903,17.393,0.012,0.883,0.022,99,99,0.477,0.015,0.951,0.02
444,880.549,1669.02,17.396,0.012,1.006,0.023,99,99,0.568,0.014,1.065,0.018
445,1371.25,1454.58,17.399,0.017,1.184,0.03,99,99,0.645,0.023,1.271,0.024
446,1373.1,1473.74,17.4,0.012,0.856,0.022,0.261,0.093,0.52,0.014,0.995,0.018
447,1029.95,837.084,17.405,0.013,0.78,0.022,99,99,0.502,0.016,0.957,0.025
448,1616.11,625.512,17.408,0.013,1.301,0.029,99,99,0.821,0.015,1.592,0.017
449,1373.5,703.172,17.408,0.012,1.405,0.026,99,99,0.78,0.014,1.52,0.018
450,445.907,1055.75,17.421,0.01,0.926,0.018,99,99,0.53,0.013,1.074,0.018
451,749.352,68.547,17.428,0.013,0.933,0.026,99,99,0.539,0.018,1.127,0.02
452,1758.02,478.778,17.429,0.014,1.49,0.035,99,99,0.962,0.017,2.057,0.019
453,1918.4,1279.31,17.437,0.014,0.857,0.022,0.21,0.08,0.55,0.017,1.092,0.021
454,1812.08,1511.32,17.442,0.013,0.874,0.022,99,99,0.571,0.016,1.078,0.018
455,277.103,1706.53,17.442,0.013,1.019,0.024,99,99,0.622,0.019,1.173,0.022
456,78.051,1369.05,17.442,0.014,1.001,0.023,99,99,0.553,0.017,1.14,0.022
457,2021.04,986.274,17.447,0.015,1.116,0.03,99,99,0.778,0.019,1.537,0.021
458,1271.46,1339.91,17.447,0.011,0.963,0.021,99,99,0.517,0.013,1.008,0.02
459,993.159,849.908,17.457,0.023,0.94,0.038,99,99,0.566,0.029,99,99
460,1353.64,1372.46,17.457,0.012,0.752,0.02,0.075,0.074,0.438,0.015,0.92,0.019
461,1321.57,1835.9,17.459,0.014,0.699,0.021,99,99,0.462,0.021,0.935,0.021
462,170.427,1573.46,17.464,0.013,1.027,0.023,99,99,0.551,0.016,1.128,0.021
463,615.421,628.004,17.469,0.013,0.895,0.022,99,99,0.55,0.016,1.049,0.021
464,2017.48,521.059,17.47,0.014,0.579,0.027,99,99,0.527,0.018,1.175,0.026
465,387.334,1152.72,17.473,0.013,1.254,0.028,99,99,0.644,0.015,1.275,0.019
466,482.477,298.521,17.474,0.012,0.992,0.023,99,99,0.571,0.015,1.127,0.02
467,1230.89,1607.98,17.475,0.013,0.86,0.023,99,99,0.469,0.016,0.955,0.021
468,1734.33,1856.75,17.477,0.013,1.299,0.027,99,99,0.76,0.015,1.488,0.019
469,832.842,1559.03,17.477,0.043,1.205,0.071,99,99,0.689,0.051,1.392,0.066
470,1113.95,352.708,17.477,0.014,1.013,0.026,99,99,0.561,0.017,1.057,0.021
471,1010.39,1525.08,17.48,0.013,1.417,0.029,99,99,0.856,0.014,1.63,0.018
472,280.991,892.823,17.48,0.014,0.91,0.025,0.389,0.149,0.544,0.018,1.083,0.021
473,982.535,718.509,17.481,0.012,0.806,0.024,99,99,0.487,0.015,1.017,0.019
474,1847.21,797.954,17.485,0.014,0.8,0.025,0.054,0.079,0.516,0.017,0.947,0.019
475,1704.74,1385.97,17.485,0.013,0.786,0.021,0.213,0.076,0.488,0.016,0.945,0.021
476,1524.96,1305.79,17.493,0.012,0.972,0.022,99,99,0.555,0.015,1.094,0.021
477,945.775,1678.24,17.495,0.012,0.718,0.019,0.176,0.075,0.469,0.015,0.924,0.02
478,1642.51,714.497,17.496,0.014,0.939,0.025,99,99,0.527,0.017,1.005,0.023
479,1260.52,1681.55,17.497,0.012,0.97,0.021,99,99,0.537,0.014,1.045,0.019
480,1210.76,1419.53,17.497,0.013,0.728,0.022,99,99,0.439,0.016,0.909,0.02
481,1546.26,111.361,17.498,0.014,0.914,0.027,99,99,0.502,0.019,1.07,0.023
482,580.461,1254.58,17.501,0.013,0.938,0.022,99,99,0.586,0.015,1.158,0.018
483,909.701,944.802,17.505,0.012,1.014,0.024,99,99,0.58,0.015,1.133,0.021
484,1000.14,274.393,17.506,0.012,0.901,0.024,99,99,0.534,0.015,1.069,0.02
485,15.225,1473.02,17.509,0.016,1.021,0.027,99,99,0.65,0.018,1.262,0.024
486,1763.97,322.618,17.509,0.016,1.186,0.031,99,99,0.67,0.019,1.322,0.025
487,231.639,869.619,17.51,0.013,0.999,0.022,99,99,0.656,0.015,1.233,0.023
488,1574.91,1161.52,17.511,0.012,0.936,0.024,99,99,0.488,0.015,0.965,0.02
489,1413.54,1741.93,17.516,0.013,0.89,0.022,99,99,0.544,0.016,1.1,0.019
491,152.352,356.167,17.521,0.014,0.867,0.022,99,99,0.497,0.019,0.973,0.022
492,1013.17,1401.27,17.523,0.012,0.825,0.022,99,99,0.517,0.016,1.032,0.022
493,1109.12,649.883,17.527,0.016,0.936,0.025,99,99,0.589,0.018,1.137,0.025
494,1620.76,1516.9,17.527,0.013,0.844,0.024,0.299,0.093,0.495,0.016,0.982,0.022
496,1799.6,1467.1,17.53,0.014,1.325,0.027,99,99,0.765,0.016,1.551,0.02
497,605.46,1219.79,17.53,0.012,0.829,0.023,99,99,0.523,0.014,1.027,0.02
498,1414.28,1207.64,17.534,0.011,0.91,0.02,99,99,0.531,0.014,1.031,0.02
499,775.901,1520.82,17.54,0.014,0.832,0.023,99,99,0.481,0.017,0.966,0.023
500,1131.78,1331.1,17.543,0.036,1.006,0.052,99,99,0.696,0.042,1.244,0.051
501,1098.8,1439.96,17.553,0.013,0.869,0.022,99,99,0.515,0.015,0.98,0.022
502,1469.64,1894.76,17.554,0.018,0.914,0.032,99,99,0.575,0.024,1.08,0.031
503,1630.15,1158.94,17.557,0.015,1.052,0.025,99,99,0.614,0.017,1.217,0.021
504,2001.32,1497.12,17.569,0.015,1.15,0.03,99,99,0.693,0.018,1.386,0.021
505,1470.65,524.432,17.572,0.017,0.874,0.026,99,99,0.528,0.02,1.029,0.026
506,1683.91,806.393,17.573,0.014,0.99,0.028,99,99,0.587,0.018,1.108,0.028
507,1078.81,1199.73,17.575,0.014,0.895,0.022,99,99,0.521,0.016,0.97,0.023
508,1796.38,1798.97,17.58,0.015,1.026,0.026,99,99,0.572,0.018,1.11,0.021
509,583.53,403.286,17.583,0.022,1.284,0.035,99,99,0.757,0.023,1.45,0.029
510,1398.6,1108.7,17.583,0.015,0.978,0.025,99,99,0.566,0.018,1.075,0.021
511,1901.23,1526.1,17.587,0.013,1.137,0.03,99,99,0.68,0.015,1.38,0.019
512,690.164,1402.3,17.587,0.013,0.824,0.023,99,99,0.537,0.015,1.077,0.022
513,1332.1,389.924,17.591,0.013,1.274,0.027,99,99,0.736,0.016,1.498,0.019
514,1146.9,1101.3,17.593,0.014,0.866,0.024,99,99,0.516,0.017,1.014,0.021
515,1107.83,1587.56,17.597,0.014,1.122,0.025,99,99,0.792,0.016,1.502,0.019
516,875.067,349.716,17.61,0.016,1.101,0.029,99,99,0.607,0.019,1.304,0.024
517,1277.73,259.647,17.614,0.015,0.985,0.028,99,99,0.599,0.02,1.121,0.024
518,323.4,822.795,17.614,0.018,0.762,0.026,99,99,0.495,0.022,0.993,0.026
519,453.061,1997.03,17.616,0.017,0.721,0.027,99,99,0.415,0.021,0.904,0.028
520,1752.47,1509.11,17.617,0.013,0.989,0.024,99,99,0.602,0.015,1.178,0.021
521,1005.63,2002.66,17.618,0.014,0.78,0.026,99,99,0.431,0.017,0.885,0.025
522,1888.1,456.484,17.619,0.016,0.526,0.024,99,99,0.29,0.021,0.682,0.028
523,1970.24,1168.83,17.629,0.014,1.397,0.033,99,99,0.783,0.016,1.599,0.019
524,757.736,1512.39,17.63,0.015,0.942,0.025,99,99,0.538,0.018,1.065,0.023
525,1091.95,1783.1,17.642,0.022,0.776,0.035,99,99,0.49,0.029,0.837,0.031
526,867.178,172.285,17.648,0.014,0.911,0.027,99,99,0.55,0.019,1.079,0.024
527,1396.92,1549.31,17.649,0.015,0.909,0.028,99,99,0.563,0.018,1.031,0.024
528,789.032,222.44,17.649,0.013,0.89,0.026,99,99,0.515,0.015,1.041,0.024
529,700.18,1204.7,17.653,0.014,1.15,0.027,99,99,0.635,0.016,1.244,0.021
530,1786.57,1580.21,17.654,0.013,1.027,0.026,99,99,0.599,0.016,1.192,0.022
531,1285.48,151.199,17.655,0.013,0.87,0.023,99,99,0.542,0.017,1.133,0.029
532,1097.51,447.54,17.656,0.016,1.017,0.025,99,99,0.625,0.019,1.15,0.024
533,439.781,1463.61,17.656,0.014,0.899,0.022,99,99,0.504,0.017,0.977,0.025
534,1096.56,1075.16,17.659,0.016,1.103,0.029,99,99,0.662,0.019,1.32,0.022
535,138.379,198.851,17.667,0.016,0.853,0.025,99,99,0.473,0.023,1.01,0.027
536,2019.46,165.843,17.672,0.014,0.575,0.026,99,99,0.597,0.018,1.33,0.029
537,776.732,1001.43,17.672,0.015,0.904,0.026,99,99,0.535,0.018,1.104,0.022
538,1868.7,1551.93,17.675,0.014,0.858,0.025,99,99,0.483,0.017,0.981,0.025
539,1045.43,1472.34,17.681,0.013,0.861,0.024,99,99,0.52,0.015,1.022,0.022
540,2007.87,801.022,17.684,0.016,0.589,0.026,99,99,0.622,0.021,1.218,0.024
541,150.146,1161.37,17.684,0.015,1.063,0.027,99,99,0.567,0.018,1.142,0.023
542,474.503,920.137,17.684,0.015,0.893,0.025,0.083,0.111,0.466,0.018,0.978,0.028
543,265.485,1088.59,17.689,0.016,0.891,0.028,99,99,0.531,0.019,1.068,0.024
544,313.448,587.116,17.689,0.016,0.818,0.031,99,99,0.469,0.021,0.981,0.026
545,1792.21,590.49,17.694,0.015,0.935,0.025,99,99,0.613,0.019,1.171,0.025
546,1547.57,1001.57,17.694,0.013,0.898,0.023,99,99,0.493,0.017,1.002,0.024
547,949.416,472.306,17.695,0.014,0.978,0.031,99,99,0.565,0.017,1.135,0.023
548,55.671,966.251,17.699,0.015,1.052,0.029,99,99,0.595,0.019,1.179,0.028
549,1532.97,165.532,17.701,0.015,1.319,0.036,99,99,0.785,0.019,1.543,0.019
550,980.911,178.413,17.701,0.015,0.993,0.032,99,99,0.562,0.018,1.139,0.023
551,661.924,544.779,17.701,0.016,0.855,0.026,99,99,0.49,0.019,99,99
552,199.607,1436.48,17.711,0.016,1.328,0.032,99,99,0.892,0.018,1.789,0.021
553,220.355,1848.2,17.714,0.017,1.078,0.029,99,99,0.615,0.02,1.195,0.024
554,1401.69,195.163,17.716,0.015,1.4,0.034,99,99,0.782,0.019,1.554,0.021
555,1457.06,372.292,17.719,0.011,0.781,0.025,99,99,0.486,0.018,0.98,0.022
556,1908.45,112.631,17.723,0.015,0.889,0.028,99,99,0.442,0.021,0.932,0.026
557,1919.36,1375.62,17.738,0.013,0.939,0.025,99,99,0.59,0.017,1.22,0.021
558,1077.39,327.682,17.738,0.018,1.007,0.034,99,99,0.586,0.022,1.165,0.029
559,1377.74,1070.7,17.741,0.015,0.829,0.027,99,99,0.491,0.018,0.965,0.025
560,1828.76,1199.08,17.752,0.017,1.027,0.03,99,99,0.595,0.021,1.138,0.027
561,1449.1,910.228,17.753,0.014,1.1,0.028,99,99,0.699,0.022,1.335,0.021
562,1221.51,451.675,17.761,0.015,0.691,0.026,99,99,0.524,0.019,1.001,0.024
563,575.187,1480.3,17.764,0.015,1.166,0.032,99,99,0.697,0.017,1.327,0.021
564,1607.98,1395.62,17.769,0.013,0.735,0.026,99,99,0.447,0.017,0.96,0.024
565,695.251,1277.01,17.775,0.016,0.923,0.027,99,99,0.491,0.02,0.968,0.029
566,477.882,956.243,17.781,0.018,0.995,0.031,99,99,0.565,0.02,1.107,0.027
567,1295.44,1014.67,17.784,0.017,0.956,0.028,99,99,0.528,0.021,1.037,0.028
568,537.049,967.955,17.785,0.017,0.84,0.034,99,99,0.465,0.021,0.973,0.024
569,1567.68,991.08,17.786,0.02,0.987,0.035,99,99,0.527,0.024,1.059,0.032
570,279.269,1893.61,17.786,0.019,0.758,0.031,99,99,0.466,0.024,0.964,0.035
571,1829.24,1326.44,17.789,0.016,0.991,0.03,99,99,0.597,0.019,1.148,0.023
572,1127.01,373.276,17.791,0.036,0.818,0.052,99,99,0.535,0.046,1.033,0.057
573,1170.01,1238.71,17.792,0.016,0.871,0.027,99,99,0.501,0.02,0.969,0.024
574,38.428,647.755,17.794,0.014,0.686,0.027,99,99,0.382,0.021,0.821,0.026
575,86.234,1194.33,17.797,0.017,1.371,0.038,99,99,0.877,0.021,1.739,0.023
576,101.649,1524.85,17.801,0.016,1.017,0.035,99,99,0.612,0.023,1.214,0.027
577,1745.9,919.557,17.803,0.017,1.077,0.032,99,99,0.612,0.02,1.103,0.032
578,424.134,1234.31,17.803,0.016,0.768,0.027,99,99,0.428,0.02,0.931,0.026
579,673.635,1265.84,17.806,0.016,1.051,0.03,99,99,0.612,0.018,1.168,0.024
580,1601.87,1323.73,17.809,0.015,1.338,0.037,99,99,0.737,0.018,1.483,0.021
581,149.092,690.691,17.809,0.016,0.878,0.028,99,99,0.535,0.02,1.109,0.027
582,1781.79,647.762,17.813,0.019,0.984,0.036,99,99,0.63,0.021,1.214,0.027
583,1856.11,1178.53,17.818,0.017,0.869,0.029,99,99,0.52,0.02,1.054,0.029
584,1963.73,84.508,17.818,0.022,0.806,0.034,99,99,0.46,0.026,0.97,0.034
585,222.317,684.489,17.824,0.022,1.017,0.035,99,99,0.598,0.024,1.17,0.034
586,426.824,1111.51,17.824,0.017,0.982,0.029,99,99,0.555,0.021,1.066,0.027
587,875.033,834.219,17.825,0.023,0.826,0.039,99,99,0.526,0.03,1.073,0.038
588,93.741,1810.33,17.825,0.02,0.751,0.029,99,99,0.455,0.025,0.976,0.029
589,643.782,529.063,17.826,0.02,0.872,0.032,99,99,0.535,0.022,1.03,0.029
590,1535.54,254.295,17.826,0.017,0.861,0.031,99,99,0.493,0.021,0.977,0.027
591,1941.34,750.288,17.827,0.016,1.1,0.031,99,99,0.645,0.02,1.228,0.026
592,678.738,1287.19,17.83,0.015,0.875,0.027,99,99,0.544,0.019,1.074,0.024
593,1011.35,812.822,17.832,0.018,1.135,0.041,99,99,0.601,0.021,1.151,0.027
594,763.452,241.114,17.836,0.018,1.099,0.038,99,99,0.626,0.021,1.269,0.028
595,1319.32,1805.47,17.838,0.019,1.16,0.035,99,99,0.743,0.021,1.326,0.026
596,530.233,263.949,17.84,0.017,1.222,0.038,99,99,0.613,0.019,1.219,0.026
597,1175.76,1020.66,17.841,0.019,0.855,0.029,99,99,0.522,0.021,1.073,0.026
598,234.013,103.284,17.842,0.018,0.901,0.032,99,99,0.544,0.023,1.085,0.029
599,1160.7,1776.13,17.842,0.015,0.725,0.026,99,99,0.42,0.019,0.827,0.028
600,1298.9,1822.84,17.844,0.017,0.861,0.028,99,99,0.503,0.021,0.971,0.029
601,1039,1040.17,17.846,0.016,1.003,0.031,99,99,0.575,0.018,1.133,0.025
602,1751.17,1408.51,17.849,0.015,1.161,0.033,99,99,0.695,0.019,1.285,0.022
603,1798.23,854.559,17.849,0.019,0.703,0.031,99,99,0.452,0.025,0.913,0.028
604,1849.66,1938.61,17.85,0.021,0.922,0.038,99,99,0.608,0.029,1.266,0.032
605,985.049,23.956,17.854,0.018,1.119,0.035,99,99,0.662,0.021,1.284,0.024
606,1458.24,128.848,17.854,0.017,0.939,0.031,99,99,0.521,0.023,1.101,0.027
607,964.699,1950.81,17.855,0.016,0.855,0.028,99,99,0.499,0.019,0.963,0.028
608,1363.27,1725.86,17.859,0.017,0.885,0.029,99,99,0.535,0.021,1.019,0.027
609,586.099,359.235,17.861,0.017,0.874,0.029,99,99,0.537,0.021,1.076,0.028
610,213.885,1251.32,17.862,0.018,0.901,0.03,99,99,0.554,0.022,1.132,0.028
719,326.635,180.146,18.154,0.026,1.194,0.045,99,99,0.672,0.032,1.366,0.032
612,1984.4,718.278,17.867,0.02,1.087,0.039,99,99,0.68,0.024,1.316,0.03
613,43.156,942.813,17.867,0.019,0.856,0.033,99,99,0.439,0.024,0.95,0.028
614,264.215,78.632,17.871,0.017,0.983,0.039,99,99,0.589,0.022,1.239,0.025
615,303.652,1725.51,17.872,0.016,0.997,0.031,99,99,0.61,0.019,1.196,0.024
616,1996.15,493.03,17.872,0.018,0.625,0.029,99,99,0.515,0.023,1.001,0.031
617,2019.1,329.722,17.873,0.019,0.416,0.032,99,99,0.522,0.024,1.228,0.031
618,1832.9,39.195,17.876,0.018,0.912,0.031,99,99,0.569,0.022,1.124,0.026
619,1022.21,1080.11,17.877,0.017,1.009,0.029,99,99,0.61,0.02,1.151,0.026
620,968.214,1800.13,17.881,0.019,1.257,0.036,99,99,0.836,0.021,1.511,0.025
621,798.116,12.855,17.881,0.018,0.979,0.034,99,99,0.541,0.022,1.165,0.027
622,1612.03,1142.92,17.882,0.019,0.745,0.028,99,99,0.48,0.022,0.961,0.03
623,687.015,413.773,17.884,0.017,0.871,0.028,99,99,0.493,0.021,1.037,0.032
624,1890.16,158.086,17.887,0.017,0.675,0.025,99,99,0.453,0.021,0.897,0.029
625,1673.41,544.385,17.891,0.022,0.959,0.039,99,99,0.536,0.026,1.085,0.034
626,203.525,415.361,17.892,0.022,1.015,0.037,99,99,0.526,0.027,1.097,0.034
627,1505.01,1461.54,17.899,0.017,1.081,0.035,99,99,0.616,0.02,1.202,0.027
628,1169.04,1781.49,17.901,0.017,1.25,0.036,99,99,0.694,0.02,1.408,0.023
629,1842.12,230.515,17.901,0.023,0.941,0.036,99,99,0.532,0.027,1.055,0.034
630,1642.03,433.712,17.902,0.018,0.785,0.034,99,99,0.48,0.023,0.981,0.025
631,1679.14,1397.74,17.903,0.019,1.214,0.038,99,99,0.738,0.022,1.388,0.028
632,931.02,618.004,17.903,0.017,1.004,0.031,99,99,0.609,0.02,1.16,0.027
633,1746.73,1266.26,17.903,0.016,0.755,0.027,99,99,0.475,0.019,0.977,0.024
634,1094.12,1365.47,17.914,0.018,0.927,0.033,99,99,0.567,0.022,1.087,0.027
635,82.221,1015.01,17.924,0.018,1.209,0.034,99,99,0.706,0.021,1.412,0.025
636,1095.13,952.845,17.934,0.021,0.948,0.034,99,99,0.564,0.024,1.045,0.03
637,923.027,518.641,17.936,0.018,0.946,0.032,99,99,0.519,0.023,1.074,0.028
638,80.477,948.852,17.938,0.018,0.987,0.036,99,99,0.569,0.023,1.121,0.028
639,842.777,231.109,17.939,0.017,0.897,0.027,99,99,0.487,0.024,1.075,0.025
640,791.599,826.086,17.94,0.017,0.793,0.033,99,99,0.556,0.02,1.012,0.031
641,1281.55,252.569,17.942,0.018,1.571,0.043,99,99,0.966,0.02,2.106,0.022
642,1585.1,1471.67,17.943,0.019,0.906,0.029,99,99,0.53,0.022,1.045,0.027
643,951.866,38.438,17.943,0.021,0.892,0.036,99,99,0.468,0.025,0.959,0.031
644,1418.92,193.434,17.952,0.019,0.941,0.035,99,99,0.567,0.024,1.066,0.031
645,888.885,886.087,17.956,0.026,1.147,0.044,99,99,0.651,0.029,1.214,0.039
646,1544.55,730.907,17.958,0.024,0.817,0.043,99,99,0.531,0.031,1.017,0.039
647,999.527,1436.21,17.958,0.02,0.809,0.032,99,99,0.513,0.024,1.038,0.03
648,1546.58,1953.21,17.962,0.018,0.899,0.031,99,99,0.533,0.022,1.083,0.028
649,1087.7,171.26,17.97,0.019,0.909,0.035,99,99,0.488,0.024,1.024,0.033
650,443.853,993.526,17.976,0.019,0.924,0.033,99,99,0.533,0.023,1.04,0.028
651,1441.19,781.797,17.978,0.017,0.882,0.031,99,99,0.465,0.023,0.955,0.032
652,651.644,616.64,17.979,0.017,0.735,0.03,99,99,0.407,0.022,0.836,0.032
653,921.13,823.076,17.979,0.018,0.993,0.032,99,99,99,99,99,99
654,1881.94,334.127,17.983,0.019,1.291,0.042,99,99,0.716,0.022,1.386,0.027
655,65.227,993.291,17.985,0.031,1.222,0.055,99,99,0.733,0.037,1.415,0.042
656,94.414,751.009,17.985,0.023,1.036,0.039,99,99,0.58,0.029,1.185,0.033
657,977.651,581.692,17.99,0.019,1.082,0.041,99,99,0.573,0.024,1.146,0.03
658,1018.7,1940.49,17.992,0.021,1.157,0.042,99,99,0.593,0.026,1.216,0.031
659,537.865,1747.66,17.994,0.017,0.977,0.035,99,99,0.575,0.023,1.087,0.027
660,1159.68,1387.9,17.999,0.019,0.752,0.031,99,99,0.425,0.024,0.872,0.033
661,1309.97,797.987,18,0.019,0.707,0.03,99,99,0.446,0.024,0.922,0.031
662,1728.52,1024.53,18.002,0.019,0.845,0.034,99,99,0.512,0.024,1.006,0.032
663,1163.6,1264.88,18.003,0.016,1.052,0.032,99,99,0.623,0.019,1.216,0.025
664,1118.63,1676.29,18.004,0.018,1.054,0.04,99,99,0.654,0.022,1.248,0.027
666,939.595,656.411,18.01,0.017,1.269,0.048,99,99,99,99,1.398,0.027
667,779.766,1291.32,18.012,0.017,0.857,0.033,99,99,0.519,0.021,0.984,0.03
668,864.114,716.746,18.021,0.021,0.95,0.04,99,99,0.581,0.024,1.12,0.029
669,1064.06,1215.34,18.022,0.016,0.824,0.031,99,99,0.509,0.02,1,0.029
670,1215.31,1649.76,18.024,0.018,0.879,0.034,99,99,0.52,0.022,1.029,0.031
671,728.993,967.355,18.027,0.018,0.776,0.034,99,99,0.486,0.022,0.975,0.031
672,220.487,894.807,18.03,0.024,1.351,0.047,99,99,0.841,0.026,1.575,0.03
673,1964.89,936.199,18.03,0.025,0.853,0.038,99,99,0.554,0.03,1.044,0.04
674,939.873,98.293,18.034,0.017,0.995,0.039,99,99,0.568,0.02,1.181,0.027
675,493.551,1962.66,18.036,0.021,1,0.036,99,99,0.517,0.026,1.083,0.031
676,1536.72,1008.28,18.039,0.018,0.812,0.031,99,99,0.458,0.022,0.912,0.031
677,548.833,1247.19,18.04,0.02,1.029,0.035,99,99,0.541,0.023,1.104,0.03
678,988.883,804.56,18.05,0.022,1.162,0.055,99,99,0.647,0.025,1.308,0.034
679,1509.21,898.203,18.053,0.026,0.871,0.044,99,99,0.592,0.033,1.079,0.04
680,717.826,1402.08,18.056,0.018,0.895,0.034,99,99,0.499,0.022,1.024,0.031
681,1272.89,587.375,18.057,0.023,0.898,0.04,99,99,0.462,0.027,0.98,0.032
682,485.862,334.255,18.068,0.021,1.209,0.045,99,99,0.684,0.025,1.356,0.031
683,372.738,1740.87,18.068,0.025,0.733,0.039,99,99,0.472,0.029,0.952,0.039
684,169.469,1890.68,18.071,0.021,0.848,0.04,99,99,0.785,0.035,1.384,0.046
685,62.969,365.632,18.074,0.021,1.167,0.047,99,99,0.745,0.025,1.46,0.029
686,1992.45,1280.75,18.077,0.02,1.382,0.046,99,99,0.831,0.023,1.537,0.028
687,547.972,1314.27,18.082,0.02,0.978,0.037,99,99,0.562,0.024,1.113,0.031
688,1228.31,1470.82,18.082,0.02,0.898,0.032,99,99,0.528,0.024,1.04,0.034
689,1546.46,98.154,18.084,0.023,0.828,0.042,99,99,0.497,0.029,1.07,0.038
690,1856.74,1941.89,18.086,0.024,0.939,0.044,99,99,0.669,0.028,1.368,0.034
691,573.436,1406.36,18.086,0.019,0.819,0.03,99,99,0.531,0.024,1.022,0.03
692,360.946,1419.62,18.087,0.023,0.837,0.036,99,99,0.477,0.027,0.966,0.037
693,495.863,1357.72,18.091,0.021,0.98,0.04,99,99,0.521,0.026,1.037,0.034
694,1139.71,1713.03,18.094,0.021,0.776,0.032,99,99,0.468,0.026,0.943,0.031
695,696.231,1867.78,18.099,0.019,0.941,0.034,99,99,0.544,0.023,1.085,0.03
696,300.876,116.71,18.1,0.034,0.837,0.046,99,99,0.532,0.036,1.155,0.042
697,117.545,1563.35,18.103,0.043,0.999,0.069,99,99,0.559,0.053,1.137,0.06
698,748.377,1587.88,18.104,0.019,0.863,0.032,99,99,0.533,0.024,1.01,0.03
699,1269.73,1305.46,18.108,0.022,0.999,0.039,99,99,0.569,0.025,1.159,0.032
700,1049.39,369.915,18.111,0.02,1.025,0.035,99,99,0.439,0.024,0.963,0.036
701,1172.25,239.161,18.112,0.026,1.119,0.049,99,99,0.623,0.028,1.269,0.035
702,1423.92,461.752,18.112,0.021,0.873,0.037,99,99,0.479,0.026,0.955,0.034
703,1301.28,1005.43,18.113,0.019,0.712,0.033,99,99,0.494,0.025,0.969,0.03
704,1587.14,1945.6,18.115,0.022,0.944,0.039,99,99,0.538,0.026,1.076,0.037
705,124.93,294.494,18.121,0.025,0.91,0.043,99,99,0.517,0.033,1.09,0.04
706,1781.23,285.061,18.123,0.02,1.167,0.043,99,99,0.735,0.024,1.402,0.03
707,1528.33,1338.04,18.125,0.018,0.992,0.036,99,99,0.622,0.023,1.139,0.031
708,694.273,1652.82,18.127,0.021,1.033,0.04,99,99,0.655,0.025,1.308,0.03
709,105.427,225.532,18.13,0.026,0.59,0.035,99,99,0.301,0.035,0.702,0.041
710,1033.66,1066.02,18.133,0.02,1.22,0.045,99,99,0.685,0.023,1.353,0.03
711,1275.79,1103.78,18.133,0.022,0.77,0.037,99,99,0.478,0.029,0.948,0.037
712,274.852,540.117,18.139,0.018,1.253,0.047,99,99,0.799,0.023,1.534,0.027
713,574.753,1441.36,18.14,0.021,0.852,0.034,99,99,0.54,0.025,1.025,0.033
714,484.884,1856.34,18.141,0.022,0.758,0.035,99,99,0.476,0.027,0.987,0.033
715,1648.26,496.076,18.147,0.014,0.828,0.03,99,99,0.457,0.019,0.941,0.039
716,1939.49,1571.31,18.149,0.019,1.08,0.038,99,99,0.615,0.024,1.253,0.03
717,1957.62,1141.15,18.152,0.025,1.246,0.048,99,99,0.73,0.028,1.363,0.035
718,1377.16,1902.83,18.153,0.02,0.967,0.038,99,99,0.535,0.025,1.065,0.037
720,1944.38,247.903,18.157,0.02,0.869,0.037,99,99,0.474,0.026,0.956,0.04
721,774.687,692.691,18.162,0.021,1.164,0.046,99,99,0.618,0.025,1.167,0.032
722,1560.09,1956,18.164,0.025,0.947,0.041,99,99,0.594,0.029,1.114,0.035
723,74.504,187.301,18.164,0.033,0.817,0.051,99,99,0.503,0.035,1.108,0.045
724,735.027,831.734,18.164,0.023,0.84,0.041,99,99,0.521,0.027,1.03,0.037
725,87.59,907.779,18.166,0.024,1.264,0.049,99,99,0.577,0.03,1.196,0.036
726,991.003,971.756,18.17,0.02,1.285,0.049,99,99,0.769,0.023,1.408,0.03
727,325.004,1653.37,18.172,0.02,1.04,0.046,99,99,0.536,0.024,1.123,0.033
1207,982.877,1914.2,19.137,0.049,0.988,0.087,99,99,0.515,0.057,1.037,0.078
730,747.693,406.693,18.177,0.02,1.393,0.063,99,99,0.818,0.023,1.485,0.026
731,26.456,924.17,18.177,0.024,1.079,0.056,99,99,0.657,0.029,1.299,0.036
732,1141.33,327.256,18.177,0.022,0.892,0.038,99,99,0.612,0.026,1.12,0.033
733,1130.48,1234.1,18.178,0.022,1.178,0.046,99,99,0.707,0.025,1.42,0.031
734,1409.04,1582.31,18.178,0.02,0.946,0.037,99,99,0.532,0.025,1.057,0.035
735,172.598,1104.15,18.179,0.02,0.868,0.037,99,99,0.507,0.025,0.983,0.033
736,465.571,1030.47,18.18,0.021,0.858,0.037,99,99,0.497,0.026,1.046,0.034
737,1167.4,1706.17,18.182,0.026,1.049,0.047,99,99,0.528,0.032,1.062,0.045
738,67.498,891.864,18.186,0.024,1.187,0.048,99,99,0.75,0.027,1.375,0.034
739,1003.79,1020.5,18.193,0.021,0.868,0.038,99,99,0.539,0.026,1.042,0.035
740,875.037,1245.25,18.193,0.019,0.85,0.036,99,99,0.463,0.024,0.948,0.037
741,1787.4,1972.94,18.195,0.025,1.191,0.044,99,99,0.668,0.027,1.296,0.036
742,1769.77,1215.55,18.196,0.021,0.813,0.036,99,99,0.457,0.026,0.984,0.036
743,1855.73,295.242,18.206,0.021,0.854,0.037,99,99,0.505,0.026,1.086,0.033
744,601.583,1691.62,18.209,0.023,0.843,0.042,99,99,0.466,0.027,0.949,0.037
745,1986.85,1751.7,18.211,0.022,1.068,0.042,99,99,0.665,0.026,1.184,0.033
746,1543.99,1619.67,18.211,0.022,0.747,0.036,99,99,0.48,0.027,0.958,0.036
747,643.531,1328.62,18.222,0.022,1.356,0.053,99,99,0.868,0.025,1.582,0.029
748,1430.72,1209.24,18.223,0.04,0.992,0.059,99,99,0.523,0.048,1.081,0.06
749,1249.83,182.236,18.223,0.022,0.705,0.039,99,99,0.396,0.026,0.818,0.037
750,1964.68,1583.52,18.224,0.023,0.909,0.045,99,99,0.58,0.027,1.203,0.037
751,431.608,1228.69,18.225,0.022,1.438,0.056,99,99,0.839,0.024,1.633,0.029
752,125.064,1198.22,18.225,0.022,0.82,0.039,99,99,0.485,0.026,1.07,0.037
753,1121.21,402.982,18.227,0.025,0.942,0.042,99,99,0.577,0.029,1.129,0.035
754,1519.24,274.277,18.228,0.018,1.174,0.039,99,99,0.717,0.024,1.408,0.028
755,1676.95,1643.04,18.229,0.023,1.074,0.042,99,99,0.66,0.026,1.256,0.035
756,1250.36,1968.24,18.229,0.027,0.734,0.042,99,99,0.507,0.032,0.968,0.04
757,379.504,1604.02,18.231,0.035,0.881,0.048,99,99,0.512,0.037,1.007,0.048
758,714.092,1321.23,18.239,0.023,0.787,0.039,99,99,0.472,0.027,0.978,0.037
759,113.869,1081.8,18.243,0.022,1.42,0.051,99,99,1.057,0.025,2.434,0.027
760,1496.35,36.308,18.247,0.026,0.903,0.044,99,99,0.531,0.034,1.087,0.037
761,874.028,408.275,18.25,0.03,1.038,0.052,99,99,0.536,0.033,1.111,0.043
762,400.494,1018.53,18.25,0.02,1.013,0.04,99,99,0.53,0.024,1.109,0.033
763,842.617,1021.87,18.251,0.019,0.842,0.039,99,99,0.539,0.024,1.09,0.034
764,67.571,754.164,18.253,0.024,1.038,0.049,99,99,0.623,0.028,1.246,0.035
765,317.516,13.221,18.26,0.026,0.919,0.047,99,99,0.486,0.032,1.075,0.038
766,275.339,579.265,18.263,0.024,1.067,0.048,99,99,0.647,0.03,1.254,0.038
767,1759.74,992.321,18.263,0.023,0.858,0.04,99,99,0.529,0.03,1.101,0.037
768,828.182,1546.7,18.263,0.022,0.993,0.045,99,99,0.506,0.025,1.045,0.037
769,367.304,706.948,18.264,0.023,1.059,0.046,99,99,0.631,0.03,1.268,0.034
770,1715.7,95.239,18.266,0.022,0.88,0.04,99,99,0.493,0.027,0.944,0.04
771,1198.15,1991.06,18.267,0.021,0.836,0.04,99,99,0.447,0.028,0.962,0.039
772,960.828,1732.21,18.268,0.024,1.002,0.042,99,99,0.555,0.029,1.016,0.036
773,1870.49,1172.99,18.268,0.023,0.645,0.036,99,99,0.406,0.028,0.866,0.038
774,468.176,1912.06,18.27,0.024,1.016,0.043,99,99,0.528,0.029,1.115,0.035
775,580.471,690.246,18.273,0.026,0.915,0.051,99,99,0.514,0.03,1.076,0.04
776,1156.31,1692.38,18.275,0.02,1.275,0.049,99,99,0.783,0.023,1.466,0.05
777,764.284,263.446,18.279,0.022,1.509,0.068,99,99,0.788,0.026,1.58,0.034
778,153.163,1062.78,18.282,0.025,0.785,0.044,99,99,0.517,0.031,1.131,0.036
779,554.565,809.403,18.282,0.021,0.83,0.043,99,99,0.438,0.027,0.951,0.048
780,1400.24,16.762,18.287,0.035,0.947,0.046,99,99,0.661,0.037,1.235,0.048
781,719.818,130.714,18.288,0.023,0.846,0.046,99,99,0.548,0.029,1.032,0.036
782,963.827,948.292,18.294,0.02,1.325,0.057,99,99,0.805,0.024,1.515,0.027
783,1592.91,1500.52,18.294,0.024,0.822,0.043,99,99,0.503,0.028,0.975,0.037
784,897.957,1548.48,18.295,0.023,0.955,0.042,99,99,0.545,0.028,1.121,0.037
785,1113.01,1177.84,18.297,0.023,0.996,0.041,99,99,0.575,0.026,1.132,0.037
786,1854.68,284.616,18.299,0.023,1.096,0.046,99,99,0.596,0.028,1.209,0.033
787,2009.28,1208.56,18.301,0.022,1.247,0.054,99,99,0.772,0.025,1.547,0.032
788,1421.45,1094.17,18.301,0.026,1.022,0.046,99,99,0.587,0.029,1.152,0.04
789,368.792,1486.42,18.302,0.041,1.152,0.064,99,99,0.836,0.047,1.529,0.05
790,941.4,9.161,18.307,0.022,0.911,0.044,99,99,0.566,0.026,1.142,0.039
791,1117.77,1342.9,18.307,0.023,0.926,0.042,99,99,0.477,0.027,1.018,0.036
793,1695.89,1769.31,18.314,0.021,0.526,0.033,99,99,0.273,0.029,0.56,0.048
794,1522.82,1820.58,18.32,0.025,1.612,0.071,99,99,1.044,0.027,2.401,0.03
795,385.726,429.902,18.32,0.026,0.97,0.043,99,99,0.528,0.034,1.119,0.041
796,894.439,184.133,18.322,0.022,0.906,0.039,99,99,0.46,0.028,0.991,0.044
797,369.818,800.995,18.323,0.027,1.323,0.055,99,99,0.678,0.032,1.472,0.037
798,1645.84,1441.27,18.324,0.021,1.047,0.044,99,99,0.617,0.026,1.188,0.034
962,1942.84,132.418,18.631,0.03,1.193,0.067,99,99,0.584,0.038,1.252,0.046
966,1765.83,556.439,18.641,0.049,1.041,0.08,99,99,0.643,0.054,1.233,0.065
801,517.955,878.55,18.329,0.023,0.897,0.054,99,99,0.559,0.027,1.065,0.037
802,1294.77,608.03,18.33,0.021,1.561,0.057,99,99,1.125,0.023,2.604,0.025
803,983.398,1023.86,18.332,0.026,1.012,0.047,99,99,0.653,0.034,1.215,0.04
804,1123.61,952.739,18.332,0.03,0.933,0.046,99,99,0.55,0.033,1.059,0.04
805,1829.35,98.425,18.334,0.026,0.918,0.047,99,99,0.507,0.03,1.006,0.039
806,965.989,1388.18,18.336,0.022,0.762,0.041,99,99,0.58,0.051,1.015,0.037
807,1000.06,1482.95,18.34,0.02,0.964,0.039,99,99,0.556,0.025,1.049,0.035
808,1667.55,1599.94,18.34,0.023,0.773,0.037,99,99,0.451,0.028,0.944,0.038
809,249.943,1518.56,18.342,0.027,0.754,0.042,99,99,0.539,0.034,1.109,0.043
1134,788.435,326.36,18.958,0.047,0.993,0.088,99,99,0.454,0.052,0.9,0.072
811,397.224,775.474,18.346,0.025,0.852,0.043,99,99,0.542,0.034,1.055,0.045
812,30.385,704.347,18.349,0.021,0.74,0.044,99,99,0.47,0.029,0.923,0.041
813,1132.93,1933.37,18.35,0.03,0.728,0.047,99,99,0.446,0.037,0.92,0.047
814,1889.3,7.912,18.355,0.037,0.939,0.075,99,99,0.364,0.046,0.982,0.056
815,2028.01,1639.99,18.357,0.026,0.991,0.057,99,99,0.643,0.032,1.295,0.04
816,791.018,207.366,18.357,0.026,0.928,0.053,99,99,0.541,0.031,1.071,0.045
817,477.193,1666.1,18.357,0.024,0.956,0.047,99,99,0.505,0.03,1.05,0.045
818,880.451,1852.07,18.362,0.044,0.968,0.065,99,99,0.605,0.054,1.183,0.068
819,968.2,816.098,18.366,0.027,1.38,0.063,99,99,0.823,0.03,1.562,0.035
820,1293.27,1212.32,18.367,0.027,0.935,0.046,99,99,0.559,0.032,1.14,0.041
821,131.22,922.056,18.371,0.026,0.95,0.045,99,99,0.573,0.032,1.097,0.042
822,993.359,336.196,18.371,0.026,0.775,0.046,99,99,0.458,0.032,0.963,0.041
823,8.16,795.742,18.375,0.026,1.203,0.051,99,99,0.713,0.032,1.448,0.034
824,520.302,1446.35,18.376,0.023,0.884,0.044,99,99,0.535,0.028,1.128,0.053
825,675.198,445.336,18.378,0.024,1.129,0.047,99,99,0.754,0.028,1.46,0.034
826,85.618,676,18.378,0.036,0.84,0.05,99,99,0.62,0.038,1.235,0.044
827,1048.4,348.875,18.379,0.027,0.825,0.042,99,99,0.434,0.034,0.923,0.053
828,850.163,1631.54,18.38,0.024,0.86,0.043,99,99,0.492,0.03,0.999,0.04
829,713.269,1630.97,18.382,0.022,0.847,0.041,99,99,0.43,0.028,0.915,0.043
830,1604.59,1466.95,18.383,0.026,0.932,0.042,99,99,0.57,0.03,1.072,0.041
831,436.104,45.024,18.385,0.026,0.861,0.046,99,99,0.56,0.034,1.187,0.036
832,726.1,1002.93,18.385,0.024,0.903,0.041,99,99,0.597,0.028,1.136,0.034
833,1940.81,167.557,18.385,0.026,0.852,0.047,99,99,0.445,0.032,0.985,0.048
834,1655.8,1028.4,18.392,0.026,0.963,0.049,99,99,0.602,0.031,1.218,0.039
835,662.236,1899.36,18.392,0.03,0.907,0.047,99,99,0.627,0.037,1.144,0.045
836,1538.52,645.101,18.393,0.034,0.938,0.063,99,99,0.58,0.045,1.11,0.052
837,822.926,764.142,18.394,0.03,0.805,0.06,99,99,0.532,0.034,0.987,0.048
838,701.945,726.156,18.399,0.023,0.995,0.053,99,99,0.676,0.029,1.225,0.034
839,1214.9,421.733,18.403,0.032,1.148,0.061,99,99,0.734,0.034,1.434,0.039
840,1134.52,1432.59,18.404,0.023,1.474,0.057,99,99,0.778,0.027,1.474,0.034
841,685.129,1486.59,18.406,0.029,0.842,0.043,99,99,0.587,0.032,1.101,0.043
842,342.67,97.14,18.406,0.025,1.02,0.051,99,99,0.512,0.037,1.222,0.041
843,553.091,1110.82,18.407,0.026,1.062,0.052,99,99,0.657,0.03,1.29,0.037
844,938.27,229.328,18.409,0.026,0.887,0.042,99,99,0.481,0.031,99,99
845,1439.73,1571.33,18.412,0.025,0.832,0.043,99,99,0.729,0.069,1.085,0.044
846,1109.13,766.701,18.412,0.031,0.775,0.052,99,99,0.535,0.033,0.954,0.051
847,1827.26,180.428,18.413,0.023,0.796,0.041,99,99,0.493,0.03,1.001,0.038
848,1338.98,1096.95,18.419,0.025,0.776,0.043,99,99,0.477,0.031,0.961,0.041
849,519.874,505.522,18.42,0.025,1.131,0.066,99,99,0.64,0.032,1.299,0.042
850,1469.19,1981.88,18.424,0.025,1.122,0.049,99,99,0.723,0.031,1.439,0.034
851,435.508,1146.09,18.425,0.023,0.919,0.041,99,99,0.539,0.028,1.072,0.039
852,330.098,361.462,18.429,0.025,0.875,0.052,99,99,0.482,0.032,1.037,0.04
853,343.312,249.189,18.43,0.024,0.747,0.045,99,99,0.539,0.031,1.046,0.039
854,1347.97,1816.4,18.433,0.022,0.803,0.044,99,99,0.514,0.03,1.046,0.036
855,1638.32,1169.58,18.435,0.024,0.897,0.045,99,99,0.549,0.03,1.016,0.04
856,264.401,1023.17,18.436,0.026,0.993,0.05,99,99,0.496,0.032,1.069,0.04
857,1394.35,1302.37,18.439,0.025,1.098,0.055,99,99,0.63,0.03,1.327,0.038
858,75.845,1329.69,18.442,0.026,1.14,0.053,99,99,0.715,0.03,1.349,0.04
859,978.418,1791.06,18.443,0.03,0.895,0.053,99,99,0.54,0.035,1.032,0.043
860,694.772,529.697,18.444,0.024,0.916,0.048,99,99,0.525,0.031,1.133,0.039
861,43.146,1486.2,18.445,0.029,1.077,0.049,99,99,0.616,0.032,1.255,0.04
862,1122.56,1051.05,18.45,0.026,1.176,0.056,99,99,0.727,0.029,1.381,0.037
863,1417.78,109.024,18.45,0.025,0.958,0.046,99,99,0.487,0.032,1.025,0.041
865,1707.69,1147.52,18.453,0.025,0.854,0.051,99,99,0.562,0.032,1.054,0.043
866,1476.47,1770.15,18.454,0.027,0.895,0.043,99,99,0.534,0.031,1.053,0.043
867,275.496,1512.62,18.458,0.029,1.009,0.049,99,99,0.69,0.035,1.214,0.039
868,1815.76,1570.61,18.46,0.026,0.691,0.042,99,99,0.4,0.034,0.922,0.043
869,1088.91,461.823,18.464,0.029,0.844,0.045,99,99,0.557,0.032,1.074,0.042
870,1892.92,1982.99,18.466,0.032,0.408,0.061,99,99,0.745,0.035,1.664,0.05
871,1098.11,1206.25,18.466,0.023,0.779,0.044,99,99,0.446,0.033,0.981,0.042
872,1990.3,393.335,18.467,0.031,0.855,0.052,99,99,0.511,0.037,1.04,0.049
873,648.148,1663.22,18.472,0.031,0.906,0.049,99,99,0.603,0.036,1.105,0.046
874,1033.43,1922.95,18.474,0.034,1.026,0.063,99,99,0.517,0.04,1.004,0.053
875,1305.77,1869.33,18.479,0.029,1.466,0.061,99,99,0.829,0.03,1.537,0.038
876,1180.97,1149.41,18.484,0.029,1.116,0.059,99,99,0.737,0.031,1.353,0.039
877,1646.13,1891.37,18.485,0.029,1.107,0.061,99,99,0.591,0.033,1.182,0.045
878,1143.21,871.98,18.489,0.027,0.825,0.049,99,99,0.558,0.032,1.003,0.048
879,1625.91,1143.73,18.491,0.027,0.904,0.046,99,99,0.512,0.033,1.029,0.045
880,1615.04,825.377,18.491,0.026,1.324,0.073,99,99,0.491,0.034,1.024,0.04
881,144.532,1868.84,18.493,0.029,1.059,0.054,99,99,0.643,0.034,1.241,0.046
882,1684.82,997.877,18.494,0.029,1.281,0.062,99,99,0.731,0.031,1.423,0.037
883,1616.61,546.791,18.496,0.033,1.184,0.068,99,99,0.725,0.035,1.355,0.043
884,1263.25,742.635,18.496,0.026,0.834,0.042,99,99,0.514,0.031,1.011,0.043
885,1764.06,1850.58,18.498,0.03,0.912,0.048,99,99,0.542,0.037,1.037,0.043
886,1342.62,204.331,18.499,0.027,0.989,0.053,99,99,0.568,0.036,1.161,0.043
887,1655.83,1453.27,18.501,0.03,0.914,0.047,99,99,0.628,0.034,1.204,0.042
888,1533.96,1363.99,18.501,0.025,0.98,0.046,99,99,0.55,0.031,1.071,0.046
889,734.315,76.094,18.503,0.024,0.869,0.048,99,99,0.618,0.029,1.178,0.042
890,944,1912.2,18.506,0.029,0.903,0.053,99,99,0.624,0.032,1.166,0.043
891,580.98,932.32,18.507,0.027,1.115,0.061,99,99,0.68,0.032,1.39,0.038
892,1722.75,59.402,18.508,0.026,1.225,0.062,99,99,0.696,0.031,1.373,0.04
893,234.114,1082.63,18.508,0.026,0.831,0.043,99,99,0.589,0.03,1.157,0.037
894,1481.48,1426.79,18.51,0.031,0.691,0.045,99,99,0.458,0.036,0.979,0.05
895,1105.81,1406.39,18.511,0.026,1.028,0.051,99,99,0.632,0.031,1.268,0.042
896,710.272,448.348,18.513,0.037,0.904,0.073,99,99,0.651,0.044,1.152,0.053
897,1739.4,844.372,18.515,0.032,0.976,0.052,99,99,0.527,0.038,1.05,0.05
898,1135.23,1397.33,18.517,0.029,1.339,0.061,99,99,0.835,0.031,1.579,0.037
899,1832.54,269.203,18.519,0.025,1.078,0.054,99,99,0.489,0.032,1.152,0.038
900,483.466,790.139,18.521,0.023,1.028,0.061,99,99,0.481,0.03,1.078,0.04
902,109.642,708.215,18.523,0.032,1.13,0.055,99,99,0.624,0.038,1.293,0.044
903,1870.5,1644.29,18.526,0.029,1.318,0.065,99,99,0.837,0.031,1.577,0.037
904,1897.19,1860.44,18.526,0.03,1.086,0.059,99,99,0.702,0.035,1.393,0.039
905,1133.74,604.631,18.53,0.025,1.148,0.062,99,99,0.662,0.031,1.31,0.04
907,1680.17,1414.86,18.535,0.033,0.923,0.053,99,99,0.618,0.039,1.168,0.051
908,1613.39,1051.15,18.535,0.032,0.896,0.05,99,99,0.549,0.036,1.085,0.049
909,1462.61,1942.58,18.536,0.024,1.03,0.055,99,99,0.619,0.029,1.14,0.056
910,29.521,1921.71,18.536,0.064,0.926,0.082,99,99,0.448,0.067,1.128,0.079
911,753.089,1446.19,18.538,0.024,1.034,0.053,99,99,0.578,0.031,1.126,0.042
912,1027.21,507.624,18.539,0.027,0.834,0.05,99,99,0.443,0.036,99,99
913,685.569,1439.27,18.54,0.033,0.855,0.053,99,99,0.577,0.037,1.119,0.05
914,1049.18,475.732,18.54,0.025,1.082,0.057,99,99,0.583,0.031,1.159,0.042
915,1786.25,1500.69,18.545,0.027,0.973,0.055,99,99,0.594,0.033,1.144,0.043
916,1404.35,1151.87,18.546,0.023,0.604,0.038,99,99,0.407,0.03,0.936,0.049
917,604.516,1153.75,18.549,0.026,1.02,0.051,99,99,0.619,0.031,1.17,0.04
918,875.543,159.939,18.549,0.029,0.97,0.056,99,99,0.447,0.037,1.032,0.043
919,1197.5,153.838,18.55,0.032,0.923,0.065,99,99,0.518,0.039,1.058,0.052
920,1536.5,1798.18,18.554,0.027,0.847,0.048,99,99,0.513,0.033,1.012,0.049
921,203.071,1873.59,18.557,0.032,1.036,0.058,99,99,0.524,0.036,1.157,0.048
922,984.839,1769.9,18.56,0.025,0.853,0.05,99,99,0.509,0.032,1.088,0.04
923,872.564,671.59,18.563,0.03,0.931,0.058,99,99,0.56,0.035,1.127,0.043
924,1511.18,1720.47,18.567,0.03,1.336,0.068,99,99,0.879,0.032,1.7,0.036
925,824.546,1451.04,18.569,0.034,0.86,0.054,99,99,0.501,0.038,0.97,0.051
926,1339.43,1032.18,18.57,0.031,0.762,0.049,99,99,99,99,1.018,0.046
927,70.803,1649.27,18.574,0.029,1.036,0.054,99,99,0.616,0.035,1.227,0.042
928,1858.43,92.003,18.576,0.037,0.939,0.065,99,99,0.482,0.04,0.972,0.054
929,1375.32,523.844,18.578,0.029,0.961,0.052,99,99,0.613,0.035,1.107,0.047
930,751.166,1319.04,18.58,0.034,1.429,0.072,99,99,0.868,0.036,1.694,0.043
931,1270.94,204.943,18.582,0.031,0.918,0.059,99,99,0.526,0.037,1.057,0.046
932,519.226,1722.54,18.583,0.032,0.818,0.056,99,99,0.512,0.041,99,99
933,175.897,77.337,18.584,0.027,1.15,0.053,99,99,0.599,0.033,1.288,0.041
934,1532.63,1554.43,18.587,0.042,0.745,0.07,99,99,0.543,0.048,1.043,0.072
935,368.793,1845.64,18.588,0.031,0.984,0.054,99,99,0.587,0.036,1.141,0.046
936,571.051,1593.18,18.588,0.027,0.904,0.054,99,99,0.439,0.034,0.937,0.048
937,1466.03,1720.01,18.59,0.031,0.723,0.049,99,99,0.519,0.036,0.983,0.05
938,1575.33,1700.8,18.593,0.049,1.136,0.07,99,99,0.552,0.051,1.158,0.061
939,1086.97,1141.17,18.594,0.025,1.187,0.063,99,99,0.658,0.03,1.252,0.04
940,986.878,980.219,18.594,0.032,0.909,0.062,99,99,0.505,0.037,1.028,0.054
941,277.27,248.588,18.595,0.04,0.903,0.072,99,99,0.537,0.045,1.085,0.054
942,1805.3,883.872,18.595,0.036,0.973,0.055,99,99,0.526,0.043,1.109,0.051
943,1644.98,460.841,18.596,0.029,1.168,0.068,99,99,0.585,0.035,1.138,0.043
944,16.249,1440.69,18.596,0.029,1.081,0.057,99,99,99,99,1.208,0.045
945,1257.8,734.181,18.596,0.026,1.016,0.055,99,99,0.536,0.035,1.117,0.048
946,1006.36,1948.69,18.6,0.03,0.798,0.051,99,99,0.493,0.037,0.984,0.051
947,441.304,1383.14,18.6,0.026,0.853,0.048,99,99,0.384,0.034,0.95,0.116
948,1727.02,356.707,18.604,0.031,0.966,0.055,99,99,0.602,0.037,1.121,0.053
949,1640,1243.49,18.609,0.029,0.926,0.052,99,99,0.509,0.035,1.084,0.045
950,173.396,1465.87,18.619,0.04,0.94,0.064,99,99,0.534,0.048,1.203,0.054
951,386.114,1938.05,18.62,0.044,0.989,0.069,99,99,0.632,0.051,0.793,0.339
952,1722.85,209.429,18.62,0.025,0.861,0.046,99,99,0.524,0.033,1.07,0.049
953,955.239,295.185,18.622,0.028,0.905,0.062,99,99,0.557,0.036,1.141,0.047
954,1097.83,1376.14,18.622,0.025,0.784,0.044,99,99,0.449,0.034,0.964,0.045
955,462.966,1375.49,18.624,0.03,0.899,0.052,99,99,0.503,0.037,0.98,0.05
956,613.67,1266.1,18.625,0.031,0.781,0.05,99,99,0.58,0.037,1.055,0.045
957,1083.64,373.188,18.625,0.038,0.965,0.072,99,99,0.536,0.042,1.122,0.056
958,1012.16,1285.53,18.626,0.03,1.148,0.063,99,99,0.626,0.034,1.232,0.046
959,1550.14,571.178,18.627,0.03,0.966,0.062,99,99,0.647,0.036,1.219,0.049
960,280.343,1577.02,18.63,0.034,0.779,0.052,99,99,0.505,0.04,1.107,0.05
961,1889.64,847.066,18.631,0.032,1.258,0.063,99,99,0.716,0.036,1.37,0.048
963,689.133,743.256,18.634,0.032,0.859,0.053,99,99,0.568,0.037,1.127,0.054
964,1654.8,80.715,18.637,0.035,1.178,0.062,99,99,0.736,0.039,1.393,0.05
965,1305.29,767.882,18.639,0.03,1.189,0.061,99,99,0.754,0.035,1.372,0.043
967,1009.59,836.979,18.641,0.031,1.065,0.07,99,99,0.453,0.036,0.934,0.046
968,1688.71,1812.54,18.642,0.033,0.886,0.056,99,99,0.545,0.037,1.084,0.047
969,1207.32,1709.38,18.644,0.029,0.894,0.052,99,99,0.581,0.034,1.086,0.045
970,844.931,27.318,18.647,0.029,1.112,0.061,99,99,0.615,0.036,1.181,0.046
971,1375.05,1132.16,18.651,0.027,0.859,0.053,99,99,0.513,0.033,1.06,0.047
972,1626.1,1246.06,18.653,0.032,1.136,0.063,99,99,0.59,0.037,1.142,0.044
973,404.228,1685.03,18.654,0.034,0.952,0.059,99,99,0.617,0.039,1.168,0.05
974,1320.86,317.238,18.656,0.035,1.338,0.074,99,99,0.788,0.039,1.573,0.043
975,809.786,1231.57,18.657,0.032,1.14,0.066,99,99,0.628,0.036,1.238,0.046
976,1439.36,23.321,18.659,0.03,0.963,0.057,99,99,0.576,0.037,1.176,0.043
977,1414.34,1355.65,18.66,0.032,1.077,0.057,99,99,0.621,0.036,1.174,0.045
978,1099.35,1092.91,18.663,0.031,0.989,0.06,99,99,0.597,0.036,1.159,0.047
979,217.876,1417.34,18.664,0.027,1.025,0.049,99,99,0.578,0.034,1.119,0.047
980,1124.69,1456.02,18.665,0.03,1.01,0.052,99,99,0.479,0.035,0.905,0.052
981,899.636,647.492,18.666,0.027,1.027,0.053,99,99,0.587,0.033,1.155,0.047
982,1356.59,820.674,18.668,0.028,0.859,0.046,99,99,0.571,0.035,1.046,0.047
984,1122.4,363.674,18.669,0.03,0.923,0.056,99,99,0.568,0.036,1.113,0.048
985,1721.99,878.191,18.669,0.032,1.168,0.063,99,99,0.575,0.038,1.185,0.054
986,1967.63,1349.92,18.672,0.03,0.936,0.06,99,99,0.541,0.036,1.082,0.049
987,734.69,508.797,18.677,0.031,0.979,0.065,99,99,0.574,0.034,1.128,0.05
988,685.784,1788.19,18.681,0.036,0.885,0.06,99,99,0.529,0.041,1.117,0.06
989,1313.97,1363.54,18.681,0.038,0.981,0.061,99,99,0.505,0.043,1.063,0.058
991,1054.88,875.716,18.687,0.034,0.895,0.055,99,99,0.506,0.038,1.068,0.057
992,671.739,1675.36,18.69,0.036,0.972,0.06,99,99,0.572,0.044,99,99
993,1289.9,1184.67,18.693,0.032,1.058,0.061,99,99,0.567,0.036,1.093,0.053
994,1154.15,753.291,18.694,0.032,0.801,0.053,99,99,0.62,0.036,1.166,0.052
995,783.185,1318.11,18.694,0.03,1.108,0.062,99,99,0.484,0.037,1.054,0.053
996,1998.94,1453.06,18.697,0.037,1.036,0.061,99,99,0.631,0.041,1.263,0.051
997,1052.85,198.589,18.698,0.031,0.834,0.058,99,99,0.544,0.035,1.048,0.06
998,448.367,536.834,18.701,0.028,1.019,0.066,99,99,0.486,0.037,1.01,0.051
999,1499.54,1325.9,18.704,0.04,0.98,0.064,99,99,0.612,0.044,1.311,0.057
1000,934.581,34.751,18.705,0.031,0.789,0.055,99,99,0.553,0.036,1.249,0.05
1001,904.677,1071.32,18.705,0.032,1.092,0.059,99,99,0.575,0.036,1.127,0.052
1002,1497.95,1212.88,18.706,0.026,1.227,0.07,99,99,0.719,0.031,1.458,0.037
1003,1255.9,1371.11,18.708,0.036,1.161,0.073,99,99,0.728,0.039,1.386,0.048
1004,419.079,1553.17,18.712,0.033,1.09,0.063,99,99,0.618,0.038,99,99
1005,825.994,1765.82,18.716,0.035,1.021,0.066,99,99,0.642,0.039,1.176,0.053
1006,234.767,1960.58,18.717,0.036,0.833,0.065,99,99,0.504,0.044,1.051,0.06
1007,405.324,446.333,18.718,0.044,1.004,0.064,99,99,99,99,1.053,0.062
1008,905.073,564.364,18.719,0.031,1.254,0.065,99,99,0.778,0.035,1.449,0.046
1009,409.736,1135.91,18.722,0.032,0.924,0.057,99,99,0.507,0.036,1.076,0.05
1010,1848.69,1035.14,18.723,0.032,0.865,0.057,99,99,0.532,0.038,1.073,0.047
1011,727.386,1776.47,18.724,0.033,0.951,0.066,99,99,0.625,0.038,1.075,0.049
1012,92.4,870.456,18.724,0.036,1.149,0.078,99,99,0.546,0.046,1.165,0.054
1013,1628.32,20.608,18.727,0.044,1.225,0.098,99,99,0.696,0.05,1.431,0.057
1014,941.224,1792.1,18.727,0.03,0.979,0.061,99,99,0.645,0.035,1.252,0.047
1015,596.125,1853.14,18.728,0.041,0.747,0.059,99,99,99,99,1.04,0.062
1016,585.475,311.755,18.734,0.034,0.93,0.063,99,99,0.606,0.04,1.08,0.057
1017,581.853,824.179,18.735,0.03,1.043,0.079,99,99,0.676,0.034,1.322,0.044
1018,1328.89,1260.3,18.738,0.035,0.96,0.062,99,99,0.519,0.04,1.018,0.053
1019,684.764,1234.95,18.74,0.034,1.128,0.067,99,99,0.755,0.035,1.396,0.047
1020,1025.21,1526.26,18.743,0.04,0.873,0.062,99,99,0.453,0.044,0.934,0.063
1021,1717.32,786.248,18.744,0.025,0.955,0.056,99,99,0.605,0.034,1.213,0.045
1022,1593.25,1476.85,18.745,0.037,0.965,0.066,99,99,0.554,0.043,1.13,0.054
1023,1110.98,1722.35,18.746,0.035,1.036,0.063,99,99,0.633,0.042,1.232,0.056
1024,846.026,754.533,18.746,0.033,0.918,0.056,99,99,0.394,0.044,0.945,0.055
1025,52.587,1865.9,18.755,0.037,0.825,0.057,99,99,0.511,0.044,99,99
1026,1010.07,490.718,18.756,0.033,0.938,0.058,99,99,0.659,0.037,1.262,0.049
1027,977.919,1575.11,18.757,0.034,0.88,0.058,99,99,0.553,0.039,1.069,0.053
1028,1595.45,1595.27,18.757,0.035,0.85,0.056,99,99,0.487,0.039,99,99
1029,836.815,1015.77,18.758,0.034,1.029,0.066,99,99,0.548,0.041,1.024,0.051
1030,1871.3,863.192,18.759,0.03,0.97,0.066,99,99,0.582,0.038,1.157,0.046
1031,1279.95,1200,18.76,0.032,1.118,0.065,99,99,0.646,0.039,1.277,0.046
1032,1069.8,988.925,18.76,0.034,1.056,0.064,99,99,0.626,0.039,1.175,0.05
1033,1447.72,1658.06,18.761,0.035,1.089,0.068,99,99,0.623,0.04,1.298,0.05
1034,665.288,1516.71,18.761,0.036,0.961,0.066,99,99,0.518,0.042,1.18,0.057
1035,1545.99,316.486,18.761,0.036,1.059,0.079,99,99,0.553,0.044,1.063,0.06
1036,1274.12,299.49,18.768,0.037,1.037,0.075,99,99,0.504,0.043,1.068,0.054
1037,669.803,1030.98,18.769,0.041,1.005,0.072,99,99,0.717,0.049,99,99
1038,1293.49,332.979,18.77,0.035,0.818,0.061,99,99,0.615,0.04,1.176,0.051
1039,1360.51,1190.84,18.771,0.035,0.956,0.066,99,99,0.582,0.04,1.254,0.05
1040,1508.16,1860.46,18.773,0.034,0.96,0.065,99,99,0.649,0.04,1.154,0.055
1041,121.438,1170.54,18.773,0.041,0.941,0.069,99,99,0.584,0.046,1.004,0.061
1042,371.655,49.881,18.775,0.036,1.211,0.078,99,99,0.584,0.043,1.287,0.055
1043,1007.08,1924.84,18.775,0.049,1.004,0.075,99,99,0.595,0.061,1.214,0.075
1044,923.129,245.702,18.777,0.03,1.253,0.065,99,99,0.728,0.035,1.396,0.051
1045,1025.67,1727.77,18.778,0.03,0.865,0.056,99,99,0.525,0.036,0.98,0.053
1046,42.757,699.333,18.779,0.037,0.757,0.064,99,99,0.512,0.043,1.106,0.054
1047,1711.92,1366.71,18.786,0.036,1.238,0.082,99,99,0.739,0.039,1.365,0.05
1048,643.432,1619.78,18.788,0.043,0.813,0.064,99,99,0.537,0.048,1.129,0.064
1049,1297.02,1221.57,18.79,0.038,0.812,0.062,99,99,0.51,0.047,0.992,0.059
1050,1035.13,1877.76,18.793,0.045,0.928,0.079,99,99,0.908,0.052,1.571,0.061
1051,1128.04,204.719,18.798,0.048,0.906,0.077,99,99,0.524,0.057,1.13,0.069
1052,260.78,1661.51,18.8,0.038,0.884,0.067,99,99,0.548,0.043,1.016,0.061
1053,423.292,1718.43,18.802,0.038,1.225,0.08,99,99,0.645,0.042,1.229,0.051
1054,520.328,119.393,18.803,0.04,0.87,0.07,99,99,0.434,0.047,1.12,0.055
1055,186.646,283.81,18.803,0.04,0.77,0.069,99,99,0.468,0.046,1.049,0.061
1056,1035.41,774.767,18.805,0.037,0.98,0.077,99,99,0.628,0.043,1.24,0.056
1057,1919.29,525.223,18.805,0.039,0.94,0.1,99,99,0.487,0.049,1.049,0.073
1058,235.289,224.727,18.806,0.035,0.893,0.063,99,99,0.507,0.043,1.012,0.069
1059,1200.94,1059.28,18.807,0.035,1.054,0.072,99,99,0.634,0.039,1.128,0.056
1060,1917.24,1092.96,18.808,0.039,1.128,0.078,99,99,0.619,0.047,1.157,0.056
1061,769.41,1237.65,18.808,0.036,0.858,0.058,99,99,0.581,0.043,1.066,0.057
1062,1142.78,243.226,18.81,0.038,0.988,0.072,99,99,0.686,0.042,1.332,0.053
1063,1453.24,1982.05,18.812,0.035,1.201,0.077,99,99,0.75,0.04,1.389,0.052
1064,1842.66,873.051,18.812,0.043,0.804,0.068,99,99,0.583,0.048,1.066,0.057
1065,174.869,859.292,18.812,0.035,0.902,0.071,99,99,0.489,0.042,1.076,0.059
1066,26.907,502.593,18.814,0.033,0.945,0.066,99,99,0.487,0.046,1.154,0.058
1067,768.703,1799.59,18.815,0.035,0.856,0.062,99,99,0.485,0.042,1.059,0.056
1068,1029,1699.28,18.816,0.032,1.036,0.07,99,99,0.693,0.038,1.278,0.049
1069,1567.56,1195.87,18.819,0.035,1.241,0.082,99,99,0.598,0.04,1.286,0.05
1070,1330.23,1230.05,18.82,0.036,1.556,0.094,99,99,1.015,0.038,2.342,0.041
1071,90.383,325.031,18.82,0.035,1.082,0.078,99,99,0.508,0.043,1.16,0.051
1072,1225.67,922.996,18.82,0.04,1.026,0.064,99,99,0.543,0.05,1.091,0.057
1073,256.189,234.267,18.821,0.034,0.854,0.075,99,99,0.44,0.047,1.01,0.059
1074,212.909,1538.19,18.824,0.037,0.954,0.07,99,99,0.526,0.044,1.006,0.057
1075,1103.38,413.031,18.828,0.038,0.899,0.067,99,99,0.593,0.043,1.028,0.066
1076,764.19,1050.14,18.828,0.037,0.972,0.062,99,99,0.538,0.046,1.096,0.056
1077,1850.41,824.608,18.83,0.046,0.973,0.078,99,99,0.564,0.051,1.061,0.064
1078,1406.63,1272.76,18.831,0.032,1.281,0.076,99,99,0.668,0.036,1.306,0.049
1079,390.31,1113.42,18.831,0.035,1.171,0.085,99,99,0.576,0.04,1.15,0.054
1080,861.613,322.538,18.831,0.036,0.978,0.073,99,99,99,99,1.198,0.059
1081,372.861,516.048,18.834,0.044,1.031,0.069,99,99,0.683,0.05,1.52,0.07
1082,12.425,1229.49,18.834,0.036,1.082,0.074,99,99,0.592,0.042,1.222,0.05
1083,1246.04,2004.08,18.834,0.039,0.59,0.06,99,99,0.435,0.045,0.97,0.059
1084,1981.45,114.154,18.837,0.042,0.921,0.073,99,99,0.777,0.047,1.488,0.061
1085,109.67,1674.49,18.838,0.038,0.94,0.072,99,99,0.54,0.046,1.115,0.061
1086,1340.95,111.073,18.84,0.038,1.083,0.077,99,99,0.573,0.045,1.208,0.054
1087,645.151,1020.34,18.841,0.034,1.028,0.063,99,99,0.52,0.041,1.116,0.055
1088,949.075,1188.33,18.845,0.042,0.964,0.072,99,99,0.676,0.068,1.164,0.06
1089,549.759,336.772,18.846,0.035,0.935,0.082,99,99,0.5,0.04,1,0.067
1090,608.206,52.095,18.847,0.043,1.235,0.075,99,99,0.653,0.049,1.415,0.055
1091,1167.47,1475.13,18.851,0.041,0.866,0.063,99,99,0.454,0.046,0.999,0.062
1092,168.559,1518.22,18.852,0.035,1.504,0.101,99,99,0.867,0.038,1.626,0.046
1093,338.458,112.125,18.852,0.037,1.283,0.083,99,99,0.591,0.053,1.317,0.053
1094,262.462,313.756,18.852,0.036,0.757,0.06,99,99,0.541,0.042,1.108,0.053
1095,1170.87,1665.48,18.856,0.037,1.222,0.08,99,99,0.668,0.043,1.341,0.049
1096,1097.5,1356.28,18.857,0.041,0.867,0.065,99,99,0.488,0.049,0.964,0.067
1097,1444.58,1074.56,18.858,0.036,0.909,0.063,99,99,0.624,0.041,1.33,0.05
1098,1223.25,964.134,18.858,0.036,0.787,0.06,99,99,0.509,0.046,0.999,0.06
1099,314.848,203.901,18.86,0.041,1.07,0.094,99,99,0.536,0.052,1.11,0.061
1100,1878.14,919.804,18.862,0.039,1.126,0.079,99,99,0.675,0.044,1.221,0.055
1101,914.816,877.084,18.87,0.036,1.177,0.073,99,99,0.759,0.04,1.372,0.056
1102,564.416,1374.74,18.87,0.041,1.019,0.071,99,99,0.516,0.047,0.987,0.06
1103,435.99,1817.2,18.872,0.041,0.808,0.072,99,99,0.509,0.046,1.034,0.062
1104,1625.78,1443.81,18.877,0.039,0.975,0.068,99,99,0.623,0.045,1.247,0.058
1105,1707.62,706.698,18.88,0.036,0.911,0.07,99,99,0.687,0.04,1.212,0.056
1106,369.763,742.495,18.882,0.042,1.149,0.086,99,99,0.506,0.053,1.216,0.06
1107,997.626,430.038,18.883,0.037,1.253,0.094,99,99,0.703,0.041,1.35,0.053
1108,172.955,1798.01,18.883,0.041,1.165,0.083,99,99,0.633,0.046,1.189,0.058
1109,1773.32,1037.46,18.887,0.034,0.807,0.063,99,99,0.486,0.041,1.045,0.057
1110,1029.05,1019.63,18.889,0.035,1.033,0.073,99,99,0.575,0.04,1.109,0.054
1111,120.115,536.996,18.89,0.038,0.923,0.065,99,99,0.563,0.047,1.142,0.058
1112,1478.59,1123.1,18.892,0.037,0.836,0.061,99,99,0.513,0.043,1.009,0.06
1113,901.104,602.267,18.895,0.036,0.929,0.063,99,99,0.501,0.042,99,99
1114,1694.54,874.868,18.896,0.039,0.934,0.067,99,99,0.587,0.044,1.065,0.055
1115,1604.75,93.72,18.907,0.042,0.779,0.07,99,99,0.598,0.048,1.127,0.066
1116,1789.78,454.125,18.913,0.054,1.167,0.107,99,99,0.701,0.061,1.413,0.069
1117,1394.13,167.123,18.913,0.047,0.728,0.069,99,99,0.594,0.056,99,99
1118,570.631,585.485,18.915,0.041,1.069,0.079,99,99,0.643,0.046,1.28,0.056
1119,259.398,835.146,18.915,0.037,0.91,0.064,99,99,0.587,0.044,99,99
1120,331.548,85.156,18.916,0.045,1.214,0.083,99,99,99,99,1.5,0.057
1121,472.894,171.508,18.917,0.039,0.978,0.087,99,99,0.556,0.046,99,99
1122,368.842,1361.19,18.921,0.037,1.152,0.082,99,99,0.677,0.042,1.387,0.053
1123,1165.85,345.986,18.921,0.05,0.81,0.079,99,99,0.546,0.055,0.949,0.07
1124,599.514,1508.26,18.925,0.042,1.025,0.072,99,99,0.68,0.063,1.289,0.059
1125,967.367,331.615,18.925,0.039,1.079,0.082,99,99,0.586,0.044,1.107,0.06
1126,1901.41,1069.86,18.925,0.042,1.065,0.08,99,99,0.608,0.048,1.083,0.066
1127,1478.73,1552.89,18.929,0.036,0.94,0.068,99,99,0.494,0.045,0.88,0.063
1128,349.513,1152.66,18.933,0.036,1.021,0.07,99,99,0.65,0.042,1.243,0.053
1129,1167.81,502.23,18.934,0.044,0.853,0.074,99,99,0.584,0.05,99,99
1130,995.021,501.691,18.938,0.043,0.89,0.082,99,99,0.692,0.064,99,99
1131,1415.97,580.409,18.941,0.043,0.879,0.065,99,99,0.404,0.054,0.89,0.08
1132,80.772,698.691,18.948,0.055,1.487,0.127,99,99,0.839,0.057,1.532,0.067
1133,1198.69,1833.08,18.949,0.046,1.139,0.088,99,99,0.912,0.049,1.638,0.055
1135,803.075,442.938,18.959,0.037,1.134,0.091,99,99,0.606,0.045,1.163,0.062
1136,792.81,1039.73,18.963,0.037,0.973,0.074,99,99,0.503,0.046,1.137,0.06
1137,1138.86,1210.56,18.965,0.04,1.225,0.088,99,99,0.921,0.044,1.747,0.052
1138,1678.23,1347.35,18.965,0.042,1.104,0.082,99,99,0.504,0.048,1.007,0.068
1139,438.302,565.253,18.966,0.04,1.107,0.076,99,99,0.525,0.048,1.133,0.059
1140,1492.81,522.072,18.969,0.048,0.966,0.084,99,99,0.562,0.055,1.1,0.063
1141,1419.03,902.639,18.979,0.056,0.895,0.084,99,99,0.688,0.062,1.269,0.075
1142,961.345,499.829,18.979,0.04,1.139,0.091,99,99,0.677,0.046,1.146,0.054
1143,1920.98,1741.47,18.982,0.045,0.916,0.084,99,99,0.545,0.053,1.132,0.064
1144,842.639,354.374,18.983,0.045,0.857,0.075,99,99,0.623,0.05,1.19,0.066
1145,1918.59,1124.97,18.984,0.046,0.923,0.08,99,99,0.605,0.052,1.228,0.069
1146,348.496,142.355,18.985,0.041,0.697,0.066,99,99,0.606,0.046,1.15,0.057
1147,1608.08,1005.59,18.986,0.046,0.829,0.069,99,99,0.58,0.054,1.152,0.068
1148,833.547,1068.72,18.987,0.041,1.059,0.083,99,99,0.613,0.048,1.185,0.059
1149,60.229,1086.29,18.988,0.041,0.984,0.075,99,99,0.544,0.049,1.183,0.06
1150,1953.33,234.403,18.989,0.039,0.999,0.075,99,99,0.454,0.052,0.7,0.105
1151,110.22,1360.87,18.993,0.046,0.964,0.08,99,99,0.638,0.051,1.23,0.066
1152,1634.65,985.067,18.995,0.054,1.064,0.112,99,99,0.652,0.059,1.336,0.066
1153,1478.13,644.869,18.996,0.043,0.76,0.075,99,99,0.524,0.05,0.999,0.069
1154,1865.5,1410.66,18.998,0.041,0.781,0.071,99,99,0.504,0.047,0.939,0.067
1155,705.398,749.253,18.999,0.04,0.917,0.09,99,99,0.584,0.048,99,99
1156,756.227,1039.37,19.001,0.046,0.997,0.077,99,99,0.532,0.055,1.089,0.069
1157,530.785,1436.24,19.001,0.047,0.965,0.081,99,99,0.413,0.056,99,99
1158,1876.37,1599.71,19.002,0.041,1.077,0.079,99,99,0.771,0.045,1.495,0.055
1159,1584.66,1116.84,19.002,0.042,1.14,0.094,99,99,0.747,0.051,1.557,0.062
1160,565.065,22.555,19.005,0.043,0.71,0.072,99,99,0.646,0.048,1.135,0.067
1161,1192.41,1411.88,19.005,0.046,0.877,0.078,99,99,0.551,0.053,1.044,0.072
1162,421.737,349.321,19.006,0.042,0.764,0.064,99,99,0.592,0.051,99,99
1163,1288.75,187.256,19.007,0.035,1.193,0.075,99,99,0.594,0.043,1.256,0.056
1164,1364.18,1849.81,19.007,0.041,0.872,0.07,99,99,0.601,0.048,1.08,0.064
1165,1516.77,329.235,19.011,0.042,1.077,0.083,99,99,0.538,0.054,1.136,0.061
1167,1785.63,629.096,19.015,0.051,1.817,0.159,99,99,0.989,0.053,2.225,0.059
1168,1062.6,978.361,19.021,0.041,0.897,0.076,99,99,0.626,0.049,1.137,0.065
1169,1813.48,762.531,19.024,0.05,0.921,0.08,99,99,0.598,0.057,1.209,0.072
1170,548.302,1370.45,19.024,0.041,1.033,0.086,99,99,0.543,0.048,1.111,0.066
1171,1361.12,1316.36,19.025,0.041,0.965,0.079,99,99,0.655,0.049,1.293,0.059
1172,1708.71,1221.14,19.033,0.047,0.91,0.081,99,99,0.557,0.054,1.059,0.072
1173,238.632,1428.9,19.034,0.052,1.271,0.098,99,99,0.781,0.056,1.515,0.063
1174,1405.09,492.805,19.037,0.056,0.922,0.086,99,99,0.791,0.059,1.315,0.075
1175,1810.86,1065.66,19.043,0.044,0.997,0.076,99,99,0.563,0.049,1.134,0.064
1176,1143.74,1366.38,19.044,0.05,0.935,0.084,99,99,0.475,0.057,1.085,0.072
1177,1420.91,52.139,19.048,0.042,1.092,0.081,99,99,0.509,0.049,1.056,0.073
1178,1237.55,110.981,19.05,0.061,0.843,0.084,99,99,0.638,0.07,1.313,0.084
1179,1592.16,1290.01,19.058,0.043,0.828,0.077,99,99,0.489,0.052,1.041,0.075
1180,1145.57,763.096,19.059,0.045,1.332,0.104,99,99,1.068,0.047,1.985,0.053
1181,1554.48,1152.08,19.061,0.05,0.943,0.086,99,99,0.509,0.057,99,99
1182,1379.67,1655.69,19.062,0.041,1.167,0.086,99,99,0.639,0.049,99,99
1183,1105.88,237.77,19.067,0.062,0.987,0.103,99,99,0.733,0.065,1.334,0.086
1184,769.497,403.032,19.072,0.046,1.309,0.134,99,99,0.559,0.055,1.23,0.077
1185,627.542,1386.34,19.078,0.044,1.118,0.087,99,99,0.583,0.053,1.085,0.071
1186,1378.09,1428.76,19.082,0.042,0.895,0.083,99,99,0.423,0.054,0.923,0.075
1187,1557.12,259.656,19.083,0.05,0.857,0.091,99,99,0.545,0.059,1.072,0.074
1188,1903.77,1686.08,19.088,0.049,0.966,0.085,99,99,0.743,0.054,1.466,0.065
1189,633.842,1271.42,19.09,0.046,1.046,0.088,99,99,0.624,0.053,1.241,0.068
1190,1268.28,151.413,19.094,0.049,0.947,0.095,99,99,0.549,0.059,1.053,0.078
1191,1501.9,1536.91,19.095,0.046,0.944,0.091,99,99,0.664,0.052,99,99
1192,616.834,1312.56,19.098,0.046,0.941,0.083,99,99,0.609,0.053,1.156,0.069
1193,240.294,1008.79,19.103,0.048,0.742,0.08,99,99,0.554,0.058,99,99
1194,747.667,1786.91,19.103,0.053,0.943,0.09,99,99,0.493,0.062,1.067,0.081
1195,1976.62,1005.02,19.103,0.045,1.042,0.09,99,99,0.5,0.058,1.004,0.075
1196,1957.43,1081.69,19.107,0.046,1.001,0.083,99,99,0.624,0.055,1.276,0.064
1197,242.361,1473.75,19.109,0.047,0.916,0.09,99,99,0.482,0.056,99,99
1198,797.253,404.248,19.117,0.042,1.031,0.112,99,99,0.597,0.051,1.221,0.066
1199,1611.29,1163.65,19.127,0.048,0.988,0.084,99,99,0.467,0.058,0.949,0.074
1200,1777.91,2002.61,19.128,0.047,1.002,0.094,99,99,0.784,0.053,1.504,0.067
1201,1110,1187.48,19.129,0.043,1.596,0.124,99,99,1.059,0.047,2.325,0.05
1202,1046.8,1287.44,19.13,0.046,0.883,0.083,99,99,0.629,0.052,1.142,0.067
1203,771.157,942.389,19.132,0.048,0.854,0.094,99,99,0.543,0.057,1.096,0.079
1204,1087.6,1630.78,19.135,0.051,0.666,0.073,99,99,0.542,0.059,1.061,0.075
1205,882.992,1347.84,19.137,0.049,1.03,0.094,99,99,0.637,0.056,1.289,0.067
1206,370.282,1135.79,19.137,0.043,1.008,0.094,99,99,0.537,0.053,1.162,0.069
1208,1161.34,1405.41,19.147,0.039,1.186,0.093,99,99,0.673,0.052,1.191,0.064
1209,1115.41,1359.97,19.15,0.046,1.091,0.103,99,99,0.524,0.055,1.019,0.082
1210,1573.93,485.615,19.155,0.061,1.067,0.115,99,99,99,99,1.356,0.086
1211,1463.76,1819.54,19.157,0.048,0.905,0.088,99,99,0.541,0.058,1.085,0.078
1212,337.647,339.554,19.16,0.048,0.78,0.086,99,99,0.478,0.059,1.083,0.071
1213,1770.66,472.751,19.168,0.067,0.767,0.102,99,99,0.525,0.078,99,99
1214,1162.71,1288.42,19.173,0.051,1.289,0.105,99,99,0.756,0.056,1.519,0.075
1215,1161.81,1545.04,19.173,0.051,0.942,0.089,99,99,99,99,99,99
1216,982.989,707.232,19.174,0.047,0.771,0.088,99,99,0.533,0.052,0.978,0.086
1217,1624.76,1174.64,19.175,0.057,0.895,0.101,99,99,99,99,99,99
1218,744.36,1572.4,19.176,0.044,1.036,0.089,99,99,0.629,0.052,1.11,0.069
1219,1339.96,1463.17,19.189,0.046,0.972,0.091,99,99,0.614,0.055,1.09,0.077
1221,674.98,535.875,19.201,0.046,0.894,0.091,99,99,0.701,0.056,1.292,0.07
1222,508.754,1334.6,19.207,0.049,0.996,0.092,99,99,0.565,0.058,99,99
1223,136.153,182.345,19.234,0.047,0.743,0.075,99,99,0.565,0.07,99,99
1224,1190.56,1639.52,19.238,0.046,0.947,0.089,99,99,0.64,0.054,99,99
1225,1890.57,1701.56,19.243,0.058,0.954,0.1,99,99,0.673,0.067,99,99
1226,68.314,829.715,19.246,0.067,0.769,0.11,99,99,0.598,0.071,1.017,0.091
1227,1432.04,667.345,19.248,0.055,0.854,0.097,99,99,0.587,0.065,1.143,0.076
1228,1621.57,321.668,19.257,0.059,0.75,0.097,99,99,0.644,0.064,1.289,0.078
1229,871.59,1919.48,19.263,0.054,1.128,0.106,99,99,0.676,0.061,1.258,0.077
1230,1978.36,73.99,19.269,0.061,0.441,0.096,99,99,0.439,0.076,99,99
1231,1389.24,1058.09,19.274,0.056,0.967,0.104,99,99,0.606,0.062,1.252,0.103
1232,1767.91,222.817,19.274,0.066,0.852,0.101,99,99,0.434,0.075,99,99
1233,1111.73,431.028,19.28,0.054,0.749,0.09,99,99,0.534,0.062,0.938,0.094
1234,1641.61,316.323,19.287,0.073,1.07,0.132,99,99,0.613,0.083,1.234,0.094
1235,1652.83,620.902,19.288,0.061,0.932,0.1,99,99,99,99,1.229,0.086
1236,1744.57,827.29,19.326,0.071,1.008,0.115,99,99,0.649,0.084,99,99
1237,1000.58,550.934,19.336,0.054,1.123,0.139,99,99,0.691,0.062,1.362,0.079
1238,983.062,954.069,19.354,0.066,1.316,0.183,99,99,0.477,0.076,0.999,0.115
1239,1552.27,643.245,19.355,0.065,1.323,0.164,99,99,0.618,0.072,99,99
1240,1129.75,1414.64,19.364,0.061,0.898,0.115,99,99,0.425,0.073,0.964,0.099
1241,1162.75,383.099,19.379,0.061,0.884,0.125,99,99,0.463,0.07,0.998,0.093
1242,452.712,1443.03,19.404,0.065,0.929,0.109,99,99,0.518,0.074,99,99
1243,458.859,768.154,19.405,0.067,0.776,0.096,99,99,0.672,0.072,99,99
1244,1484.32,1109.68,19.423,0.056,0.809,0.101,99,99,0.557,0.067,1.206,0.088
1245,1534.91,1460.26,19.424,0.066,0.777,0.104,99,99,0.654,0.073,1.19,0.098
1246,348.163,829.724,19.44,0.066,1.165,0.128,99,99,0.828,0.076,99,99
1247,546.023,1457.86,19.447,0.059,0.94,0.117,99,99,0.577,0.071,99,99
1248,1709.11,1254.53,19.45,0.055,0.941,0.105,99,99,0.474,0.069,99,99
1249,1366.93,863.129,19.472,0.061,0.886,0.105,99,99,0.436,0.083,99,99
1250,496.688,120.367,19.49,0.059,0.758,0.114,99,99,0.649,0.069,99,99
1251,389.248,879.064,19.52,0.071,0.85,0.111,99,99,0.686,0.09,99,99
1252,1363.23,956.395,19.52,0.069,0.725,0.112,99,99,99,99,99,99
1253,1444.93,1147.11,19.534,0.072,0.979,0.132,99,99,0.603,0.08,99,99
1254,1833.19,817.129,19.64,0.073,0.988,0.139,99,99,0.494,0.083,99,99
1255,302.338,182.648,19.699,0.101,1.135,0.181,99,99,99,99,99,99
1256,1075.24,1171.45,19.735,0.079,0.976,0.141,99,99,0.595,0.091,1.091,0.125
6,1751.98,296.966,12.306,0.003,0.684,0.005,0.213,0.005,0.382,0.005,0.734,0.006
153,726.97,364.629,15.849,0.011,0.973,0.021,99,99,0.449,0.014,0.856,0.018
305,928.746,1699.05,16.794,0.008,0.889,0.014,0.362,0.061,0.544,0.01,1.043,0.013
490,6.808,1480.13,17.52,0.014,1.194,0.027,99,99,0.681,0.017,1.362,0.021
495,1143.7,4.766,17.529,0.012,0.955,0.023,99,99,0.55,0.016,1.087,0.018
611,341.875,179.376,17.865,0.017,0.854,0.033,99,99,0.528,0.022,1.096,0.028
320,148.276,1955.1,16.886,0.013,1.362,0.023,99,99,0.802,0.02,1.521,0.018
864,1284.97,264.489,18.451,0.025,-0.113,0.032,-1.181,0.028,99,99,99,99
810,799.723,323.567,18.345,0.027,0.919,0.053,99,99,0.502,0.033,1.079,0.041
728,967.925,1912.06,18.174,0.024,0.732,0.039,99,99,0.451,0.028,0.903,0.041
