ID,x,y,V,Verr,BV,BVerr,UB,UBerr,VR,VRerr,VI,VIerr
1,1688.38,1907.08,9.241,0.007,1.102,0.01,0.816,0.007,99,99,1.363,0.008
2,752.864,753.867,11.674,0.016,1.497,0.018,1.62,0.011,99,99,2.416,0.04
3,342.894,1244.01,11.676,0.02,0.381,0.024,0.227,0.015,99,99,0.421,0.024
4,997.612,1159.87,11.969,0.004,0.433,0.006,-0.071,0.005,0.276,0.007,0.512,0.006
5,882.942,431.951,12.008,0.003,0.415,0.004,0.393,0.009,0.247,0.007,0.458,0.007
6,1612.74,847.718,12.312,0.008,0.572,0.011,-0.14,0.012,0.367,0.011,0.67,0.013
7,1136.41,1451.94,12.559,0.006,1.374,0.009,1.128,0.009,0.747,0.01,1.383,0.008
8,315.312,1983.32,12.674,0.016,0.634,0.022,0.447,0.021,0.378,0.032,0.735,0.028
9,1987.63,232.618,12.738,0.014,0.547,0.019,0.433,0.019,0.476,0.025,0.9,0.025
10,748.797,1137.8,13.24,0.007,1.47,0.009,1.222,0.014,0.805,0.011,1.491,0.008
11,1448.74,816.58,13.274,0.008,1.165,0.013,0.66,0.018,0.657,0.011,1.216,0.013
12,244.809,170.516,13.307,0.022,0.494,0.028,0.38,0.027,0.267,0.031,0.488,0.029
13,1329.88,614.085,13.337,0.007,0.741,0.01,0.189,0.013,0.46,0.01,0.847,0.012
14,246.077,909.274,13.364,0.014,0.606,0.018,0.334,0.017,0.382,0.022,0.71,0.021
15,375.503,1391.2,13.365,0.012,0.706,0.017,-0.037,0.016,0.44,0.02,0.78,0.019
16,1237.03,1096.43,13.483,0.005,0.678,0.008,-0.073,0.008,0.429,0.007,0.803,0.009
17,1153.86,434.64,13.663,0.008,0.749,0.011,0.058,0.015,0.448,0.011,0.784,0.013
18,552.031,77.913,13.711,0.012,0.812,0.016,0.065,0.017,0.492,0.018,0.887,0.017
19,923.63,1405.41,13.846,0.007,0.444,0.01,0.118,0.008,0.265,0.013,0.483,0.009
20,873.031,1559.86,14.021,0.018,0.74,0.032,0.088,0.048,0.46,0.024,0.866,0.026
21,1154.96,1128.83,14.048,0.005,1.973,0.008,98.85,99,1.131,0.007,2.132,0.008
22,760.424,1038.19,14.065,0.005,0.809,0.007,0.084,0.01,0.483,0.008,0.904,0.007
23,1680.87,723.452,14.101,0.012,1.338,0.018,1.05,0.024,0.759,0.016,1.401,0.017
24,629.562,1019.66,14.117,0.01,1.744,0.014,98.85,99,0.946,0.015,1.704,0.012
25,1808.63,1916.99,14.127,0.006,0.627,0.009,0.317,0.011,0.363,0.013,0.721,0.009
26,1081.19,1453.39,14.147,0.005,0.741,0.008,0.359,0.008,0.444,0.009,0.854,0.007
27,719.437,1495.36,14.218,0.008,1.57,0.011,1.527,0.032,0.867,0.015,1.572,0.011
28,1643.2,771.354,14.273,0.012,1.287,0.017,0.959,0.025,0.731,0.016,1.34,0.018
29,964.46,1102.94,14.299,0.004,0.774,0.006,0.126,0.009,0.468,0.007,0.875,0.006
30,475.65,42.513,14.342,0.013,0.923,0.019,0.262,0.024,0.554,0.02,0.983,0.02
31,521.491,1595.01,14.37,0.011,2.152,0.015,98.85,99,1.285,0.02,2.603,0.017
32,487.56,1154.51,14.392,0.01,1.329,0.015,1.221,0.026,0.862,0.017,1.514,0.014
33,1047.84,168.136,14.49,0.011,0.849,0.015,0.108,0.019,0.501,0.016,0.939,0.016
34,565.372,1128.43,14.535,0.008,1.429,0.012,1.224,0.031,0.775,0.014,1.415,0.011
35,1844.24,1638.57,14.555,0.007,1.461,0.012,1.33,0.026,0.781,0.01,1.44,0.012
36,995.898,1589.61,14.563,0.006,1.751,0.009,98.85,99,0.973,0.012,1.783,0.009
37,1105.47,1690.18,14.576,0.006,1.808,0.009,98.85,99,1.001,0.012,1.843,0.009
38,303.703,1213.67,14.594,0.013,0.774,0.019,0.038,0.017,0.472,0.022,0.879,0.02
39,1386.8,899.937,14.653,0.012,1.474,0.017,1.334,0.049,0.831,0.016,1.517,0.018
40,466.585,1446.68,14.679,0.011,1.791,0.016,98.85,99,0.997,0.019,1.807,0.017
41,937.405,1708.36,14.684,0.007,0.913,0.009,0.24,0.014,0.544,0.013,1.032,0.01
42,1892.16,48.16,14.689,0.019,1.484,0.027,1.358,0.051,0.823,0.028,1.487,0.029
43,1461.86,1434.45,14.696,0.005,2.115,0.01,98.85,99,1.232,0.008,2.473,0.009
44,1593.55,729.592,14.731,0.012,0.468,0.017,0.312,0.019,0.296,0.018,0.541,0.018
45,1555.88,690.286,14.736,0.013,0.854,0.019,0.03,0.022,0.539,0.018,1.002,0.021
46,1157.12,1208.93,14.754,0.005,1.405,0.009,1.187,0.029,0.768,0.007,1.417,0.007
47,1226.13,1009.81,14.792,0.005,0.91,0.008,0.154,0.011,0.541,0.006,0.988,0.008
48,517.283,584.323,14.799,0.011,1.233,0.016,0.889,0.028,0.713,0.016,1.299,0.016
49,302.918,553.8,14.818,0.014,1.475,0.02,1.444,0.072,0.831,0.021,1.498,0.02
50,2025.99,1178.43,14.819,0.009,0.462,0.014,0.273,0.014,99,99,0.937,0.016
51,511.759,1296.59,14.837,0.01,0.67,0.014,0.261,0.015,0.387,0.017,0.742,0.014
52,1571.89,1266.88,14.843,0.006,0.789,0.009,0.016,0.011,0.482,0.008,0.909,0.01
53,1435.95,1787.06,14.85,0.006,0.751,0.009,0.046,0.009,0.454,0.01,0.854,0.009
54,1208.97,478.723,14.851,0.012,1.492,0.017,98.85,99,0.835,0.016,1.477,0.017
55,772.173,1575.9,14.887,0.007,1.717,0.011,98.85,99,0.949,0.014,1.741,0.01
56,1706.71,814.321,14.9,0.014,0.806,0.02,0.169,0.021,0.506,0.019,0.922,0.021
57,764.06,1797.22,14.91,0.008,1.752,0.012,98.85,99,1,0.016,1.85,0.011
58,1899.54,1209.39,14.94,0.008,0.801,0.012,0.057,0.015,0.48,0.011,0.896,0.014
59,1207.89,225.914,14.948,0.013,0.863,0.019,0.21,0.022,0.533,0.019,0.995,0.02
60,1586.64,1005.36,14.957,0.007,0.861,0.011,0.051,0.013,99,99,0.967,0.012
61,242.383,1577.11,14.995,0.016,0.989,0.024,0.226,0.026,0.588,0.026,1.105,0.025
62,1010.57,703.673,15.014,0.011,1.708,0.015,98.85,99,0.947,0.014,1.705,0.015
63,909.432,407.946,15.037,0.01,0.744,0.015,0.271,0.022,0.459,0.014,0.836,0.015
64,1273.59,1248.58,15.103,0.005,1.405,0.009,1.056,0.04,0.785,0.008,1.451,0.009
65,790.971,642.998,15.156,0.01,0.749,0.014,0.041,0.017,0.455,0.013,0.824,0.014
66,258.229,1466.81,15.157,0.015,1.397,0.021,1.109,0.046,0.761,0.024,1.389,0.023
67,1510.58,1002.82,15.159,0.006,0.636,0.009,0.392,0.014,0.374,0.009,0.716,0.011
68,640.897,88.47,15.193,0.013,0.85,0.019,0.123,0.022,0.509,0.02,0.929,0.018
70,1061.99,1763.03,15.2,0.005,1.758,0.009,98.85,99,0.976,0.012,1.785,0.008
71,799.069,314.53,15.212,0.01,1.29,0.014,0.928,0.04,0.739,0.014,1.351,0.014
72,397.235,1176.5,15.224,0.011,1.598,0.015,1.307,0.063,1.031,0.018,2.058,0.016
73,137.298,1295.86,15.229,0.017,0.921,0.025,0.177,0.026,0.529,0.026,0.984,0.025
74,771.05,404.035,15.234,0.01,1.202,0.015,0.837,0.039,0.69,0.014,1.255,0.015
75,259.12,1441.59,15.237,0.015,1.584,0.022,98.85,99,0.871,0.024,1.592,0.022
76,1087.83,1820.18,15.267,0.006,0.791,0.009,0.14,0.016,0.488,0.012,0.92,0.009
77,169.902,15.914,15.276,0.018,0.917,0.033,-0.027,0.038,0.53,0.028,1.003,0.028
78,1934.63,1514.09,15.294,0.007,0.938,0.011,0.245,0.018,0.541,0.01,1.015,0.014
79,1811.96,1921.32,15.322,0.014,0.836,0.024,0.142,0.032,0.478,0.021,0.898,0.02
80,1746.68,1591.57,15.363,0.008,0.896,0.012,0.173,0.017,0.519,0.01,0.981,0.013
81,307.006,56.51,15.372,0.017,1.142,0.025,0.442,0.042,0.666,0.026,1.255,0.025
82,1890.88,1303.33,15.383,0.008,0.739,0.012,0.162,0.017,0.465,0.011,0.875,0.014
83,1622.25,1232.65,15.4,0.008,0.811,0.011,0.043,0.013,0.51,0.01,0.968,0.012
84,326.243,1021.06,15.416,0.012,1.265,0.018,0.889,0.039,0.724,0.019,1.33,0.018
85,131.671,453.495,15.441,0.019,1.288,0.027,0.838,0.051,0.73,0.028,1.334,0.027
86,1087.51,689.302,15.449,0.011,0.884,0.016,0.264,0.027,0.522,0.014,0.95,0.014
87,578.754,1726.82,15.45,0.012,0.983,0.017,0.188,0.024,0.586,0.019,1.105,0.017
88,925.503,941.42,15.452,0.01,1.043,0.014,0.817,0.036,0.639,0.013,1.081,0.014
89,2016.65,502.228,15.471,0.019,0.274,0.027,0.791,0.038,0.528,0.028,1.076,0.031
90,17.483,173.266,15.495,0.027,0.912,0.04,-0.011,0.039,0.516,0.036,1.011,0.04
91,1756.66,895.914,15.498,0.014,0.892,0.021,0.213,0.031,0.54,0.02,0.981,0.023
92,1273.86,247.717,15.507,0.016,0.769,0.022,0.293,0.031,0.492,0.025,0.894,0.026
93,200.454,2002.5,15.507,0.019,1.077,0.028,0.465,0.037,0.598,0.033,1.135,0.03
94,1598.51,1786.02,15.512,0.006,0.896,0.01,0.044,0.02,0.549,0.01,1.041,0.009
95,1380.97,540.523,15.542,0.014,0.943,0.019,0.331,0.029,0.576,0.019,1.065,0.021
96,426.078,126.411,15.595,0.017,1.526,0.023,98.85,99,0.856,0.023,1.534,0.023
97,1451.64,534.25,15.595,0.014,1.016,0.02,0.37,0.037,0.613,0.019,1.136,0.021
98,111.446,1817.12,15.601,0.019,1.537,0.028,98.85,99,0.823,0.031,1.514,0.029
99,1517.52,1306.65,15.602,0.007,0.821,0.011,0.075,0.017,0.519,0.009,0.979,0.012
100,931.875,543.87,15.628,0.012,1.405,0.018,98.85,99,0.807,0.015,1.453,0.016
101,1626.63,1522.06,15.635,0.007,1.52,0.012,98.85,99,0.855,0.01,1.613,0.011
102,996.901,1822.09,15.636,0.006,1.777,0.012,98.85,99,1,0.013,1.831,0.009
103,704.828,1103.62,15.697,0.006,1.746,0.01,98.85,99,0.99,0.01,1.809,0.008
104,1288.41,1453,15.697,0.005,0.805,0.01,0.065,0.017,0.499,0.008,0.939,0.008
105,973.352,1435.15,15.716,0.006,0.615,0.009,0.531,0.019,0.373,0.011,0.723,0.009
106,1294.43,1134.34,15.724,0.006,1.386,0.01,98.85,99,0.783,0.008,1.447,0.009
107,1761.58,1515.83,15.747,0.008,0.7,0.012,0.109,0.021,0.431,0.01,0.834,0.012
108,181.859,1084.54,15.749,0.015,1.293,0.022,98.85,99,0.713,0.024,1.309,0.023
109,1559.34,1331.81,15.751,0.006,0.616,0.01,0.348,0.021,0.375,0.009,0.714,0.01
110,321.395,201.593,15.763,0.022,0.911,0.029,0.048,0.044,0.552,0.031,1.009,0.031
111,115.04,618.975,15.767,0.018,1.403,0.026,98.85,99,0.771,0.025,1.4,0.027
112,763.752,861.744,15.772,0.008,1.279,0.013,98.85,99,0.746,0.012,1.37,0.012
113,1860.8,1368.2,15.772,0.008,1.201,0.014,0.738,0.041,0.695,0.011,1.287,0.014
114,1425.69,125.145,15.78,0.018,0.875,0.025,0.11,0.032,0.547,0.025,1.016,0.027
115,783.445,1875.75,15.802,0.008,1.359,0.014,98.85,99,0.773,0.016,1.403,0.012
116,185.903,261.174,15.804,0.033,1.563,0.087,-0.52,0.087,0.523,0.043,0.945,0.045
117,806.259,1076.99,15.827,0.006,0.848,0.009,0.172,0.023,0.513,0.01,0.952,0.009
118,1077.53,1947.89,15.837,0.013,0.939,0.019,0.2,0.03,0.608,0.023,1.102,0.02
119,1160.41,991.237,15.839,0.015,0.67,0.019,0.103,0.017,0.464,0.018,0.817,0.023
120,63.692,1392.92,15.881,0.019,0.949,0.027,0.117,0.033,0.539,0.028,1.007,0.028
121,378.827,1081.96,15.885,0.011,1.017,0.016,0.417,0.039,0.576,0.017,1.042,0.017
122,205.009,1503.05,15.89,0.016,1.345,0.023,98.85,99,0.739,0.026,1.371,0.025
123,1283.78,1358.63,15.896,0.008,1.305,0.015,98.85,99,0.758,0.011,1.437,0.012
124,1719.58,1196.8,15.939,0.008,0.804,0.012,0.039,0.018,0.489,0.01,0.932,0.012
125,811.892,168.921,15.941,0.014,1.378,0.022,98.85,99,0.794,0.021,1.411,0.02
126,1031.25,373.343,15.956,0.013,0.889,0.019,0.312,0.037,0.521,0.018,0.96,0.019
127,983.665,850.676,15.963,0.011,1.197,0.016,0.682,0.061,0.724,0.014,1.335,0.015
128,461.323,1649.03,15.973,0.012,0.755,0.017,0.149,0.025,0.462,0.02,0.869,0.018
129,1744.05,1730.13,15.976,0.008,0.852,0.013,0.13,0.026,0.512,0.011,1,0.012
130,1422.41,936.305,15.977,0.013,0.837,0.019,0.206,0.033,0.527,0.017,0.962,0.02
131,863.906,428.529,15.983,0.013,0.88,0.02,0.332,0.032,0.488,0.017,0.944,0.018
132,1536.19,1591.87,15.995,0.008,0.854,0.011,0.087,0.025,0.534,0.01,1.01,0.011
133,976.077,1367.72,15.996,0.007,1.31,0.011,0.733,0.047,0.758,0.011,1.416,0.009
134,630.256,435.274,16.003,0.013,0.473,0.018,0.481,0.036,0.309,0.019,0.567,0.018
135,171.486,723.526,16.009,0.017,0.905,0.024,0.202,0.039,0.545,0.025,0.996,0.026
136,508.401,1028.34,16.01,0.01,0.816,0.014,0.136,0.024,0.501,0.014,0.947,0.014
137,672.585,1112.79,16.011,0.007,0.927,0.01,0.197,0.025,0.559,0.011,1.041,0.011
138,251.751,616.357,16.015,0.016,1.508,0.024,98.85,99,0.829,0.023,1.482,0.022
139,338.416,1218.47,16.023,0.013,1.249,0.019,0.884,0.078,0.743,0.021,1.321,0.019
140,1608.08,1290.6,16.026,0.007,1.385,0.013,98.85,99,0.787,0.009,1.418,0.012
141,1934.5,624.516,16.029,0.017,0.813,0.025,0.041,0.036,0.517,0.025,0.948,0.027
142,1075.47,797.055,16.04,0.017,0.821,0.025,0.084,0.037,0.536,0.023,0.967,0.026
143,1913.81,222.13,16.042,0.021,0.791,0.029,0.121,0.043,0.491,0.03,0.925,0.032
144,1974.17,1514.13,16.052,0.007,0.815,0.013,0.047,0.028,0.493,0.01,0.938,0.014
145,1906.16,445.533,16.053,0.019,0.927,0.027,0.184,0.044,0.567,0.027,1.039,0.028
146,186.215,243.057,16.055,0.019,0.984,0.028,0.347,0.045,0.557,0.028,1.015,0.027
744,1337.96,1904.21,18.255,0.018,0.969,0.031,98.85,99,0.605,0.023,1.101,0.027
148,110.756,872.23,16.059,0.018,1.4,0.026,98.85,99,0.793,0.025,1.442,0.028
149,674.398,168.905,16.067,0.015,0.843,0.022,0.113,0.027,0.522,0.022,0.96,0.021
150,127.774,582.95,16.077,0.018,1.403,0.027,98.85,99,0.778,0.025,1.407,0.028
151,1989.51,111.512,16.08,0.025,0.482,0.035,0.547,0.067,0.459,0.036,0.948,0.04
152,709.897,1072.86,16.081,0.007,1.555,0.012,98.85,99,0.867,0.01,1.59,0.009
153,773.867,1015.79,16.094,0.007,1.005,0.01,0.387,0.034,0.593,0.01,1.08,0.01
154,1030.38,1390.26,16.11,0.005,1.441,0.01,98.85,99,0.819,0.009,1.506,0.008
155,913.769,394.195,16.112,0.02,1.603,0.032,98.85,99,0.909,0.026,1.584,0.025
156,370.888,143.532,16.112,0.019,1.112,0.027,98.85,99,0.651,0.027,1.16,0.026
157,803.513,972.666,16.114,0.011,1.304,0.016,98.85,99,0.762,0.013,1.375,0.014
158,1976.15,917.73,16.115,0.016,0.785,0.025,0.016,0.042,0.5,0.023,0.937,0.026
159,394.452,1613.16,16.119,0.013,1.237,0.019,0.682,0.053,0.711,0.022,1.313,0.02
160,1398.55,273.233,16.121,0.017,1.037,0.025,0.36,0.05,0.615,0.024,1.13,0.023
161,464.095,890.806,16.131,0.012,0.806,0.017,0.229,0.04,0.489,0.017,0.899,0.018
162,1745.51,874.834,16.142,0.015,1.37,0.022,98.85,99,0.769,0.021,1.406,0.023
163,153.259,176.292,16.144,0.022,1.485,0.033,98.85,99,0.815,0.031,1.523,0.031
164,1961.04,1076.5,16.153,0.009,1.297,0.015,98.85,99,0.725,0.014,1.344,0.016
165,1083.04,13.995,16.153,0.017,1.438,0.025,98.85,99,0.76,0.025,1.38,0.024
166,1993.68,566.456,16.158,0.02,1.247,0.03,98.85,99,0.861,0.028,1.563,0.028
167,286.713,1734.02,16.159,0.017,0.866,0.024,0.112,0.03,0.502,0.026,0.951,0.026
168,1772.81,1332.5,16.163,0.009,0.572,0.013,0.446,0.029,0.332,0.011,0.641,0.015
169,831.222,1464.43,16.167,0.007,1.031,0.011,0.396,0.04,0.591,0.013,1.097,0.009
170,753.43,1952.61,16.173,0.011,1.379,0.016,98.85,99,0.776,0.02,1.468,0.016
171,229.714,1343.83,16.19,0.015,1.311,0.022,98.85,99,0.731,0.024,1.325,0.022
172,1720.71,722.331,16.198,0.016,1.286,0.024,98.85,99,0.746,0.021,1.364,0.023
173,1431.79,600.046,16.22,0.015,0.815,0.021,0.197,0.034,0.519,0.02,0.939,0.022
174,171.624,912.954,16.221,0.017,1.49,0.025,98.85,99,0.825,0.024,1.494,0.023
175,460.234,1565.44,16.242,0.011,1.213,0.017,0.495,0.055,0.686,0.02,1.251,0.017
1037,1587.82,1927.68,18.794,0.026,1.505,0.063,98.85,99,1.176,0.03,2.51,0.029
177,923.703,1587.49,16.269,0.007,1.454,0.013,98.85,99,0.811,0.013,1.506,0.009
178,1327.14,1789.19,16.305,0.007,1.598,0.013,98.85,99,0.891,0.012,1.619,0.01
179,1579.07,1962.73,16.314,0.007,1.414,0.013,98.85,99,0.793,0.013,1.479,0.01
180,183.456,1866.68,16.328,0.02,1.684,0.028,98.85,99,0.929,0.03,1.726,0.028
181,2004.71,433.578,16.34,0.018,0.531,0.028,0.752,0.056,0.563,0.028,1.119,0.031
182,597.443,827.414,16.348,0.013,0.84,0.019,0.21,0.04,0.517,0.017,0.942,0.018
183,626.369,1747.47,16.383,0.01,1.392,0.015,98.85,99,0.804,0.018,1.501,0.015
184,1532.75,545.434,16.388,0.015,1.041,0.022,0.386,0.068,0.615,0.021,1.141,0.022
185,787.288,889.397,16.407,0.011,1.25,0.018,0.761,0.087,0.743,0.013,1.345,0.014
186,573.568,1198.85,16.411,0.01,0.923,0.014,98.85,99,0.566,0.014,1.045,0.014
187,421.723,952.937,16.414,0.012,0.821,0.018,0.034,0.044,0.52,0.017,0.957,0.018
188,524.038,326.005,16.417,0.015,0.954,0.023,0.249,0.047,0.559,0.022,1.007,0.022
189,391.867,607.51,16.429,0.015,0.809,0.022,0.133,0.044,0.496,0.02,0.901,0.021
190,1224.13,1375.11,16.437,0.01,1.277,0.015,98.85,99,0.723,0.013,1.351,0.013
191,1681.38,1472.3,16.449,0.009,1.235,0.014,98.85,99,0.73,0.011,1.347,0.014
192,809.461,620.371,16.459,0.013,0.853,0.02,0.092,0.041,0.529,0.017,0.968,0.018
193,408.144,480.781,16.46,0.015,0.769,0.022,0.198,0.052,0.502,0.021,0.917,0.022
194,734.862,756.474,16.47,0.023,1.442,0.029,98.85,99,99,99,1.368,0.029
195,746.747,1000.26,16.475,0.008,0.915,0.011,0.155,0.036,0.554,0.011,1.012,0.01
196,1000.59,1014.6,16.487,0.007,0.744,0.012,0.186,0.035,0.46,0.009,0.885,0.01
197,747.621,450.95,16.512,0.014,1.617,0.023,98.85,99,0.89,0.019,1.58,0.019
198,937.629,1156.52,16.536,0.007,1.42,0.013,98.85,99,0.807,0.01,1.468,0.009
199,1839.13,414.579,16.541,0.02,1.159,0.029,98.85,99,0.689,0.027,1.223,0.03
201,1046.52,1194.44,16.555,0.007,0.919,0.011,0.188,0.043,0.549,0.01,1.031,0.011
202,745.255,980.902,16.562,0.01,0.9,0.015,0.158,0.044,0.538,0.013,0.971,0.014
203,394.128,1290.46,16.562,0.013,0.946,0.018,0.159,0.042,0.545,0.019,1.013,0.018
204,1776.3,645.769,16.568,0.017,0.874,0.024,0.193,0.055,0.548,0.023,1.007,0.026
205,1391.64,182.602,16.578,0.018,1.017,0.025,0.281,0.062,0.618,0.024,1.118,0.028
206,1943.93,252.402,16.597,0.021,1.01,0.031,0.317,0.073,0.603,0.03,1.106,0.032
207,582.7,1078.45,16.599,0.038,0.969,0.053,98.85,99,0.629,0.05,1.053,0.056
208,296.376,1691.46,16.602,0.015,0.803,0.023,0.105,0.046,0.484,0.024,0.922,0.023
209,785.677,1985.6,16.609,0.012,0.888,0.017,0.228,0.043,0.557,0.02,1.047,0.017
210,368.067,1235.66,16.618,0.012,0.904,0.018,0.216,0.046,0.548,0.019,1.008,0.018
211,1502.39,1167.08,16.623,0.007,0.537,0.012,0.392,0.042,0.321,0.01,0.623,0.013
212,278.926,641.901,16.636,0.017,0.821,0.023,0.166,0.045,0.502,0.024,0.913,0.025
213,891.114,538.511,16.648,0.014,0.953,0.019,98.85,99,0.554,0.018,0.998,0.021
214,211.225,1710.69,16.663,0.018,0.727,0.025,0.448,0.049,0.458,0.028,0.858,0.026
215,1543.76,1520.45,16.665,0.007,1.372,0.014,98.85,99,0.796,0.01,1.473,0.012
217,669.881,342.546,16.667,0.014,0.973,0.02,98.85,99,0.569,0.02,1.027,0.021
218,569.844,1842.92,16.668,0.014,1.043,0.021,0.331,0.062,0.644,0.021,1.205,0.021
219,1315.78,395.353,16.683,0.017,0.886,0.024,0.241,0.057,0.553,0.022,1.036,0.024
220,564.083,1932.03,16.706,0.022,1.479,0.028,98.85,99,0.886,0.033,1.595,0.035
221,1623.14,41.77,16.712,0.019,1.354,0.031,98.85,99,0.814,0.028,1.493,0.029
222,340.332,776.719,16.72,0.015,0.765,0.022,0.271,0.049,0.482,0.022,0.873,0.021
223,1988.82,272.251,16.748,0.022,0.897,0.032,98.85,99,0.68,0.03,1.302,0.033
224,1151.72,575.405,16.753,0.014,0.931,0.022,0.235,0.083,0.561,0.019,1.029,0.02
225,1404.16,508.642,16.754,0.015,1.112,0.022,98.85,99,0.663,0.021,1.18,0.022
226,1641.97,937.41,16.755,0.015,0.926,0.022,0.216,0.061,0.571,0.02,1.048,0.023
227,1623.67,840.118,16.755,0.015,0.625,0.021,0.463,0.055,0.354,0.02,0.693,0.025
1054,1887.04,1511.96,18.827,0.028,0.992,0.051,98.85,99,0.513,0.037,0.964,0.048
229,330.81,1705.78,16.77,0.015,1.044,0.022,0.247,0.051,0.606,0.024,1.123,0.022
230,1091.79,1178.06,16.771,0.007,0.79,0.013,0.344,0.051,0.51,0.01,0.934,0.01
231,1420.67,1808.41,16.783,0.009,1.018,0.015,0.288,0.054,0.606,0.013,1.105,0.012
232,619.012,1156,16.783,0.008,0.91,0.015,-0.006,0.041,0.556,0.013,1.047,0.014
233,1540.1,436.049,16.785,0.018,1.475,0.026,98.85,99,0.854,0.025,1.506,0.028
234,84.012,297.986,16.789,0.023,0.797,0.033,0.194,0.057,0.48,0.033,0.92,0.036
530,1657.24,767.486,17.797,0.022,0.986,0.032,98.85,99,0.596,0.028,1.087,0.031
236,1109.11,1173.9,16.795,0.008,0.416,0.012,0.136,0.03,0.25,0.011,0.475,0.012
237,1903.88,136.085,16.802,0.021,1.117,0.032,98.85,99,0.651,0.031,1.191,0.033
238,851.157,1065.42,16.812,0.008,0.984,0.014,0.234,0.051,0.577,0.011,1.079,0.012
239,605.456,564.25,16.815,0.014,0.688,0.021,98.85,99,0.424,0.019,0.786,0.021
240,1989.95,91.235,16.824,0.025,0.579,0.034,98.85,99,0.551,0.035,1.114,0.039
241,1637.79,1081.28,16.824,0.008,0.887,0.016,0.193,0.05,0.544,0.011,1.038,0.014
242,941.657,662.77,16.826,0.012,0.959,0.018,98.85,99,0.598,0.018,1.051,0.019
243,1763.43,391.048,16.838,0.04,0.757,0.056,0.171,0.063,0.5,0.052,0.892,0.06
244,1116.71,1412,16.84,0.008,0.91,0.013,0.253,0.052,0.563,0.012,1.013,0.012
245,1433.19,287.962,16.846,0.02,1.022,0.029,98.85,99,0.599,0.027,1.107,0.029
246,316.77,528.22,16.847,0.018,1.004,0.025,0.41,0.088,0.608,0.023,1.091,0.025
247,186.295,1186.36,16.853,0.014,1.37,0.023,98.85,99,0.764,0.021,1.411,0.021
248,1028.82,1346.76,16.855,0.007,0.931,0.011,0.302,0.054,0.565,0.011,1.071,0.011
249,1928.56,482.688,16.868,0.02,0.921,0.029,0.254,0.072,0.569,0.028,1.055,0.031
250,1361.19,372.572,16.872,0.017,1.476,0.027,98.85,99,0.856,0.023,1.524,0.026
251,1378.57,834.21,16.872,0.015,0.85,0.022,0.17,0.057,0.564,0.02,1.011,0.024
252,1941.29,933.471,16.873,0.017,0.748,0.025,-0.456,0.169,0.501,0.023,0.91,0.026
253,1872.7,115.676,16.877,0.021,1.395,0.034,98.85,99,0.772,0.03,1.447,0.031
254,1171.81,1411.76,16.88,0.009,1.366,0.016,98.85,99,0.79,0.013,1.474,0.012
256,1038.71,1154.54,16.902,0.011,1.22,0.017,98.85,99,0.764,0.016,1.357,0.015
257,1590.76,1404.35,16.902,0.011,0.672,0.016,0.243,0.047,0.401,0.013,0.758,0.016
258,1446.48,1966.26,16.905,0.008,1.131,0.015,98.85,99,0.711,0.013,1.255,0.012
259,1792.47,505.894,16.917,0.018,0.878,0.027,0.129,0.058,0.55,0.025,1.025,0.028
260,828.046,890.344,16.93,0.012,0.93,0.02,0.267,0.069,0.565,0.016,1.003,0.017
261,1858.39,1940.2,16.931,0.01,0.697,0.017,0.38,0.065,0.581,0.014,1.089,0.014
262,1710.45,1708.89,16.939,0.01,0.828,0.015,0.13,0.058,0.517,0.014,0.987,0.015
263,1128.06,1769.86,16.94,0.018,0.974,0.027,98.85,99,0.62,0.023,1.111,0.026
264,869.56,935.264,16.95,0.017,0.949,0.023,0.264,0.077,0.545,0.021,0.999,0.023
265,1668.96,400.77,16.952,0.02,0.815,0.029,98.85,99,0.503,0.027,0.956,0.029
266,842.708,816.026,16.956,0.012,0.996,0.02,98.85,99,0.66,0.023,1.083,0.016
267,996.828,1555.04,16.959,0.009,0.854,0.016,0.133,0.058,0.555,0.015,1.004,0.014
268,740.752,139.75,16.963,0.023,1.366,0.039,98.85,99,0.811,0.034,1.445,0.031
269,177.653,1960.14,16.976,0.023,1.086,0.032,98.85,99,0.634,0.034,1.187,0.033
270,388.914,722.544,16.981,0.014,0.903,0.022,0.09,0.06,0.581,0.019,1.044,0.021
271,576.314,1766.97,16.981,0.012,0.975,0.018,0.159,0.068,0.608,0.019,1.127,0.019
272,50.996,1756.41,16.985,0.02,1.331,0.031,98.85,99,0.758,0.03,1.426,0.031
273,1441.46,1850.06,16.986,0.009,1.071,0.016,0.336,0.097,0.648,0.013,1.176,0.014
274,282.312,548.746,16.988,0.018,0.786,0.025,98.85,99,0.473,0.025,0.894,0.026
275,1485.08,714.326,16.994,0.017,0.832,0.025,98.85,99,0.505,0.023,0.942,0.026
276,1019.62,1709.53,16.996,0.008,0.898,0.014,98.85,99,0.559,0.012,1.05,0.013
277,229.295,60.66,17,0.021,1.144,0.033,98.85,99,0.589,0.03,1.13,0.03
278,1687.31,776.905,17.001,0.018,0.673,0.027,0.337,0.069,0.468,0.022,0.867,0.025
279,1724.01,854.562,17.009,0.019,0.927,0.03,98.85,99,0.573,0.024,1.034,0.027
280,489.864,1094.27,17.012,0.011,0.749,0.016,98.85,99,0.425,0.017,0.804,0.016
281,1759.52,1839.09,17.015,0.01,0.913,0.015,98.85,99,0.584,0.014,1.077,0.014
283,1089.96,787.827,17.023,0.014,0.987,0.024,98.85,99,0.56,0.018,1.044,0.022
1045,1904.12,870.983,18.816,0.041,0.885,0.06,98.85,99,0.567,0.048,1.045,0.058
285,592.909,1421.56,17.028,0.011,1.337,0.019,98.85,99,0.838,0.017,1.477,0.016
286,970.287,1594.71,17.03,0.01,1.156,0.015,98.85,99,0.688,0.014,1.275,0.013
288,861.289,1126.96,17.035,0.01,0.96,0.016,0.145,0.075,0.557,0.013,1.036,0.013
289,486.012,1271.69,17.04,0.014,1.333,0.022,98.85,99,0.733,0.019,1.379,0.02
290,1029.16,1621.64,17.045,0.007,0.857,0.013,0.059,0.06,0.541,0.014,1.006,0.012
291,1933.45,186.165,17.052,0.025,0.749,0.034,0.282,0.097,0.479,0.033,0.903,0.034
292,964.228,1581.99,17.056,0.009,1.514,0.019,98.85,99,1.018,0.015,2.1,0.012
293,1342.63,1288.99,17.067,0.008,0.831,0.014,0.134,0.061,0.519,0.012,0.967,0.013
294,1234.74,1647.96,17.071,0.009,0.824,0.015,0.015,0.048,0.523,0.013,0.979,0.014
295,51.008,1075.37,17.079,0.019,1.393,0.031,98.85,99,0.76,0.026,1.415,0.026
296,1027.35,181.992,17.083,0.016,0.998,0.025,98.85,99,0.602,0.023,1.108,0.024
297,1324.5,1223.32,17.089,0.011,0.917,0.017,0.085,0.048,0.565,0.014,1.044,0.016
298,1637.18,610.083,17.09,0.015,0.835,0.023,98.85,99,0.501,0.021,0.959,0.023
299,943.854,717.053,17.092,0.015,1.172,0.025,98.85,99,0.677,0.018,1.23,0.021
300,1736.29,245.006,17.097,0.02,0.912,0.031,98.85,99,0.534,0.028,1.026,0.03
301,1539.49,280.919,17.098,0.02,0.888,0.029,98.85,99,0.57,0.027,1.049,0.03
302,1325.92,559.583,17.106,0.016,1.05,0.026,0.349,0.109,0.653,0.021,1.169,0.025
303,656.093,1415.35,17.111,0.01,1.163,0.017,98.85,99,0.695,0.016,1.239,0.014
304,780.417,280.128,17.115,0.019,0.919,0.026,98.85,99,0.551,0.024,1.033,0.024
305,48.262,64.619,17.115,0.023,1.195,0.035,98.85,99,0.498,0.032,1.112,0.035
306,900.884,1506.04,17.116,0.019,0.915,0.026,0.133,0.07,0.571,0.024,1.036,0.024
307,1752.45,1265,17.117,0.009,0.834,0.016,0.236,0.055,0.513,0.013,0.982,0.016
308,1383.91,401.599,17.119,0.018,0.979,0.027,98.85,99,0.606,0.024,1.122,0.026
309,857.803,1094.83,17.127,0.008,0.939,0.014,0.265,0.059,0.545,0.012,1.023,0.012
310,1046.23,781.756,17.134,0.017,0.886,0.025,98.85,99,0.565,0.02,1.03,0.023
311,12.589,1353.01,17.14,0.02,0.916,0.028,0.157,0.071,0.578,0.028,1.057,0.031
312,481.235,626.423,17.141,0.017,0.861,0.025,0.117,0.086,0.505,0.021,0.93,0.023
313,1724.08,1152.39,17.144,0.01,0.819,0.019,98.85,99,0.507,0.014,0.987,0.016
314,894.745,1340.8,17.146,0.01,0.809,0.017,98.85,99,0.51,0.014,0.94,0.015
315,1565.24,759.328,17.151,0.018,0.881,0.027,98.85,99,0.592,0.025,1.052,0.028
316,650.008,1521.03,17.152,0.011,1.021,0.018,98.85,99,0.612,0.018,1.141,0.016
317,1739.01,1666.4,17.16,0.009,0.799,0.016,0.072,0.054,0.531,0.014,0.974,0.017
318,1368.77,1524.45,17.161,0.01,1.077,0.017,98.85,99,0.598,0.014,1.118,0.014
319,1014.78,1153.3,17.165,0.009,1.283,0.023,98.85,99,0.732,0.011,1.441,0.012
320,673.923,1922.44,17.165,0.012,1.367,0.025,98.85,99,0.798,0.022,1.486,0.018
321,771.689,1162.6,17.167,0.01,0.989,0.016,98.85,99,0.589,0.015,1.062,0.015
322,1352.29,1411.3,17.169,0.01,0.98,0.017,98.85,99,0.582,0.013,1.089,0.014
323,91.947,584.495,17.169,0.021,0.988,0.031,98.85,99,0.576,0.028,1.051,0.031
324,1985.46,829.575,17.17,0.021,1.039,0.031,98.85,99,0.67,0.028,1.211,0.032
325,736.06,1030,17.172,0.01,0.888,0.015,98.85,99,0.538,0.013,1.012,0.014
326,1521.62,1267.12,17.174,0.01,1.322,0.018,98.85,99,0.739,0.013,1.386,0.014
327,1321.08,141.006,17.174,0.018,1.398,0.028,98.85,99,0.826,0.025,1.515,0.026
328,1340.09,929.932,17.176,0.012,0.796,0.02,98.85,99,0.506,0.017,0.92,0.021
329,73.919,237.594,17.183,0.022,0.875,0.032,98.85,99,0.508,0.032,0.94,0.033
330,723.781,1507.54,17.187,0.009,1.056,0.017,98.85,99,0.609,0.016,1.142,0.014
331,1343.66,902.267,17.189,0.016,1.423,0.029,98.85,99,0.796,0.02,1.436,0.022
332,1388.47,1519.09,17.193,0.008,1.278,0.019,98.85,99,0.741,0.012,1.379,0.014
333,1795.85,210.723,17.193,0.02,1.123,0.027,98.85,99,0.668,0.028,1.179,0.031
334,415.16,283.019,17.201,0.017,1.348,0.03,98.85,99,0.756,0.025,1.357,0.025
335,485.676,1625.98,17.203,0.015,1.225,0.023,98.85,99,0.703,0.024,1.301,0.021
336,55.288,570.803,17.206,0.021,0.852,0.029,98.85,99,0.539,0.03,0.989,0.031
337,1291.49,1416.24,17.213,0.01,0.984,0.016,98.85,99,0.607,0.014,1.1,0.014
338,513.027,687.946,17.221,0.016,1.043,0.024,98.85,99,0.616,0.021,1.105,0.021
339,1970.02,319.89,17.226,0.021,1.086,0.032,98.85,99,0.695,0.03,1.315,0.033
340,1503.18,717.306,17.226,0.016,1.005,0.027,98.85,99,0.622,0.022,1.122,0.024
341,1188.39,905.688,17.231,0.017,0.814,0.027,98.85,99,0.503,0.019,0.96,0.023
342,1215.43,1675.45,17.243,0.009,0.984,0.015,98.85,99,0.602,0.013,1.128,0.014
343,538.406,402.445,17.246,0.014,1.105,0.025,98.85,99,0.671,0.021,1.185,0.029
344,1000.29,879.663,17.253,0.015,1.106,0.023,98.85,99,0.668,0.018,1.161,0.021
345,1329.6,1007.92,17.253,0.009,0.975,0.016,98.85,99,0.575,0.012,1.082,0.014
346,570.247,1659.59,17.258,0.013,1.004,0.021,98.85,99,0.626,0.02,1.141,0.02
347,1913.22,296.287,17.269,0.021,1.06,0.033,98.85,99,0.592,0.029,1.136,0.031
348,762.215,521.138,17.271,0.017,1.217,0.028,98.85,99,0.725,0.021,1.314,0.024
349,1278.07,794.825,17.271,0.016,0.813,0.022,98.85,99,0.516,0.021,0.945,0.026
350,794.344,1452.16,17.286,0.009,1.447,0.017,98.85,99,0.85,0.015,1.574,0.015
351,823.301,635.103,17.289,0.015,1.262,0.023,98.85,99,0.816,0.019,1.437,0.021
352,527.133,1495.34,17.289,0.012,0.812,0.02,0.087,0.059,0.508,0.019,0.956,0.019
353,952.667,1479.66,17.29,0.012,1.366,0.022,98.85,99,0.766,0.016,1.418,0.016
354,721.758,311.396,17.304,0.019,0.936,0.024,98.85,99,0.6,0.025,1.09,0.026
355,1008.64,1229.34,17.307,0.009,0.95,0.016,98.85,99,0.574,0.013,1.086,0.014
356,1029.53,1975.86,17.31,0.013,1.004,0.019,98.85,99,0.617,0.02,1.155,0.018
357,446.191,465.418,17.31,0.018,0.854,0.028,98.85,99,0.547,0.023,1.01,0.026
358,1790.01,1893.55,17.313,0.011,1.324,0.023,98.85,99,0.829,0.017,1.442,0.016
359,1735.75,872.443,17.318,0.018,0.913,0.028,98.85,99,0.578,0.023,1.054,0.025
360,1578.22,296.315,17.321,0.021,1.065,0.029,98.85,99,0.603,0.027,1.131,0.031
361,809.953,1258.54,17.324,0.023,0.889,0.033,98.85,99,0.578,0.027,1.051,0.036
362,979.193,1513.69,17.326,0.009,1.343,0.016,98.85,99,0.781,0.015,1.43,0.014
363,1104.55,712.921,17.329,0.016,0.855,0.025,98.85,99,0.525,0.02,0.966,0.024
364,1210.84,397.027,17.333,0.026,1.148,0.039,98.85,99,0.691,0.032,1.245,0.034
365,319.662,620.679,17.338,0.017,0.849,0.026,98.85,99,0.511,0.026,0.925,0.023
366,844.495,1011.77,17.341,0.011,0.891,0.017,98.85,99,0.571,0.014,1.054,0.017
367,375.676,1464.54,17.342,0.016,0.846,0.023,0.101,0.067,0.534,0.023,0.988,0.023
368,1052.14,1088.64,17.344,0.011,1.426,0.019,98.85,99,0.828,0.013,1.524,0.015
369,1302.47,1928.9,17.355,0.043,1.116,0.081,98.85,99,99,99,1.064,0.072
370,1847,930.579,17.367,0.019,1.031,0.027,98.85,99,0.619,0.024,1.129,0.026
371,796.247,711.522,17.369,0.014,1.148,0.024,98.85,99,0.675,0.019,1.208,0.019
372,12.806,42.979,17.372,0.021,1.453,0.035,98.85,99,0.535,0.032,1.244,0.037
373,567.349,685.703,17.374,0.016,1.38,0.027,98.85,99,0.762,0.021,1.397,0.023
374,207.849,125.69,17.374,0.023,1.184,0.038,98.85,99,0.675,0.034,1.23,0.036
375,602.042,667.617,17.394,0.018,0.921,0.026,98.85,99,0.586,0.023,1.04,0.026
376,469.029,1372.26,17.396,0.012,0.985,0.025,98.85,99,0.606,0.022,1.098,0.02
377,1033.99,1194.38,17.401,0.011,0.878,0.017,98.85,99,0.56,0.014,1.03,0.016
378,1748.48,1903.41,17.405,0.014,1.072,0.021,98.85,99,99,99,1.007,0.018
379,2009.13,200.832,17.407,0.026,0.398,0.036,98.85,99,0.549,0.036,1.169,0.036
380,1332.95,1369.86,17.408,0.011,0.91,0.019,98.85,99,0.573,0.014,1.078,0.016
381,1014.6,1452.8,17.409,0.01,1.005,0.015,98.85,99,0.631,0.013,1.157,0.014
382,1517.86,1202.43,17.41,0.013,1.081,0.022,98.85,99,0.646,0.016,1.17,0.018
383,657.49,864.079,17.41,0.02,1.163,0.028,98.85,99,0.74,0.03,1.276,0.028
384,1953.3,1685.79,17.413,0.013,1.171,0.021,98.85,99,0.673,0.016,1.234,0.017
385,1578.93,527.211,17.416,0.02,1.248,0.03,98.85,99,0.765,0.027,1.383,0.03
386,720.9,784.585,17.419,0.014,1.144,0.027,98.85,99,0.701,0.019,1.17,0.018
387,1041.82,1816.14,17.422,0.012,1.2,0.02,98.85,99,0.734,0.017,1.342,0.016
388,97.447,1115.53,17.426,0.018,0.993,0.028,98.85,99,0.611,0.025,1.123,0.028
389,102.636,969.847,17.429,0.021,0.954,0.03,98.85,99,0.604,0.028,1.055,0.03
390,1842.87,1876.51,17.43,0.011,0.846,0.019,98.85,99,0.518,0.017,1.007,0.017
391,583.605,735.769,17.433,0.017,0.954,0.026,98.85,99,0.582,0.023,1.023,0.023
392,1133.91,426.204,17.438,0.019,1.213,0.03,98.85,99,0.691,0.025,1.392,0.057
393,1757.3,269.943,17.439,0.019,0.951,0.032,98.85,99,0.619,0.029,1.141,0.03
394,193.657,621.076,17.439,0.016,0.84,0.027,98.85,99,0.525,0.026,0.97,0.031
395,573.577,85.353,17.439,0.021,1.01,0.031,98.85,99,0.593,0.029,1.069,0.029
396,683.701,885.054,17.44,0.015,0.849,0.02,98.85,99,0.591,0.019,1.031,0.023
397,386.601,738.301,17.44,0.02,0.829,0.028,98.85,99,0.532,0.026,0.982,0.026
398,740.586,1641.64,17.443,0.012,1.126,0.022,98.85,99,0.654,0.016,1.193,0.016
399,1158.59,1549.84,17.452,0.013,1.265,0.023,98.85,99,0.804,0.016,1.416,0.017
400,491.501,1815.67,17.454,0.016,0.911,0.024,98.85,99,0.547,0.023,1.061,0.024
401,1145.38,1282.42,17.46,0.01,0.934,0.016,0.163,0.102,0.551,0.013,1.021,0.016
402,886.361,1625.16,17.463,0.011,1.01,0.019,98.85,99,0.621,0.017,1.173,0.016
403,1920.04,1119.6,17.464,0.012,1.166,0.019,98.85,99,0.655,0.016,1.232,0.019
404,675.286,915.407,17.466,0.013,1.589,0.03,98.85,99,1.037,0.016,1.943,0.017
405,1108.66,1413.02,17.469,0.01,0.951,0.018,98.85,99,0.593,0.014,1.114,0.016
406,1174.14,547.523,17.474,0.019,0.862,0.028,98.85,99,0.519,0.024,0.954,0.026
407,202.433,717.259,17.475,0.02,1.141,0.032,98.85,99,0.662,0.027,1.184,0.03
408,626.445,1812.63,17.48,0.014,0.864,0.022,98.85,99,0.586,0.021,1.071,0.02
409,569.971,1302.13,17.481,0.012,1.56,0.024,98.85,99,0.986,0.017,1.918,0.016
410,1132.87,431.158,17.49,0.047,0.915,0.067,98.85,99,0.639,0.056,99,99
411,1598.36,323.357,17.494,0.019,1.046,0.032,98.85,99,0.644,0.027,1.175,0.028
412,36.236,1196.08,17.496,0.019,1.016,0.032,98.85,99,0.581,0.027,1.062,0.029
413,125.863,964.724,17.507,0.02,0.935,0.033,98.85,99,0.595,0.026,1.066,0.028
414,164.811,1217.09,17.51,0.017,0.782,0.025,0.06,0.072,0.458,0.023,0.883,0.028
415,604.889,855.068,17.515,0.018,0.937,0.033,98.85,99,0.587,0.023,1.058,0.026
416,847.179,1215.7,17.515,0.01,1.002,0.02,98.85,99,0.571,0.015,1.069,0.015
417,1729.55,1741.94,17.517,0.05,0.83,0.071,98.85,99,0.621,0.064,0.832,0.054
418,829.687,1651.21,17.528,0.013,0.984,0.022,98.85,99,0.63,0.018,1.171,0.017
419,1065.66,1367.23,17.528,0.011,0.955,0.021,98.85,99,0.589,0.014,1.128,0.017
420,130.716,847.736,17.531,0.019,0.814,0.029,98.85,99,0.526,0.025,0.952,0.028
421,1402.93,329.588,17.531,0.02,0.822,0.03,98.85,99,0.516,0.027,0.955,0.03
422,214.431,192.196,17.536,0.022,0.99,0.038,98.85,99,0.568,0.032,1.09,0.031
423,1346.29,1509.74,17.537,0.013,1.025,0.022,98.85,99,0.6,0.027,1.106,0.019
424,2021.03,822.685,17.539,0.021,0.51,0.033,98.85,99,0.642,0.03,1.192,0.037
425,483.553,643.844,17.541,0.016,1.047,0.03,98.85,99,0.6,0.022,1.102,0.026
820,1092.88,1528.23,18.404,0.019,0.897,0.033,98.85,99,0.555,0.024,1.051,0.028
427,716.858,392.544,17.546,0.019,1.324,0.031,98.85,99,0.787,0.024,1.415,0.027
428,11.296,303.046,17.548,0.028,1.122,0.041,98.85,99,0.502,0.035,1.117,0.038
429,1024.66,1578.57,17.551,0.01,1.268,0.021,98.85,99,0.752,0.015,1.36,0.016
430,1621.36,1851.86,17.553,0.011,0.893,0.019,98.85,99,0.598,0.016,1.084,0.019
431,1778.24,1415.76,17.554,0.012,1.204,0.019,98.85,99,0.699,0.015,1.259,0.016
432,834.152,1027.05,17.559,0.011,1.044,0.019,98.85,99,0.618,0.014,1.109,0.016
433,1773.69,1877.07,17.562,0.012,0.935,0.022,98.85,99,0.63,0.017,1.127,0.02
434,903.085,1397.2,17.563,0.05,1.198,0.056,98.85,99,0.492,0.049,1.03,0.052
435,1974.65,160.347,17.565,0.027,1.015,0.039,98.85,99,0.623,0.036,1.185,0.038
436,908.836,434.54,17.567,0.022,1.016,0.034,98.85,99,0.638,0.03,1.135,0.033
437,1506.15,1032.34,17.568,0.012,0.76,0.018,0.175,0.089,0.488,0.016,0.913,0.02
438,1417.38,11.982,17.57,0.022,0.88,0.03,98.85,99,0.542,0.032,1.038,0.033
439,1530.38,1272.93,17.573,0.012,0.751,0.018,98.85,99,0.467,0.015,0.899,0.019
440,1080.48,33.755,17.575,0.02,1.039,0.032,98.85,99,0.598,0.028,1.128,0.031
441,2021.42,998.68,17.582,0.014,0.552,0.02,98.85,99,0.569,0.02,1.161,0.023
442,1019.83,1326.09,17.582,0.011,1.171,0.02,98.85,99,0.672,0.014,1.232,0.015
443,977.108,1184.63,17.582,0.009,1.039,0.017,98.85,99,0.625,0.013,1.171,0.015
444,1575.37,615.614,17.583,0.022,0.859,0.032,98.85,99,0.532,0.028,0.992,0.033
445,2019.82,1462.13,17.588,0.014,0.914,0.024,98.85,99,0.6,0.017,1.194,0.024
446,513.379,1137.72,17.588,0.026,1.042,0.031,98.85,99,0.629,0.038,1.079,0.036
447,518.363,925.376,17.59,0.018,0.879,0.028,98.85,99,0.563,0.024,0.994,0.027
448,608.679,1048.79,17.591,0.013,1.209,0.023,98.85,99,0.719,0.018,1.325,0.018
449,1293.3,1571.52,17.593,0.011,0.975,0.019,98.85,99,0.618,0.014,1.13,0.016
450,1219.06,478.178,17.596,0.025,1.058,0.033,98.85,99,0.632,0.029,1.161,0.031
451,2002.9,1637.81,17.6,0.017,0.941,0.025,98.85,99,0.599,0.021,1.102,0.024
452,1088.46,1299.1,17.6,0.013,0.847,0.02,0.145,0.08,0.513,0.015,1.01,0.019
453,456.36,446.834,17.603,0.018,1.064,0.028,98.85,99,0.622,0.025,1.12,0.027
454,2007.93,1231.04,17.608,0.013,0.98,0.026,98.85,99,0.633,0.017,1.202,0.021
455,1588.35,1825.69,17.609,0.012,1.118,0.022,98.85,99,0.683,0.017,1.251,0.019
456,1068.35,1239.82,17.613,0.013,0.78,0.019,98.85,99,0.49,0.016,0.899,0.018
457,1409.21,1504.19,17.616,0.014,1.304,0.025,98.85,99,0.731,0.017,1.347,0.017
458,758.768,1651.58,17.617,0.013,0.988,0.022,98.85,99,0.566,0.018,1.091,0.019
459,954.536,1160.54,17.621,0.013,1.13,0.022,98.85,99,0.688,0.016,1.261,0.018
460,519.4,416.042,17.621,0.02,0.828,0.03,98.85,99,0.491,0.026,0.958,0.026
461,1743.06,1863.44,17.626,0.014,1.24,0.026,98.85,99,0.74,0.019,1.316,0.021
462,1959.26,502.664,17.629,0.023,0.974,0.036,98.85,99,0.547,0.032,1.041,0.036
463,1982.48,1040.43,17.634,0.014,0.969,0.022,98.85,99,0.595,0.02,1.087,0.023
464,1067.72,1604.57,17.636,0.014,1.001,0.02,98.85,99,0.642,0.017,1.157,0.019
465,733.064,1838.11,17.636,0.013,0.948,0.024,98.85,99,0.582,0.019,1.128,0.02
466,357.571,588.583,17.637,0.022,0.85,0.032,98.85,99,0.525,0.028,0.97,0.029
467,1730.42,1643.04,17.64,0.01,0.864,0.019,-0.012,0.078,0.553,0.016,1.047,0.019
468,1255.3,1659.59,17.644,0.011,0.943,0.022,98.85,99,0.619,0.014,1.103,0.016
469,1464.98,705.624,17.644,0.017,1.071,0.03,98.85,99,0.652,0.023,1.167,0.026
470,856.057,760.925,17.645,0.015,0.874,0.027,98.85,99,0.55,0.021,1.016,0.022
471,847.151,583.466,17.65,0.017,0.983,0.027,98.85,99,0.569,0.023,1.043,0.025
472,688.331,952.447,17.651,0.016,1.052,0.027,98.85,99,0.623,0.02,1.102,0.023
473,1382.95,446.361,17.66,0.019,1.533,0.032,98.85,99,0.912,0.025,1.629,0.026
474,1158.02,821.305,17.66,0.017,1.075,0.031,98.85,99,0.664,0.021,1.179,0.026
475,917.015,1039.67,17.663,0.014,0.926,0.022,98.85,99,0.562,0.017,1.086,0.02
476,1335.58,1851.49,17.666,0.011,0.987,0.02,98.85,99,0.599,0.017,1.091,0.017
477,773.49,1511.97,17.671,0.011,0.977,0.023,98.85,99,0.59,0.016,1.096,0.018
478,730.325,792.249,17.678,0.015,0.839,0.023,98.85,99,0.56,0.022,0.945,0.023
479,565.421,947.743,17.679,0.019,1.32,0.035,98.85,99,0.856,0.022,1.486,0.023
480,1971.44,627.712,17.679,0.02,0.986,0.034,98.85,99,0.65,0.028,1.196,0.033
481,1028.61,957.382,17.682,0.016,0.853,0.03,98.85,99,0.553,0.02,0.996,0.026
482,1627.98,1449.69,17.683,0.013,1.051,0.022,98.85,99,0.612,0.016,1.118,0.02
483,242.556,154.269,17.686,0.022,0.825,0.035,98.85,99,0.448,0.031,0.973,0.031
484,631.831,852.789,17.687,0.019,0.987,0.033,98.85,99,0.593,0.024,1.001,0.028
485,415.218,1548.45,17.689,0.016,0.942,0.026,98.85,99,0.553,0.021,1.044,0.024
486,42.937,1376.61,17.69,0.018,0.825,0.029,98.85,99,0.501,0.028,0.94,0.028
487,1537.69,956.28,17.691,0.02,0.99,0.032,0.369,0.182,0.599,0.024,1.074,0.03
488,528.466,1158.2,17.691,0.013,0.848,0.021,98.85,99,0.532,0.018,0.978,0.022
489,573.461,354.064,17.699,0.018,0.873,0.027,98.85,99,0.525,0.026,0.984,0.027
490,1096.24,1459.31,17.7,0.011,0.999,0.024,98.85,99,0.622,0.017,1.166,0.017
491,1673.54,1950.7,17.707,0.015,0.891,0.025,98.85,99,0.594,0.02,1.056,0.022
492,1152.33,1104.01,17.708,0.017,1.333,0.032,98.85,99,0.888,0.02,1.551,0.02
493,1008.36,1316.81,17.71,0.014,0.943,0.024,98.85,99,0.572,0.017,1.067,0.021
494,875.684,672.584,17.71,0.019,0.839,0.027,98.85,99,0.549,0.022,0.993,0.026
495,1954.81,635.964,17.711,0.022,1.262,0.04,98.85,99,0.779,0.029,1.343,0.036
496,522.009,462.29,17.717,0.021,0.828,0.032,98.85,99,0.498,0.026,0.932,0.032
497,976.081,1559.15,17.719,0.058,1.079,0.105,98.85,99,0.624,0.072,1.245,0.085
498,96.516,1921.65,17.719,0.022,1.183,0.037,98.85,99,0.679,0.033,1.273,0.036
499,1290.08,1660.13,17.732,0.014,1.106,0.025,98.85,99,0.664,0.018,1.244,0.018
500,332.652,409.287,17.732,0.029,0.916,0.045,98.85,99,0.579,0.037,1.028,0.036
501,1507.74,1410.19,17.736,0.014,0.94,0.024,98.85,99,0.629,0.017,1.128,0.02
502,681.705,1230.18,17.736,0.014,0.818,0.024,98.85,99,0.514,0.018,0.972,0.019
503,278.035,1050.91,17.738,0.017,1.592,0.029,98.85,99,0.988,0.023,1.89,0.023
504,800.361,1464.49,17.739,0.044,0.99,0.064,98.85,99,0.577,0.052,1.033,0.063
505,1012.7,510.864,17.743,0.019,0.842,0.028,98.85,99,0.547,0.025,1.009,0.028
506,1984.33,1486.6,17.744,0.011,1.119,0.022,98.85,99,0.644,0.016,1.132,0.023
507,996.786,1383.76,17.748,0.013,1.528,0.032,98.85,99,0.98,0.017,1.804,0.015
508,586.627,1049.29,17.749,0.011,0.892,0.019,98.85,99,0.555,0.016,1.049,0.019
509,1617.77,1286.94,17.754,0.013,1.066,0.024,98.85,99,0.672,0.016,1.2,0.02
510,1150.83,1218.99,17.756,0.016,0.814,0.029,98.85,99,0.458,0.02,0.922,0.023
511,1641.06,114.753,17.761,0.021,1.091,0.034,98.85,99,0.653,0.029,1.234,0.031
512,1422.58,1668.55,17.762,0.014,0.988,0.023,98.85,99,0.621,0.018,1.14,0.02
513,202.021,1309.39,17.762,0.017,1.063,0.029,98.85,99,0.622,0.026,1.131,0.028
514,1510.85,1487.66,17.764,0.033,1.038,0.052,98.85,99,0.692,0.04,1.203,0.042
515,400.82,1838.25,17.771,0.02,0.848,0.032,98.85,99,0.504,0.029,0.967,0.03
516,1150.67,1484.55,17.772,0.015,0.93,0.024,98.85,99,0.593,0.018,1.09,0.019
517,213.436,336.492,17.774,0.02,1.053,0.034,98.85,99,0.591,0.031,1.078,0.033
518,1036.45,1210.99,17.776,0.014,1.087,0.024,98.85,99,0.667,0.018,1.239,0.02
519,1326.89,1924.58,17.777,0.026,0.838,0.053,98.85,99,0.514,0.039,0.9,0.038
520,1953.24,98.122,17.779,0.031,0.869,0.044,98.85,99,0.59,0.049,1.046,0.046
521,1900.28,594.266,17.781,0.025,0.976,0.038,98.85,99,0.599,0.03,1.085,0.033
522,1026.94,1528.25,17.782,0.012,1.067,0.021,98.85,99,0.686,0.017,1.262,0.017
523,1403.61,1392,17.783,0.012,0.828,0.022,98.85,99,0.55,0.017,1.012,0.02
524,1981.42,122.888,17.787,0.028,0.7,0.043,98.85,99,0.516,0.037,1.036,0.041
525,511.64,650.087,17.789,0.018,0.804,0.029,98.85,99,0.492,0.023,0.922,0.029
526,1978.89,1472.8,17.79,0.015,1.171,0.027,98.85,99,0.709,0.019,1.321,0.022
527,1786.35,1931.17,17.792,0.014,1.16,0.031,98.85,99,0.722,0.019,1.304,0.02
528,1205.77,1430.46,17.794,0.013,1.113,0.026,98.85,99,0.69,0.017,1.246,0.018
529,829.676,587.692,17.795,0.017,0.888,0.025,98.85,99,0.537,0.022,1.03,0.027
531,197.455,349.598,17.805,0.029,1.119,0.042,98.85,99,0.678,0.037,1.196,0.043
532,13.011,778.199,17.805,0.022,0.95,0.032,98.85,99,0.582,0.03,1.052,0.035
533,1359.65,1415.13,17.811,0.013,1.283,0.025,98.85,99,0.769,0.017,1.357,0.02
534,1669.8,1126.81,17.811,0.012,0.825,0.021,98.85,99,0.582,0.017,1.05,0.02
535,882.824,1368.33,17.813,0.014,0.847,0.023,98.85,99,0.517,0.019,0.977,0.023
536,1920.96,649.431,17.814,0.028,1.053,0.04,98.85,99,0.674,0.035,1.226,0.04
537,119.198,1555.01,17.815,0.021,0.85,0.038,98.85,99,0.501,0.036,0.918,0.036
538,1877.53,1836.87,17.816,0.013,0.903,0.022,98.85,99,0.573,0.018,1.065,0.022
539,994.357,1141.94,17.818,0.018,1.185,0.039,98.85,99,0.746,0.021,1.479,0.022
540,98.517,154.528,17.823,0.029,1.275,0.045,98.85,99,0.684,0.037,1.268,0.039
541,1491.9,1278.9,17.824,0.012,1.056,0.024,98.85,99,0.616,0.016,1.139,0.022
542,99.542,207.792,17.824,0.035,1.136,0.051,98.85,99,0.664,0.046,1.222,0.049
543,1070.79,549.085,17.828,0.026,0.852,0.038,98.85,99,0.565,0.034,0.988,0.038
544,1921.84,1875.44,17.834,0.013,0.904,0.026,98.85,99,0.706,0.018,1.263,0.018
545,553.444,151.164,17.835,0.018,1.115,0.033,98.85,99,0.666,0.028,1.235,0.029
546,78.184,356.08,17.841,0.025,1.555,0.043,98.85,99,0.957,0.034,1.684,0.033
547,1184.58,1459.12,17.845,0.018,1.425,0.033,98.85,99,0.931,0.023,1.689,0.022
548,959.959,1989.85,17.845,0.013,0.923,0.023,98.85,99,0.566,0.02,1.045,0.019
549,238.443,1465.95,17.846,0.025,0.878,0.033,98.85,99,0.498,0.031,1,0.033
550,899.908,825.976,17.848,0.021,0.953,0.033,98.85,99,0.584,0.024,1.081,0.028
551,1129.77,1260.5,17.849,0.014,0.942,0.022,98.85,99,0.604,0.016,1.102,0.019
552,1066.41,1411.56,17.854,0.025,0.869,0.035,98.85,99,0.614,0.031,1.048,0.038
553,1023.98,1412.84,17.855,0.013,1.094,0.023,98.85,99,0.686,0.017,1.237,0.018
554,1318.83,465.006,17.86,0.018,0.901,0.032,98.85,99,0.624,0.025,1.117,0.026
555,20.037,1232.14,17.861,0.02,0.916,0.032,98.85,99,0.521,0.028,0.981,0.031
556,1098.51,695.082,17.861,0.018,0.865,0.03,98.85,99,0.495,0.023,0.943,0.026
557,773.792,543.094,17.871,0.02,0.679,0.029,98.85,99,0.434,0.025,0.8,0.03
558,681.037,448.392,17.872,0.02,1.212,0.033,98.85,99,0.713,0.026,1.282,0.03
559,118.704,1902.43,17.873,0.022,1.485,0.037,98.85,99,0.983,0.031,1.802,0.031
560,1656.85,87.234,17.873,0.023,0.846,0.039,98.85,99,0.513,0.032,0.985,0.033
675,1087.07,1424.61,18.097,0.019,0.948,0.03,98.85,99,0.579,0.023,1.029,0.028
562,1723.37,334.987,17.876,0.022,0.987,0.033,98.85,99,0.6,0.029,1.066,0.033
563,721.29,1011.61,17.878,0.014,0.876,0.022,98.85,99,0.553,0.019,1.048,0.019
564,1437.93,513.835,17.879,0.025,0.9,0.038,98.85,99,0.581,0.029,1.074,0.034
565,707.298,75.181,17.883,0.02,0.917,0.033,98.85,99,0.561,0.028,1.034,0.028
566,1293.53,43.639,17.883,0.026,0.849,0.036,98.85,99,0.503,0.033,0.958,0.035
567,679.713,525.367,17.887,0.027,0.897,0.038,98.85,99,0.556,0.033,1.006,0.037
568,1304.37,1863.85,17.888,0.015,0.918,0.024,98.85,99,0.575,0.02,1.098,0.023
569,938.709,1384.84,17.889,0.018,0.798,0.025,98.85,99,0.505,0.022,0.97,0.024
570,1725.5,810.972,17.892,0.022,1.177,0.035,98.85,99,0.734,0.027,1.349,0.031
571,757.749,1278.29,17.892,0.015,0.975,0.026,98.85,99,0.564,0.02,1.045,0.021
572,505.419,791.919,17.895,0.017,0.802,0.029,98.85,99,0.522,0.024,0.934,0.029
573,1787.6,59.012,17.898,0.021,0.947,0.035,98.85,99,0.602,0.031,1.123,0.033
574,126.057,1103.06,17.9,0.021,1.2,0.035,98.85,99,0.747,0.028,1.305,0.028
575,1484.15,1891.73,17.903,0.014,1.069,0.03,98.85,99,0.645,0.021,1.187,0.021
576,702.203,1212.4,17.904,0.015,0.847,0.024,98.85,99,0.529,0.019,1.02,0.02
577,504.245,435.015,17.906,0.019,1.336,0.038,98.85,99,0.78,0.026,1.464,0.025
578,1708.99,1812.86,17.909,0.015,0.751,0.023,98.85,99,0.482,0.019,0.913,0.025
579,574.557,1105.17,17.91,0.015,0.93,0.025,98.85,99,0.533,0.019,0.989,0.021
580,1230.89,163,17.915,0.02,0.985,0.037,98.85,99,0.6,0.027,1.099,0.031
582,1115.87,308.225,17.916,0.019,1.006,0.033,98.85,99,0.614,0.025,1.121,0.026
583,485.867,212.034,17.917,0.026,1.16,0.045,98.85,99,0.7,0.031,1.269,0.033
584,1879.81,1702.9,17.917,0.016,0.9,0.025,98.85,99,0.524,0.021,1.067,0.023
585,1010.44,1987.38,17.919,0.017,1.123,0.029,98.85,99,0.685,0.023,1.262,0.022
586,1572.28,541.285,17.923,0.02,0.902,0.033,98.85,99,0.583,0.028,1.049,0.031
587,976.652,898.527,17.923,0.022,0.707,0.03,98.85,99,0.467,0.027,0.837,0.033
756,2004.3,259.13,18.283,0.036,0.676,0.057,98.85,99,0.684,0.046,1.279,0.052
589,807.276,1111.34,17.924,0.015,0.917,0.025,98.85,99,0.572,0.019,1.052,0.021
590,763.963,1291.6,17.927,0.016,0.942,0.024,98.85,99,0.584,0.02,1.094,0.023
591,229.554,1575.49,17.928,0.019,1.085,0.033,98.85,99,0.633,0.028,1.196,0.03
592,1430.56,1112.02,17.928,0.015,0.854,0.022,98.85,99,0.53,0.018,1.004,0.025
593,1427.99,1551.34,17.929,0.018,0.813,0.026,98.85,99,0.544,0.022,1.004,0.026
594,809.251,1209.52,17.935,0.013,0.935,0.024,98.85,99,0.531,0.017,0.995,0.024
595,230.268,1424.1,17.936,0.02,0.885,0.03,98.85,99,0.505,0.027,0.962,0.03
596,1510.35,1377.61,17.941,0.016,0.854,0.026,98.85,99,0.791,0.047,0.961,0.026
597,227.056,1600.37,17.946,0.023,0.935,0.037,98.85,99,0.569,0.03,1.064,0.03
598,1899.19,406.911,17.949,0.022,1.272,0.04,98.85,99,0.725,0.032,1.261,0.036
599,602.641,360.095,17.949,0.019,0.981,0.037,98.85,99,0.599,0.027,1.083,0.029
600,254.083,454.969,17.949,0.022,1.078,0.04,98.85,99,0.616,0.03,1.116,0.033
602,141.036,1223.7,17.966,0.019,0.881,0.032,98.85,99,0.527,0.027,1.008,0.028
603,1556.14,1188.49,17.967,0.015,0.876,0.025,98.85,99,0.587,0.02,1.089,0.024
604,188.606,1103.21,17.969,0.019,0.892,0.032,98.85,99,0.518,0.027,1.021,0.028
1012,1608.27,1460.44,18.752,0.027,1.058,0.05,98.85,99,0.618,0.036,1.151,0.041
606,671.466,1205.99,17.971,0.013,1.053,0.025,98.85,99,0.597,0.017,1.12,0.021
607,240.924,279.985,17.973,0.03,1.327,0.049,98.85,99,0.791,0.039,1.473,0.042
608,634.971,35.734,17.974,0.026,0.96,0.037,98.85,99,0.592,0.034,1.164,0.034
609,1744.96,1036.44,17.974,0.017,0.907,0.027,98.85,99,0.541,0.021,1.044,0.025
610,949.846,1524.61,17.975,0.017,1.255,0.028,98.85,99,0.735,0.02,1.34,0.023
611,980.871,1423.92,17.979,0.021,0.892,0.029,98.85,99,0.624,0.027,1.085,0.03
612,771.353,1279.54,17.979,0.015,0.763,0.026,98.85,99,0.502,0.019,0.925,0.021
614,982.458,1963.85,17.981,0.021,0.881,0.032,98.85,99,0.613,0.028,1.089,0.031
615,633.146,890.357,17.981,0.016,0.969,0.031,98.85,99,0.615,0.023,1.078,0.023
616,1479.9,782.402,17.983,0.032,1.054,0.052,98.85,99,0.693,0.038,1.22,0.045
617,777.394,1381.13,17.983,0.013,1.105,0.022,98.85,99,0.692,0.019,1.255,0.019
618,325.735,1514.12,17.984,0.019,0.921,0.032,98.85,99,0.582,0.027,1.086,0.03
619,1038.46,1012.27,17.99,0.017,0.898,0.029,98.85,99,0.539,0.019,1.043,0.026
620,460.256,177.436,17.993,0.025,1.251,0.043,98.85,99,0.713,0.033,1.339,0.033
622,1707.52,366.699,17.998,0.025,1.046,0.041,98.85,99,0.626,0.032,1.165,0.034
623,833.629,424.965,17.998,0.023,0.984,0.035,98.85,99,0.629,0.03,1.136,0.036
624,153.081,1106.49,18.001,0.02,1.168,0.032,98.85,99,0.651,0.028,1.214,0.031
625,484.343,368.579,18.005,0.029,0.914,0.043,98.85,99,0.545,0.036,1.052,0.037
626,1056.43,1143.6,18.007,0.017,1.573,0.037,98.85,99,1.007,0.018,1.937,0.019
627,1976.41,1706.28,18.007,0.016,0.886,0.026,98.85,99,0.586,0.02,1.076,0.026
628,163.995,1292.49,18.009,0.02,0.827,0.032,98.85,99,0.533,0.026,1.01,0.031
629,959.377,720.987,18.012,0.021,1.155,0.036,98.85,99,0.662,0.026,1.189,0.025
630,1117.75,644.177,18.017,0.021,1.054,0.035,98.85,99,0.625,0.025,1.127,0.031
631,696.262,200.751,18.024,0.023,1.131,0.04,98.85,99,0.643,0.029,1.16,0.034
632,1576.76,810.216,18.024,0.022,0.978,0.035,98.85,99,0.633,0.029,1.106,0.031
633,785.914,609.989,18.025,0.023,0.804,0.035,98.85,99,0.539,0.027,0.95,0.031
634,130.877,1346.59,18.028,0.02,0.776,0.03,98.85,99,0.502,0.028,0.934,0.028
635,1694.17,1334.11,18.029,0.016,1.206,0.03,98.85,99,0.702,0.018,1.287,0.021
636,412.105,797.735,18.029,0.026,0.903,0.038,98.85,99,0.513,0.032,0.952,0.033
637,618.554,1729.6,18.03,0.019,0.971,0.03,98.85,99,0.616,0.025,1.18,0.025
638,1600.29,1713.32,18.031,0.012,0.718,0.023,98.85,99,0.474,0.019,0.869,0.026
639,366.772,1889.24,18.034,0.023,1.05,0.036,98.85,99,0.605,0.03,1.154,0.034
640,1717.76,1111.26,18.035,0.015,1.164,0.032,98.85,99,0.672,0.019,1.229,0.023
641,1602.78,1274.35,18.035,0.015,0.907,0.027,98.85,99,0.579,0.019,1.058,0.023
642,434.238,838.483,18.035,0.021,0.821,0.032,98.85,99,0.545,0.026,1.03,0.028
643,421.611,379.325,18.035,0.051,1.174,0.068,98.85,99,0.828,0.064,0.934,0.06
644,1540.76,1612.98,18.043,0.015,0.847,0.024,98.85,99,0.589,0.02,1.084,0.027
645,2001.51,1531.22,18.044,0.017,1.162,0.034,98.85,99,0.66,0.021,1.232,0.023
646,657.4,386.445,18.044,0.021,1.006,0.036,98.85,99,0.587,0.028,1.076,0.029
647,1592.21,273.471,18.045,0.026,1.112,0.042,98.85,99,0.666,0.032,1.218,0.035
648,769.614,559.232,18.046,0.019,0.98,0.036,98.85,99,0.615,0.025,1.12,0.028
649,559.013,283.561,18.051,0.025,0.875,0.036,98.85,99,0.542,0.031,1.021,0.041
650,1303.08,1970.01,18.055,0.017,1.044,0.034,98.85,99,0.57,0.022,1.011,0.026
651,1261.46,1986.28,18.056,0.017,0.975,0.032,98.85,99,0.632,0.023,1.173,0.026
652,121.971,1422.46,18.057,0.02,1.161,0.036,98.85,99,0.684,0.029,1.253,0.031
653,1762.34,930.955,18.06,0.022,1.014,0.04,98.85,99,0.624,0.028,1.084,0.034
654,957.59,1172.3,18.06,0.016,0.907,0.025,98.85,99,0.562,0.019,1.058,0.026
655,1227.95,40.261,18.062,0.023,1.059,0.045,98.85,99,0.618,0.031,1.148,0.033
656,1442.49,1269.77,18.062,0.016,0.802,0.025,98.85,99,0.497,0.021,1.01,0.022
657,1114.71,1641.23,18.065,0.015,0.862,0.024,98.85,99,0.556,0.019,1.083,0.023
658,1817.83,650.877,18.07,0.028,0.932,0.041,98.85,99,0.568,0.033,1.119,0.038
659,1163.03,1441.84,18.071,0.02,0.872,0.036,98.85,99,0.586,0.028,0.972,0.028
660,1980.19,1773.16,18.073,0.018,0.737,0.03,98.85,99,0.503,0.023,0.962,0.028
661,698.987,1563.26,18.073,0.028,0.929,0.037,98.85,99,0.58,0.038,1.042,0.04
662,795.56,1373.39,18.08,0.018,1.253,0.03,98.85,99,0.749,0.023,1.369,0.023
663,1147.55,849.451,18.081,0.023,1.125,0.045,98.85,99,0.707,0.027,1.246,0.033
664,1628.71,1807.34,18.081,0.017,1.079,0.029,98.85,99,0.684,0.023,1.247,0.022
665,1465.62,1868.04,18.083,0.018,1.124,0.032,98.85,99,0.711,0.022,1.272,0.024
666,315.872,1403.98,18.083,0.016,1.316,0.034,98.85,99,0.723,0.023,1.338,0.023
667,941.092,1110.49,18.086,0.013,0.928,0.026,98.85,99,0.551,0.017,1.057,0.021
668,996.344,1270.23,18.087,0.021,0.923,0.032,98.85,99,0.6,0.03,1.005,0.031
669,718.722,423.553,18.088,0.016,1.315,0.034,98.85,99,0.843,0.021,1.659,0.026
670,1864.97,836.293,18.09,0.028,1.757,0.052,98.85,99,1.183,0.032,2.582,0.034
671,633.497,956.234,18.09,0.04,0.876,0.057,98.85,99,0.582,0.05,0.982,0.059
672,1086.2,1347.6,18.092,0.017,0.925,0.029,98.85,99,0.538,0.022,0.979,0.026
674,175.931,1484.31,18.097,0.019,0.987,0.029,98.85,99,0.592,0.027,1.094,0.027
676,1398.63,133.571,18.097,0.026,0.901,0.037,98.85,99,0.56,0.031,1.03,0.036
677,1174,755.085,18.103,0.023,0.944,0.038,98.85,99,0.56,0.028,1.051,0.034
678,847.92,1835.35,18.106,0.019,0.986,0.031,98.85,99,0.584,0.024,1.1,0.027
679,474.038,1060.77,18.114,0.018,0.962,0.029,98.85,99,0.614,0.024,1.136,0.028
680,307.901,1117.47,18.116,0.016,1.043,0.028,98.85,99,0.626,0.024,1.202,0.034
681,1980.4,940.73,18.117,0.029,0.937,0.048,98.85,99,0.566,0.034,1.062,0.037
682,763.606,1374.52,18.119,0.016,1.008,0.029,98.85,99,0.644,0.021,1.146,0.023
683,335.072,219.225,18.119,0.023,1.14,0.044,98.85,99,0.6,0.032,1.137,0.031
684,1754.05,1663.17,18.121,0.014,1.109,0.031,98.85,99,0.722,0.018,1.318,0.021
685,1027.72,1745.59,18.122,0.013,0.921,0.029,98.85,99,0.613,0.02,1.091,0.024
686,798.7,776.332,18.13,0.023,0.838,0.035,98.85,99,0.589,0.028,1.011,0.036
687,1591.56,165.813,18.139,0.03,1.201,0.047,98.85,99,0.651,0.037,1.249,0.04
709,2010.64,1774.7,18.194,0.017,0.829,0.035,98.85,99,0.701,0.023,1.31,0.023
689,311.022,1578.43,18.144,0.022,1.052,0.035,98.85,99,0.631,0.029,1.184,0.029
690,454.223,513.617,18.145,0.027,1.146,0.04,98.85,99,0.643,0.031,1.166,0.034
691,1447.03,1171.58,18.148,0.016,1.16,0.03,98.85,99,0.668,0.021,1.176,0.026
692,552.021,274.261,18.15,0.023,0.682,0.034,98.85,99,0.431,0.033,0.797,0.04
693,489.512,1608.11,18.152,0.018,1.001,0.032,98.85,99,0.584,0.025,1.127,0.027
694,1575.43,1736.59,18.155,0.018,1.3,0.034,98.85,99,0.743,0.022,1.375,0.026
695,2009.47,1117.75,18.156,0.017,0.691,0.029,98.85,99,0.508,0.023,0.985,0.029
696,729.181,402.748,18.156,0.027,1.154,0.042,98.85,99,0.618,0.031,1.17,0.037
697,1183.95,1608.7,18.156,0.018,0.905,0.03,98.85,99,0.582,0.027,1.043,0.028
699,1001.18,1376.11,18.161,0.015,0.814,0.027,98.85,99,0.553,0.02,0.998,0.025
700,1519.13,401.669,18.164,0.026,0.911,0.037,98.85,99,0.558,0.031,1.046,0.036
701,43.014,433.92,18.164,0.056,1.009,0.077,98.85,99,0.6,0.073,1.081,0.072
702,1114.82,232.386,18.165,0.022,1.217,0.044,98.85,99,0.69,0.029,1.258,0.034
703,1103.28,1007.31,18.166,0.021,0.866,0.033,98.85,99,0.588,0.026,1.079,0.036
704,1985.07,1390.77,18.171,0.017,0.862,0.032,98.85,99,0.525,0.023,1.04,0.026
705,339.202,1599.86,18.182,0.022,1.144,0.035,98.85,99,0.614,0.029,1.151,0.033
706,1949.8,1862.56,18.184,0.017,0.634,0.033,98.85,99,0.593,0.023,1.149,0.027
707,1241.86,1339.85,18.188,0.018,0.885,0.032,98.85,99,0.53,0.022,0.987,0.028
708,528.125,1849.31,18.19,0.023,1.033,0.035,98.85,99,0.658,0.03,1.202,0.031
710,1365.77,1307.24,18.194,0.018,0.881,0.028,98.85,99,0.555,0.023,1.01,0.029
711,640.797,827.711,18.194,0.027,0.941,0.045,98.85,99,0.568,0.032,1.042,0.039
712,1007,1337.74,18.198,0.021,1.006,0.031,98.85,99,0.537,0.025,1.04,0.029
713,1665.35,892.864,18.199,0.027,1.092,0.045,98.85,99,0.608,0.032,1.14,0.038
714,1186.98,725.871,18.201,0.022,0.91,0.037,98.85,99,0.566,0.027,1.018,0.031
715,698.999,1596.29,18.208,0.019,1.449,0.039,98.85,99,0.843,0.025,1.491,0.024
716,716.96,1348.18,18.213,0.022,0.898,0.036,98.85,99,0.582,0.027,1.088,0.029
717,187.301,1311.93,18.213,0.019,0.957,0.032,98.85,99,0.589,0.027,1.1,0.03
718,1582.77,1325.94,18.215,0.017,1.109,0.037,98.85,99,0.661,0.021,1.216,0.026
719,1874.51,378.694,18.219,0.028,0.904,0.039,98.85,99,0.582,0.035,1.08,0.038
720,1043.06,763.738,18.22,0.02,0.841,0.035,98.85,99,0.559,0.025,1.05,0.03
721,914.042,111.483,18.22,0.032,0.987,0.044,98.85,99,0.576,0.037,1.112,0.037
722,1058.69,953.557,18.221,0.026,0.919,0.039,98.85,99,0.575,0.03,1.059,0.033
723,1955.13,245.855,18.225,0.027,0.778,0.048,98.85,99,0.496,0.036,0.932,0.043
724,1525.98,1723.8,18.227,0.017,0.942,0.03,98.85,99,0.612,0.022,1.11,0.028
725,1046.35,559.431,18.227,0.027,0.847,0.042,98.85,99,0.523,0.032,0.948,0.034
726,510.89,1796.16,18.229,0.017,1.256,0.037,98.85,99,0.723,0.024,1.379,0.026
727,148.831,1202.33,18.23,0.022,0.775,0.033,98.85,99,0.46,0.029,0.912,0.035
728,2000.95,510.728,18.231,0.03,0.756,0.047,98.85,99,0.666,0.037,1.274,0.049
729,1506.86,1374.28,18.231,0.018,0.805,0.033,98.85,99,99,99,0.969,0.029
730,960.293,1720.87,18.232,0.017,0.969,0.034,98.85,99,0.608,0.022,1.091,0.026
731,745.772,327.886,18.232,0.025,0.889,0.041,98.85,99,0.534,0.029,1.048,0.035
732,2019.69,884.04,18.233,0.028,0.428,0.043,98.85,99,0.549,0.033,1.135,0.043
733,449.574,501.458,18.234,0.034,1.063,0.058,98.85,99,0.637,0.043,1.094,0.043
734,1787.37,1362.15,18.237,0.014,1.019,0.031,98.85,99,0.685,0.02,1.213,0.023
735,515.377,197.418,18.239,0.031,0.894,0.045,98.85,99,0.576,0.038,1.066,0.042
736,456.295,1605.03,18.239,0.021,0.95,0.035,98.85,99,0.546,0.028,1.111,0.029
737,2020.35,615.772,18.241,0.03,0.316,0.04,98.85,99,0.596,0.037,1.238,0.047
738,766.119,224.595,18.243,0.026,0.835,0.039,98.85,99,0.53,0.032,0.97,0.036
739,998.761,1292.9,18.244,0.018,1.498,0.039,98.85,99,0.964,0.021,1.702,0.021
740,1925.08,1527.41,18.246,0.035,1.104,0.052,98.85,99,0.663,0.041,1.201,0.04
741,1266.25,1235.43,18.249,0.019,1.151,0.033,98.85,99,0.635,0.024,1.116,0.03
742,331.171,162.617,18.249,0.028,0.899,0.046,98.85,99,0.492,0.036,1.041,0.046
743,540.715,1304.44,18.252,0.018,0.89,0.033,98.85,99,0.523,0.025,0.999,0.027
745,1253.69,1705.78,18.259,0.018,0.938,0.028,98.85,99,0.568,0.022,1.054,0.026
747,595.592,447.78,18.268,0.036,1.046,0.055,98.85,99,0.707,0.046,1.305,0.05
748,330.118,1672.72,18.27,0.021,1.137,0.037,98.85,99,0.686,0.031,1.254,0.033
749,322.096,374.627,18.271,0.026,1.183,0.041,98.85,99,0.782,0.032,1.341,0.036
750,671.09,1617.78,18.273,0.019,0.949,0.031,98.85,99,0.574,0.025,1.058,0.03
751,210.931,775.366,18.275,0.026,1.129,0.054,98.85,99,0.62,0.031,1.174,0.034
752,1559.41,155.226,18.277,0.033,1.331,0.052,98.85,99,0.77,0.04,1.376,0.043
753,719.103,4.16,18.281,0.027,0.76,0.038,98.85,99,0.501,0.038,0.989,0.038
754,1644.17,975.701,18.282,0.029,0.973,0.043,98.85,99,0.602,0.035,1.099,0.038
755,2008.42,413.919,18.283,0.029,0.597,0.05,98.85,99,0.721,0.036,1.346,0.043
757,973.217,1923.14,18.283,0.019,1.1,0.039,98.85,99,0.697,0.025,1.255,0.026
758,1647.49,1036.2,18.284,0.017,0.964,0.032,98.85,99,0.57,0.021,1.043,0.027
759,1800.14,1370.94,18.288,0.02,0.781,0.031,98.85,99,0.508,0.025,0.937,0.032
760,543.129,215.893,18.293,0.031,0.859,0.05,98.85,99,0.602,0.041,1.031,0.046
761,383.825,1045.83,18.296,0.02,1.01,0.037,98.85,99,0.626,0.026,1.146,0.031
762,1651.37,1165.41,18.298,0.018,0.882,0.033,98.85,99,0.592,0.022,1.087,0.027
763,1444.3,1334.48,18.298,0.015,0.85,0.032,98.85,99,0.485,0.021,0.931,0.026
764,818.239,1819.38,18.3,0.022,1.084,0.039,98.85,99,0.667,0.03,1.206,0.033
765,424.443,1900.18,18.302,0.022,1.584,0.048,98.85,99,0.991,0.029,1.769,0.032
766,602.038,1117.04,18.302,0.02,0.968,0.031,98.85,99,0.58,0.024,1.059,0.031
767,1585.26,798.764,18.302,0.031,0.996,0.046,98.85,99,0.533,0.039,1.058,0.041
768,44.903,874.581,18.307,0.026,0.89,0.042,98.85,99,0.575,0.032,1.049,0.038
769,1703.99,701.541,18.308,0.026,0.74,0.037,98.85,99,0.477,0.034,0.884,0.043
770,986.337,342.315,18.309,0.028,0.931,0.041,98.85,99,0.604,0.033,1.136,0.039
771,993.141,462.649,18.311,0.028,0.862,0.045,98.85,99,0.57,0.034,0.994,0.037
772,1157.55,830.816,18.311,0.029,0.973,0.045,98.85,99,0.554,0.033,1.038,0.043
773,46.187,544.419,18.314,0.033,1.301,0.049,98.85,99,0.753,0.04,1.311,0.044
774,546.414,341.772,18.316,0.027,0.985,0.041,98.85,99,0.623,0.036,1.141,0.038
775,1357.49,1071.44,18.317,0.02,0.822,0.032,98.85,99,0.472,0.025,0.957,0.032
776,1806.25,477.011,18.318,0.025,1.174,0.045,98.85,99,0.716,0.034,1.281,0.035
777,906.556,935.776,18.318,0.032,0.753,0.045,98.85,99,0.577,0.036,0.958,0.043
778,1952.7,1057.63,18.322,0.018,0.823,0.028,98.85,99,0.515,0.023,0.986,0.031
779,905.78,1665.8,18.325,0.021,0.937,0.033,98.85,99,0.57,0.026,1.058,0.03
780,116.937,1703.08,18.332,0.023,1.188,0.043,98.85,99,0.676,0.032,1.265,0.032
781,1055.52,1320.87,18.334,0.015,0.863,0.031,98.85,99,0.578,0.021,1.022,0.025
782,933.315,1469.58,18.335,0.037,1.017,0.056,98.85,99,0.641,0.045,0.846,0.048
783,205.1,146.807,18.336,0.033,0.964,0.05,98.85,99,0.552,0.043,1.122,0.05
784,1677.83,1808.87,18.339,0.018,1.067,0.041,98.85,99,0.605,0.025,1.144,0.028
785,430.783,686.092,18.342,0.022,0.946,0.04,98.85,99,0.518,0.03,0.989,0.036
786,697.697,1094.39,18.344,0.018,1.091,0.038,98.85,99,0.643,0.023,1.139,0.026
787,938.446,1274.95,18.345,0.019,1.018,0.034,98.85,99,0.627,0.023,1.119,0.029
788,1379.96,1562.73,18.349,0.048,0.692,0.086,98.85,99,0.63,0.061,1.084,0.075
789,1185.67,404.545,18.351,0.021,1.289,0.047,98.85,99,0.726,0.026,1.336,0.031
790,1174.47,1420.47,18.351,0.018,0.84,0.029,98.85,99,0.563,0.023,1.033,0.028
791,1354.53,986.394,18.352,0.028,0.827,0.039,98.85,99,0.48,0.032,0.946,0.038
792,1214.39,447.533,18.353,0.029,0.81,0.048,98.85,99,0.603,0.035,1.037,0.039
793,1861.26,1813.62,18.353,0.022,0.893,0.034,98.85,99,0.59,0.025,1.05,0.033
794,1599.73,1727.82,18.353,0.017,0.856,0.031,98.85,99,0.563,0.023,1.081,0.025
795,754.086,653.071,18.354,0.029,0.901,0.042,98.85,99,0.542,0.033,1.016,0.038
796,1256.94,884.345,18.357,0.02,1.056,0.039,98.85,99,0.65,0.026,1.189,0.031
797,313.415,970.527,18.359,0.027,0.839,0.038,98.85,99,0.564,0.031,0.993,0.037
798,1183.11,832.259,18.361,0.02,1.227,0.05,98.85,99,0.76,0.025,1.31,0.031
799,1329.84,343.872,18.361,0.028,1.022,0.043,98.85,99,0.576,0.034,1.128,0.04
800,1493.83,886.694,18.362,0.029,0.735,0.059,98.85,99,0.546,0.035,0.958,0.041
801,1782.65,9.52,18.364,0.029,1.139,0.045,98.85,99,0.553,0.039,1.137,0.045
802,74.559,1797.61,18.366,0.028,1.019,0.045,98.85,99,0.566,0.036,1.097,0.038
803,1539.59,1209.96,18.368,0.022,0.951,0.095,98.85,99,0.619,0.025,1.129,0.03
804,1176.22,1403.24,18.369,0.02,0.963,0.032,98.85,99,0.537,0.027,1.061,0.03
805,460.718,100.19,18.37,0.03,0.827,0.045,98.85,99,0.473,0.038,0.891,0.044
806,353.287,1587.63,18.371,0.022,1.033,0.04,98.85,99,0.596,0.032,1.131,0.036
807,946.045,630.652,18.373,0.029,1.114,0.054,98.85,99,0.718,0.033,1.272,0.038
808,468.933,265.416,18.374,0.027,1.169,0.059,98.85,99,0.713,0.033,1.268,0.034
809,978.521,1451.55,18.374,0.019,0.921,0.03,98.85,99,0.585,0.024,1.065,0.029
810,475.887,338.076,18.379,0.029,0.828,0.042,98.85,99,0.547,0.035,1.014,0.041
811,1595.65,903.543,18.381,0.025,0.922,0.043,98.85,99,0.597,0.032,1.069,0.038
812,1220.2,214.542,18.382,0.033,1.039,0.046,98.85,99,0.645,0.037,1.195,0.039
813,848.31,817.287,18.382,0.025,0.824,0.038,98.85,99,99,99,1.036,0.033
814,1628.63,1251.81,18.386,0.017,0.836,0.034,98.85,99,0.552,0.023,1.011,0.031
815,398.108,626.379,18.391,0.022,0.973,0.042,98.85,99,0.553,0.03,1.058,0.035
1075,93.831,1526.44,18.873,0.035,0.888,0.063,98.85,99,0.551,0.054,1.084,0.05
817,426.81,1067.9,18.395,0.022,0.842,0.037,98.85,99,0.511,0.027,0.952,0.037
818,283.772,1609.04,18.4,0.036,1.019,0.055,98.85,99,0.655,0.045,1.169,0.046
819,299.396,582.164,18.404,0.049,0.963,0.069,98.85,99,0.734,0.067,1.211,0.075
821,847.287,1680.16,18.404,0.017,0.827,0.034,98.85,99,0.552,0.023,0.978,0.029
1014,1249.17,1823.55,18.754,0.025,1.27,0.054,98.85,99,0.752,0.03,1.361,0.036
823,898.871,1919.68,18.406,0.021,1.119,0.037,98.85,99,0.662,0.028,1.214,0.033
824,1888.26,303.225,18.407,0.026,0.766,0.039,98.85,99,0.467,0.035,0.901,0.043
825,494.248,851.419,18.407,0.025,0.89,0.044,98.85,99,0.523,0.033,0.926,0.038
826,299.48,1637.32,18.41,0.027,0.904,0.039,98.85,99,0.579,0.033,99,99
827,771.442,675.814,18.411,0.029,1.222,0.05,98.85,99,0.728,0.034,1.275,0.038
828,1869.18,869.927,18.414,0.027,0.977,0.045,98.85,99,0.585,0.035,1.139,0.038
829,1214.3,791.178,18.42,0.028,0.971,0.051,98.85,99,0.6,0.032,1.099,0.041
830,423.847,653.626,18.422,0.026,1.234,0.044,98.85,99,0.771,0.029,1.35,0.038
831,294.733,1772.56,18.428,0.025,0.939,0.037,98.85,99,0.543,0.032,1.025,0.034
832,270.759,578.884,18.431,0.028,0.991,0.044,98.85,99,0.605,0.034,1.161,0.038
833,1349.58,706.016,18.431,0.027,0.776,0.042,98.85,99,0.49,0.032,0.922,0.041
834,564.909,1093.29,18.434,0.021,0.869,0.035,98.85,99,0.529,0.027,0.922,0.033
835,1772.04,1113.58,18.438,0.019,1.129,0.034,98.85,99,0.674,0.022,1.272,0.026
836,784.772,1602.46,18.438,0.022,1.153,0.042,98.85,99,0.656,0.027,1.228,0.031
837,1896.45,61.142,18.439,0.033,1.163,0.054,98.85,99,0.675,0.046,1.267,0.046
838,1185.69,748.295,18.439,0.032,0.868,0.045,98.85,99,0.568,0.036,1.06,0.041
839,1771.23,1279.87,18.44,0.021,0.907,0.035,98.85,99,0.583,0.025,1.085,0.033
840,326.861,815.913,18.443,0.027,1.186,0.047,98.85,99,0.637,0.032,1.125,0.038
841,1531.97,436.857,18.444,0.031,1.274,0.062,98.85,99,0.752,0.037,1.358,0.04
842,755.84,267.418,18.448,0.035,0.894,0.052,98.85,99,0.55,0.039,1.059,0.041
843,1237.54,23.958,18.449,0.035,1.023,0.049,98.85,99,0.63,0.041,1.144,0.045
844,1941.28,1755.96,18.449,0.022,0.809,0.036,98.85,99,0.464,0.028,0.893,0.036
845,1849.87,1004.91,18.452,0.021,1.183,0.045,98.85,99,0.71,0.025,1.298,0.031
846,1311.66,1288.62,18.453,0.02,0.881,0.034,98.85,99,0.577,0.026,1.032,0.035
847,763.95,997.908,18.454,0.026,1.29,0.042,98.85,99,0.811,0.029,1.483,0.033
1059,1796.1,994.426,18.835,0.038,0.85,0.063,98.85,99,0.927,0.063,1.403,0.065
849,1939.73,1063.28,18.457,0.019,0.974,0.034,98.85,99,0.583,0.025,1.095,0.034
850,1327.44,312.32,18.46,0.033,0.872,0.048,98.85,99,0.645,0.037,1.171,0.04
851,1716.34,467.712,18.465,0.033,1.065,0.052,98.85,99,0.699,0.037,1.268,0.041
852,252.349,1725.35,18.465,0.026,1.183,0.044,98.85,99,0.674,0.034,1.26,0.033
853,1071.18,1494.99,18.465,0.019,0.896,0.037,98.85,99,0.551,0.026,1.049,0.033
854,902.966,1183.93,18.467,0.021,0.939,0.037,98.85,99,0.59,0.025,1.1,0.032
855,500.262,51.207,18.469,0.035,1.192,0.062,98.85,99,0.739,0.041,1.334,0.044
856,149.37,1050.42,18.471,0.025,1.048,0.044,98.85,99,0.651,0.031,1.192,0.033
857,1256.54,1420.44,18.475,0.019,0.88,0.03,98.85,99,0.527,0.025,1.044,0.03
858,1345.66,1312.6,18.477,0.026,0.843,0.043,98.85,99,0.537,0.029,1.046,0.033
859,629.825,1067.84,18.481,0.018,1.109,0.04,98.85,99,0.659,0.023,1.182,0.028
860,51.249,498.459,18.481,0.033,1.09,0.052,98.85,99,0.646,0.038,1.128,0.048
861,654.33,914.99,18.483,0.022,0.927,0.044,98.85,99,0.579,0.028,1.02,0.041
863,927.086,1260.54,18.487,0.023,1.05,0.047,98.85,99,0.582,0.03,1.054,0.035
864,97.568,734.922,18.488,0.03,0.937,0.051,98.85,99,0.605,0.039,1.045,0.047
865,868.37,1068.62,18.489,0.02,0.971,0.036,98.85,99,0.591,0.024,1.081,0.032
866,921.372,1332.8,18.489,0.02,0.923,0.036,98.85,99,0.566,0.028,1.042,0.031
867,1557.3,767.858,18.494,0.034,0.74,0.063,98.85,99,0.905,0.055,1.404,0.054
868,569.517,1522.9,18.494,0.022,1.003,0.037,98.85,99,0.568,0.04,1.041,0.033
869,1893.82,1464.78,18.495,0.027,0.924,0.042,98.85,99,0.6,0.031,1.074,0.034
870,975.047,962.019,18.496,0.031,1.113,0.061,98.85,99,0.681,0.035,1.182,0.039
871,1504.96,912.79,18.498,0.034,0.839,0.048,98.85,99,0.565,0.038,1.088,0.044
872,1248.54,1414.06,18.498,0.021,0.861,0.035,98.85,99,0.532,0.026,1.015,0.035
873,34.426,1430.61,18.5,0.03,1.255,0.049,98.85,99,0.701,0.037,1.204,0.043
874,601.183,1339.33,18.502,0.018,1.449,0.044,98.85,99,0.932,0.023,1.659,0.026
875,1370.86,1533.55,18.503,0.021,1.039,0.036,98.85,99,0.556,0.029,1.04,0.033
876,1313.31,1470.72,18.504,0.028,1.15,0.044,98.85,99,0.672,0.032,1.204,0.038
877,274.203,223.398,18.505,0.039,1.042,0.057,98.85,99,0.562,0.045,1.133,0.048
878,639.208,1464.58,18.506,0.022,1.004,0.039,98.85,99,0.579,0.028,1.133,0.031
879,620.708,1400.96,18.507,0.023,1.259,0.044,98.85,99,0.74,0.029,1.34,0.031
880,640.865,1788.89,18.508,0.022,1.087,0.041,98.85,99,0.625,0.027,1.242,0.031
881,1737.79,1442.23,18.51,0.023,0.899,0.041,98.85,99,0.57,0.033,1.087,0.039
882,161.882,860.11,18.511,0.03,0.976,0.048,98.85,99,0.613,0.039,1.099,0.042
883,767.074,896.229,18.513,0.032,0.932,0.048,98.85,99,0.56,0.036,1.024,0.043
884,1094.77,1855.06,18.515,0.019,1.212,0.04,98.85,99,0.813,0.025,1.402,0.028
885,1117.81,122.992,18.515,0.033,1.096,0.057,98.85,99,0.641,0.04,1.205,0.043
886,291.687,1883.44,18.515,0.03,1.074,0.048,98.85,99,0.659,0.037,1.182,0.041
887,1339.21,294.433,18.517,0.036,0.991,0.049,98.85,99,0.607,0.041,1.144,0.046
888,1072.3,839.855,18.518,0.033,1.239,0.062,98.85,99,0.795,0.036,1.439,0.039
889,1088.4,1435.27,18.518,0.022,0.943,0.041,98.85,99,0.544,0.029,1.042,0.036
890,1042.74,1367.77,18.521,0.022,0.886,0.044,98.85,99,0.56,0.028,1.062,0.036
891,1356.93,1177.16,18.522,0.022,0.823,0.036,98.85,99,0.583,0.027,1.058,0.036
892,1470.83,1621.25,18.523,0.018,1.144,0.041,98.85,99,0.723,0.024,1.324,0.027
893,779.095,1406.33,18.523,0.019,1.071,0.034,98.85,99,0.685,0.025,1.215,0.029
894,1667.37,582.638,18.526,0.029,0.954,0.057,98.85,99,0.651,0.038,1.167,0.038
895,1267.18,1195.7,18.537,0.022,0.988,0.04,98.85,99,0.634,0.027,1.091,0.034
896,555.895,1131.29,18.539,0.021,0.929,0.039,98.85,99,99,99,1.063,0.039
897,166.582,1345.41,18.541,0.027,1.225,0.049,98.85,99,0.664,0.033,1.206,0.035
898,1079.48,1781.74,18.541,0.022,0.919,0.043,98.85,99,0.607,0.03,1.106,0.035
899,1326.29,963.593,18.542,0.029,0.925,0.043,98.85,99,0.618,0.033,1.127,0.039
900,1551.58,247.113,18.545,0.029,0.806,0.052,98.85,99,0.582,0.038,1.046,0.046
901,139.109,137.749,18.545,0.039,0.838,0.058,98.85,99,0.494,0.044,0.99,0.055
1092,1237.58,1710.8,18.909,0.042,1.124,0.069,98.85,99,99,99,1.301,0.051
903,839.591,1424.51,18.548,0.019,1.289,0.04,98.85,99,0.819,0.025,1.373,0.028
904,1322.71,742.972,18.549,0.041,0.868,0.059,98.85,99,0.631,0.063,1.111,0.058
905,132.184,937.179,18.551,0.031,0.834,0.05,98.85,99,0.508,0.038,0.957,0.053
906,470.319,705.488,18.555,0.027,1.159,0.06,98.85,99,0.656,0.032,1.16,0.036
907,1314.58,1420.68,18.555,0.019,0.838,0.032,98.85,99,0.548,0.027,1.033,0.035
908,889.816,795.082,18.555,0.028,0.886,0.04,98.85,99,0.551,0.035,1.002,0.04
910,1897.71,1092.29,18.561,0.022,0.824,0.038,98.85,99,0.492,0.03,0.941,0.035
911,1432.22,333.733,18.562,0.03,0.814,0.048,98.85,99,0.513,0.037,0.997,0.043
912,1333.44,1303.83,18.563,0.021,0.919,0.037,98.85,99,0.589,0.026,1.126,0.032
913,1831.68,1830.63,18.566,0.023,1.072,0.046,98.85,99,0.651,0.028,1.306,0.031
914,1227.6,1160.1,18.566,0.023,0.836,0.037,98.85,99,0.529,0.028,1.028,0.033
915,1035.64,1201.27,18.567,0.032,0.962,0.054,98.85,99,0.59,0.045,1.12,0.048
917,1634.1,175.324,18.568,0.037,0.987,0.05,98.85,99,0.6,0.043,1.17,0.048
918,1580.65,321.079,18.571,0.028,1.156,0.049,98.85,99,0.709,0.038,1.322,0.05
919,974.362,1523.5,18.571,0.021,0.894,0.038,98.85,99,0.582,0.026,1.043,0.033
920,274.314,987.163,18.572,0.022,0.896,0.047,98.85,99,0.561,0.03,1.054,0.036
921,1810.41,409.288,18.572,0.034,0.834,0.047,98.85,99,0.495,0.043,0.965,0.049
922,731.464,993.497,18.577,0.02,1.013,0.04,98.85,99,0.547,0.029,1.084,0.032
923,1451.62,1115.34,18.579,0.022,0.852,0.039,98.85,99,0.554,0.027,0.989,0.037
924,1922.56,1480.15,18.583,0.023,1.165,0.045,98.85,99,0.652,0.029,1.278,0.031
925,1241.48,1643.17,18.584,0.022,0.922,0.036,98.85,99,0.547,0.028,1.05,0.033
926,1527.14,553.352,18.588,0.038,1.109,0.06,98.85,99,0.674,0.047,1.159,0.052
927,1355.61,554.226,18.59,0.032,0.825,0.05,98.85,99,0.616,0.037,1.026,0.045
928,2013.19,1438.59,18.595,0.037,1.028,0.053,98.85,99,0.686,0.039,1.289,0.047
929,311.099,86.75,18.597,0.035,1.128,0.053,98.85,99,0.686,0.041,1.203,0.048
930,1863.49,1892.61,18.604,0.025,1.264,0.061,98.85,99,0.707,0.029,1.304,0.036
931,1868.72,1530.33,18.604,0.027,0.969,0.042,98.85,99,0.562,0.031,1.057,0.039
932,1297.83,1783.2,18.606,0.027,1.527,0.052,98.85,99,0.897,0.03,1.566,0.032
933,1239.61,765.452,18.607,0.034,1.093,0.053,98.85,99,0.593,0.039,1.059,0.045
934,234.796,998.224,18.608,0.023,1.117,0.043,98.85,99,0.609,0.029,1.084,0.038
935,358.351,1506.5,18.611,0.027,1.013,0.045,98.85,99,0.675,0.035,1.182,0.037
936,153.909,1303.03,18.612,0.025,1.116,0.044,98.85,99,0.661,0.034,1.192,0.033
937,958.716,1224.03,18.612,0.021,0.95,0.039,98.85,99,0.549,0.029,0.966,0.033
939,1853.22,511.204,18.619,0.031,0.844,0.053,98.85,99,0.544,0.039,1.026,0.045
940,1670.35,1496.92,18.62,0.023,1.345,0.045,98.85,99,0.875,0.027,1.495,0.031
941,1314.7,1752.21,18.62,0.026,0.915,0.041,98.85,99,0.554,0.03,1.038,0.035
942,1679.4,981.743,18.62,0.028,0.843,0.046,98.85,99,0.504,0.035,0.984,0.04
943,137.499,1897.87,18.621,0.031,1.242,0.054,98.85,99,0.812,0.039,1.396,0.04
944,642.532,1836.57,18.625,0.021,0.998,0.047,98.85,99,0.659,0.03,1.212,0.031
945,1412.84,1165.66,18.625,0.025,1.13,0.043,98.85,99,0.649,0.028,1.193,0.037
946,610.027,150.53,18.625,0.037,0.927,0.058,98.85,99,0.59,0.045,1.161,0.048
947,289.753,422.428,18.629,0.037,0.902,0.059,98.85,99,0.556,0.045,1.111,0.055
948,2017.81,574.048,18.63,0.038,0.678,0.06,98.85,99,0.799,0.044,1.523,0.047
949,1636.07,1401.28,18.631,0.025,1.259,0.054,98.85,99,0.776,0.029,1.444,0.029
950,476.225,1758.87,18.636,0.027,1.052,0.042,98.85,99,0.709,0.033,1.275,0.038
951,367.661,758.038,18.636,0.034,0.822,0.044,98.85,99,0.552,0.04,1.031,0.046
952,1326.69,890.63,18.637,0.029,0.925,0.045,98.85,99,0.617,0.034,1.147,0.042
953,1844.95,1549.82,18.637,0.027,1.165,0.049,98.85,99,0.575,0.031,1.185,0.038
954,1750.22,695.315,18.639,0.041,0.841,0.057,98.85,99,0.603,0.045,1.079,0.052
955,149.012,1002.69,18.639,0.025,0.8,0.039,98.85,99,0.527,0.033,0.956,0.038
956,1395.09,807.78,18.64,0.031,0.952,0.052,98.85,99,0.532,0.039,1.049,0.045
957,1184.86,647.287,18.641,0.029,0.799,0.055,98.85,99,0.557,0.035,0.977,0.04
958,1096.97,1521.91,18.642,0.026,0.861,0.04,98.85,99,0.659,0.032,1.108,0.037
959,676.847,57.214,18.642,0.031,0.932,0.053,98.85,99,0.54,0.043,1.026,0.05
960,58.583,831.188,18.647,0.034,0.831,0.055,98.85,99,0.547,0.042,1.05,0.045
961,727.561,342.553,18.648,0.032,1.067,0.058,98.85,99,0.642,0.038,1.219,0.045
962,426.892,236.74,18.65,0.034,0.877,0.057,98.85,99,0.519,0.042,1.035,0.048
963,720.231,980.512,18.654,0.029,1.081,0.06,98.85,99,0.65,0.033,1.15,0.043
964,124.135,378.323,18.654,0.034,1.061,0.057,98.85,99,0.653,0.043,1.114,0.054
965,171.34,1421.32,18.654,0.027,0.922,0.045,98.85,99,0.538,0.036,1.046,0.043
966,1783.32,1857.2,18.656,0.03,1.022,0.051,98.85,99,0.654,0.034,1.17,0.038
967,1170.58,1150.53,18.66,0.029,0.873,0.05,98.85,99,0.644,0.041,1.098,0.042
968,877.278,1920.31,18.662,0.025,1.172,0.043,98.85,99,0.688,0.031,1.277,0.034
1174,1929.05,1374.3,19.096,0.039,0.868,0.059,98.85,99,0.541,0.047,1.067,0.055
970,1812.41,1666.49,18.666,0.025,1.236,0.056,98.85,99,0.802,0.029,1.414,0.033
971,799.569,911.024,18.669,0.034,1.231,0.061,98.85,99,0.759,0.037,1.339,0.041
973,1107.47,1379.04,18.671,0.02,0.95,0.046,98.85,99,0.583,0.027,1.106,0.033
974,1304.26,1881.91,18.672,0.022,1.065,0.04,98.85,99,0.726,0.028,1.367,0.031
975,417.812,974.026,18.672,0.031,0.99,0.053,98.85,99,0.63,0.036,1.133,0.039
976,440.566,903.125,18.673,0.026,0.926,0.053,98.85,99,0.631,0.03,1.124,0.041
977,417.686,688.805,18.673,0.028,0.693,0.045,98.85,99,0.501,0.035,0.92,0.041
978,391.57,1708.88,18.675,0.031,0.792,0.049,98.85,99,0.534,0.036,99,99
979,193.817,1354.42,18.677,0.055,1.114,0.07,98.85,99,0.382,0.058,0.864,0.068
980,304.885,16.323,18.68,0.04,1.08,0.06,98.85,99,0.67,0.047,1.285,0.048
981,1438.95,1580.73,18.682,0.023,1.059,0.042,98.85,99,0.664,0.029,1.244,0.034
982,853.854,1571.39,18.682,0.03,1.046,0.049,98.85,99,0.634,0.036,1.162,0.04
984,1003.04,595.707,18.697,0.035,0.828,0.053,98.85,99,0.581,0.041,1.012,0.05
985,1750.32,1195.16,18.7,0.028,1.092,0.054,98.85,99,0.55,0.032,1.127,0.04
986,494.185,1361.65,18.701,0.026,0.911,0.046,98.85,99,0.62,0.03,1.09,0.038
987,946.048,1539.38,18.701,0.028,0.89,0.042,98.85,99,0.599,0.031,1.049,0.034
988,1006.22,185.042,18.705,0.031,0.94,0.051,98.85,99,0.516,0.04,1.062,0.045
989,196.473,1091.46,18.709,0.03,0.891,0.045,98.85,99,0.592,0.036,1.106,0.043
990,585.731,1095.77,18.71,0.026,0.943,0.042,98.85,99,0.507,0.03,0.977,0.039
991,796.411,1679.4,18.712,0.026,0.997,0.042,98.85,99,0.622,0.032,1.148,0.037
992,356.823,64.56,18.714,0.03,0.957,0.049,98.85,99,0.52,0.043,1.116,0.042
993,86.729,521.01,18.715,0.033,0.984,0.053,98.85,99,0.573,0.055,1.084,0.051
994,1336.04,1264.51,18.715,0.032,0.88,0.049,98.85,99,0.513,0.035,0.993,0.042
995,1450.87,1141.85,18.717,0.028,1.31,0.057,98.85,99,0.76,0.032,1.405,0.033
996,1876.53,683.19,18.718,0.035,1.154,0.058,98.85,99,0.655,0.047,1.217,0.046
997,759.263,1397.41,18.718,0.028,0.95,0.046,98.85,99,0.59,0.032,1.131,0.037
998,1174.33,166.026,18.72,0.034,1.085,0.055,98.85,99,0.749,0.039,1.396,0.046
999,975.748,1544.34,18.721,0.025,0.94,0.046,98.85,99,0.617,0.03,1.11,0.04
1000,984.096,1598.63,18.722,0.025,0.935,0.043,98.85,99,0.496,0.03,1.062,0.041
1001,424.169,881.88,18.723,0.031,0.824,0.049,98.85,99,0.5,0.036,0.969,0.044
1002,1783.99,1787.12,18.724,0.023,1.363,0.046,98.85,99,0.775,0.027,1.349,0.037
1003,883.006,656.013,18.724,0.064,1.098,0.098,98.85,99,0.479,0.067,1.004,0.073
1004,1893.83,677.826,18.726,0.034,1.149,0.065,98.85,99,0.7,0.043,1.294,0.045
1005,374.269,728.648,18.73,0.034,1.068,0.052,98.85,99,0.693,0.038,1.206,0.043
1006,1912.3,180.497,18.734,0.045,0.905,0.068,98.85,99,0.649,0.057,1.185,0.058
1007,899.001,1253.41,18.742,0.025,1.166,0.051,98.85,99,0.645,0.03,1.176,0.037
1008,1902.65,1687.02,18.745,0.028,1.078,0.052,98.85,99,0.679,0.033,1.262,0.035
1009,733.069,1069.57,18.746,0.02,1.105,0.045,98.85,99,0.602,0.027,1.11,0.032
1010,30.871,1378.6,18.746,0.03,0.932,0.051,98.85,99,0.558,0.038,1.09,0.046
1011,1715.44,966.72,18.75,0.036,0.981,0.059,98.85,99,0.619,0.041,1.096,0.053
1013,810.031,1761.18,18.754,0.029,1.559,0.068,98.85,99,0.94,0.033,1.638,0.034
1015,469.402,499,18.757,0.035,0.965,0.058,98.85,99,0.528,0.041,1.041,0.046
1017,1562.12,1699.58,18.759,0.026,1.251,0.051,98.85,99,0.777,0.03,1.406,0.034
1018,1171.88,1049.83,18.764,0.026,0.954,0.047,98.85,99,0.573,0.031,1.106,0.038
1019,1126.68,1407.03,18.769,0.027,0.849,0.04,98.85,99,0.584,0.032,1.081,0.036
1020,569.577,190.375,18.769,0.028,0.882,0.052,98.85,99,0.567,0.037,1.067,0.05
1021,1265.8,726.527,18.772,0.03,0.822,0.049,98.85,99,0.611,0.037,1.087,0.049
1022,471.756,1134.42,18.772,0.026,1.106,0.05,98.85,99,0.585,0.033,1.094,0.044
1023,514.206,740.683,18.772,0.038,0.905,0.06,98.85,99,0.517,0.044,1.034,0.051
1024,1026.67,1259.12,18.773,0.03,0.95,0.047,98.85,99,0.578,0.034,1.069,0.042
1025,1222.94,1900.97,18.774,0.032,1.221,0.061,98.85,99,0.758,0.038,1.38,0.039
1026,872.623,522.941,18.774,0.035,0.8,0.059,98.85,99,0.633,0.039,1.145,0.049
1027,787.597,1351.98,18.777,0.029,1.083,0.049,98.85,99,0.667,0.032,1.206,0.037
1028,1559.65,235.078,18.781,0.044,0.849,0.062,98.85,99,0.563,0.051,1.142,0.056
1029,1330.57,1613.02,18.781,0.03,0.896,0.049,98.85,99,0.567,0.036,1.041,0.046
1030,1553.32,1152.43,18.782,0.031,0.941,0.048,98.85,99,0.626,0.035,1.157,0.046
1031,1651.68,1260.69,18.782,0.026,0.868,0.046,98.85,99,0.527,0.034,0.985,0.043
1032,1630.46,660.158,18.784,0.035,1.365,0.074,98.85,99,0.787,0.044,1.377,0.048
1033,991.005,1358.23,18.784,0.023,0.986,0.046,98.85,99,0.6,0.029,1.097,0.04
1035,67.154,427.018,18.787,0.048,0.939,0.066,98.85,99,0.638,0.061,1.032,0.069
1036,1101.05,1449.56,18.793,0.023,1.011,0.046,98.85,99,0.614,0.03,1.182,0.036
1038,1176.77,1070.66,18.794,0.023,0.913,0.046,98.85,99,0.556,0.03,1.048,0.039
1039,1066.21,758.074,18.797,0.034,1.005,0.065,98.85,99,0.565,0.038,1.055,0.05
1040,1765.46,446.521,18.799,0.031,0.944,0.053,98.85,99,0.584,0.038,1.081,0.05
1041,1341.49,1524.75,18.805,0.023,1.254,0.054,98.85,99,0.72,0.029,1.288,0.034
1042,1858.47,1961.81,18.807,0.032,0.453,0.046,98.85,99,0.586,0.038,1.119,0.048
1043,168.876,1676.99,18.808,0.033,1.34,0.058,98.85,99,0.82,0.04,1.507,0.045
1044,1128.81,1334.08,18.813,0.028,0.842,0.044,98.85,99,0.613,0.039,1.087,0.04
1046,1076.56,1337.85,18.818,0.035,0.971,0.055,98.85,99,0.588,0.04,1.12,0.046
1047,71.815,509.048,18.819,0.036,0.963,0.056,98.85,99,0.549,0.046,1.003,0.05
1048,1671.43,1835.2,18.823,0.03,1.055,0.049,98.85,99,0.653,0.034,1.072,0.043
1049,571.502,949.517,18.824,0.033,0.956,0.054,98.85,99,0.662,0.043,1.132,0.048
1051,1932.92,378.841,18.826,0.039,1.05,0.074,98.85,99,0.687,0.046,1.19,0.053
1052,1911.01,1393.4,18.827,0.031,1.005,0.056,98.85,99,0.628,0.035,1.14,0.039
1053,1058.47,1450.53,18.827,0.03,0.978,0.049,98.85,99,0.624,0.032,1.152,0.042
1055,1234,1552.41,18.832,0.031,0.917,0.045,98.85,99,0.606,0.036,0.957,0.043
1056,705.582,370.976,18.833,0.033,0.925,0.054,98.85,99,0.612,0.04,1.147,0.051
1057,144.322,1250.09,18.834,0.028,1.334,0.056,98.85,99,99,99,1.631,0.034
1058,148.277,1363.21,18.834,0.032,1.008,0.053,98.85,99,0.63,0.038,1.131,0.045
1060,1074.59,1176.65,18.836,0.028,1.003,0.046,98.85,99,0.532,0.034,1.048,0.044
1061,883.425,857.076,18.84,0.032,1.292,0.062,98.85,99,0.757,0.037,1.318,0.04
1062,1055.21,1160.93,18.844,0.033,1.038,0.052,98.85,99,0.561,0.037,1.096,0.044
1063,1668.33,823.464,18.855,0.044,1.027,0.077,98.85,99,0.626,0.05,1.123,0.058
1064,985.905,1379.67,18.855,0.025,0.95,0.04,98.85,99,0.591,0.03,1.085,0.042
1065,571.223,1252.78,18.855,0.028,0.897,0.05,98.85,99,0.534,0.036,0.989,0.043
1066,1224.57,11.607,18.857,0.042,1.099,0.075,98.85,99,0.663,0.05,1.19,0.055
1067,1455.66,921.238,18.857,0.037,0.981,0.063,98.85,99,0.549,0.046,0.972,0.05
1068,904.1,1606.26,18.858,0.03,1.004,0.051,98.85,99,0.688,0.037,1.173,0.039
1069,1315.7,1368.37,18.859,0.033,1.247,0.065,98.85,99,0.75,0.036,1.331,0.042
1070,2001.71,948.092,18.86,0.047,0.678,0.068,98.85,99,0.549,0.054,0.986,0.07
1071,40.322,1343.15,18.862,0.027,0.992,0.057,98.85,99,0.566,0.035,1.106,0.041
1072,1922.99,1742.02,18.864,0.031,0.686,0.045,98.85,99,99,99,0.856,0.048
1073,663.68,1378.97,18.87,0.022,0.954,0.04,98.85,99,0.614,0.028,1.149,0.035
1074,1670.51,1635.42,18.872,0.026,0.891,0.043,98.85,99,0.595,0.032,1.107,0.041
1076,1720.42,1830.07,18.876,0.027,1.169,0.054,98.85,99,0.64,0.033,1.191,0.04
1077,1624.55,159.228,18.878,0.033,1.097,0.06,98.85,99,0.603,0.047,1.176,0.048
1078,703.874,1989.13,18.887,0.035,1.217,0.069,98.85,99,0.614,0.041,1.211,0.045
1079,1236.44,823.522,18.887,0.042,0.904,0.063,98.85,99,0.556,0.047,1.048,0.058
1080,1470.53,553.92,18.889,0.039,1.044,0.066,98.85,99,0.675,0.046,1.099,0.053
1081,1179.59,1249.27,18.89,0.032,0.931,0.056,98.85,99,0.524,0.04,1.015,0.048
1082,1539.33,1932.06,18.892,0.028,0.901,0.045,98.85,99,0.573,0.033,1.12,0.043
1083,2007.33,1692.21,18.892,0.029,1.123,0.061,98.85,99,0.591,0.037,1.137,0.047
1084,1689.02,801.834,18.895,0.031,0.782,0.06,98.85,99,0.568,0.04,1.032,0.05
1085,1474.13,1145.83,18.896,0.033,0.907,0.05,98.85,99,0.615,0.038,1.118,0.045
1086,684.486,996.841,18.902,0.029,1.063,0.05,98.85,99,0.63,0.034,1.173,0.04
1087,1341.94,1497.56,18.904,0.028,1.417,0.064,98.85,99,0.714,0.032,1.298,0.04
1088,1609.73,1879.54,18.904,0.028,0.962,0.046,98.85,99,0.589,0.036,1.066,0.041
1089,1788.33,716.104,18.905,0.039,1.167,0.064,98.85,99,0.793,0.045,1.354,0.049
1090,1168.45,1531.35,18.905,0.028,0.937,0.048,98.85,99,0.516,0.032,0.973,0.044
1091,1125.44,1527.07,18.907,0.031,0.927,0.053,98.85,99,0.641,0.035,1.121,0.045
1093,801.07,1948.83,18.912,0.038,1.011,0.058,98.85,99,0.676,0.043,1.245,0.047
1094,910.812,1974.09,18.913,0.036,1.178,0.064,98.85,99,0.771,0.04,1.332,0.045
1095,649.024,284.461,18.92,0.036,1.09,0.079,98.85,99,0.656,0.043,1.213,0.05
1096,1270.34,472.827,18.92,0.038,0.952,0.06,98.85,99,0.566,0.046,1.072,0.055
1097,1402.12,996.203,18.92,0.025,0.952,0.047,98.85,99,0.547,0.03,1.074,0.041
1098,1422.58,1190.06,18.922,0.033,0.99,0.057,98.85,99,0.555,0.04,1.137,0.047
1099,958.314,1026.5,18.922,0.031,0.907,0.053,98.85,99,0.54,0.039,0.98,0.051
1100,312.454,1711.25,18.925,0.028,0.928,0.052,98.85,99,0.562,0.039,1.048,0.042
1101,1195.65,1291.53,18.926,0.025,0.987,0.051,98.85,99,0.599,0.033,1.104,0.041
1102,1957.12,1510.69,18.927,0.03,0.984,0.057,98.85,99,0.568,0.038,1.123,0.046
1103,420.337,1186.53,18.93,0.033,0.789,0.052,98.85,99,0.583,0.042,1.128,0.047
1104,1657.08,313.053,18.933,0.039,0.816,0.065,98.85,99,0.528,0.05,0.63,0.072
1105,1134.42,1716.82,18.936,0.025,1.141,0.051,98.85,99,0.68,0.032,1.195,0.039
1106,234.068,1154.37,18.936,0.03,0.954,0.055,98.85,99,0.55,0.036,1.03,0.049
1107,1485.73,994.034,18.937,0.04,1.009,0.063,98.85,99,0.506,0.045,0.955,0.058
1108,919.099,1414.97,18.94,0.051,1.373,0.132,98.85,99,0.646,0.06,1.192,0.062
1109,42.035,1416.79,18.94,0.032,0.89,0.049,98.85,99,0.521,0.045,1.007,0.055
1110,895.117,1961.3,18.944,0.023,1.141,0.054,98.85,99,0.7,0.032,1.246,0.036
1111,1379.34,925.802,18.945,0.041,1.062,0.064,98.85,99,0.692,0.048,1.134,0.057
1112,1363.87,543.895,18.946,0.026,1.068,0.066,98.85,99,0.687,0.034,1.216,0.041
1113,1158.04,983.953,18.946,0.048,0.941,0.079,98.85,99,0.595,0.059,1.122,0.06
1114,1656.61,1224.28,18.946,0.03,0.866,0.052,98.85,99,0.558,0.038,1.068,0.051
1115,1225.59,695.503,18.947,0.032,0.888,0.057,98.85,99,0.541,0.04,1.06,0.05
1116,1373.14,1383.35,18.948,0.026,1.092,0.056,98.85,99,0.773,0.032,1.381,0.038
1117,1095.12,1860.96,18.948,0.031,1.139,0.058,98.85,99,0.667,0.037,1.317,0.095
1118,999.949,1719.6,18.953,0.036,0.849,0.052,98.85,99,0.571,0.043,1.061,0.045
1119,258.765,1694.61,18.959,0.035,1.006,0.058,98.85,99,0.631,0.043,1.125,0.05
1120,1816.4,1418.09,18.959,0.032,0.905,0.055,98.85,99,0.538,0.036,1.032,0.046
1121,1253.37,830.182,18.96,0.041,0.864,0.061,98.85,99,0.497,0.047,1.016,0.06
1122,436.067,1097.62,18.968,0.029,1.002,0.056,98.85,99,0.617,0.036,1.147,0.041
1123,1210.12,1470.26,18.968,0.031,0.942,0.055,98.85,99,0.527,0.037,1.001,0.051
1124,691.834,1533.89,18.969,0.03,0.974,0.055,98.85,99,0.65,0.036,1.177,0.045
1125,1864.55,1502.32,18.971,0.035,0.913,0.054,98.85,99,0.59,0.041,1.143,0.046
1126,1751.09,1355.96,18.971,0.026,0.832,0.053,98.85,99,0.571,0.033,1.087,0.046
1127,369.8,827.369,18.972,0.028,1.022,0.059,98.85,99,0.663,0.037,1.148,0.044
1128,666.312,1067.52,18.974,0.032,1.024,0.051,98.85,99,0.536,0.039,1.114,0.045
1129,207.568,429.656,18.977,0.041,1.174,0.08,98.85,99,0.767,0.046,1.36,0.055
1130,928.793,994.538,18.977,0.03,0.929,0.05,98.85,99,0.537,0.036,1.135,0.049
1131,833.808,1402.53,18.979,0.027,1,0.056,98.85,99,0.552,0.035,1.113,0.041
1132,1581.67,1088.38,18.982,0.029,1.426,0.075,98.85,99,1.009,0.032,1.788,0.035
1133,1677.22,1967.89,18.983,0.039,1.2,0.067,98.85,99,0.826,0.042,1.389,0.049
1134,1425.19,452.388,18.986,0.038,1.024,0.066,98.85,99,0.665,0.045,1.176,0.053
1135,1224.59,1208.2,18.986,0.028,1.068,0.062,98.85,99,0.609,0.035,1.052,0.043
1136,1660.06,1947.8,18.988,0.05,0.913,0.075,98.85,99,0.769,0.068,99,99
1137,145.415,524.784,18.988,0.046,0.826,0.075,98.85,99,0.596,0.061,1.093,0.071
1138,841.515,1437.04,18.996,0.035,1.124,0.061,98.85,99,0.77,0.04,1.411,0.04
1139,450.866,1133.26,18.999,0.031,0.76,0.048,98.85,99,0.594,0.039,1.074,0.04
1140,1635.86,304.24,19,0.042,1.017,0.069,98.85,99,0.654,0.049,1.209,0.058
1141,1948.72,1505.58,19.002,0.036,0.898,0.059,98.85,99,0.582,0.044,1.067,0.05
1142,1764.96,1496.85,19.005,0.031,1.147,0.064,98.85,99,0.623,0.039,1.219,0.042
1143,678.774,1238.68,19.006,0.033,1.073,0.065,98.85,99,0.72,0.04,1.262,0.04
1144,883.013,1301.19,19.018,0.032,0.942,0.059,98.85,99,0.571,0.039,1.047,0.048
1145,1029.44,1449.8,19.02,0.031,0.957,0.053,98.85,99,0.595,0.037,1.081,0.049
1146,1196.99,1413.68,19.025,0.03,0.944,0.054,98.85,99,0.612,0.034,1.176,0.04
1147,1107.54,156.707,19.029,0.031,1.174,0.066,98.85,99,0.721,0.04,1.291,0.043
1148,534.657,1288.85,19.032,0.034,0.926,0.058,98.85,99,0.568,0.042,1.024,0.045
1149,748.446,1071.39,19.034,0.036,0.849,0.054,98.85,99,0.611,0.041,1.095,0.052
1150,1868.81,1988.03,19.041,0.04,0.604,0.077,98.85,99,0.774,0.045,1.48,0.055
1151,997.339,1252.39,19.043,0.032,0.84,0.052,98.85,99,0.638,0.037,1.143,0.045
1152,1294.61,1955.89,19.044,0.034,1.217,0.066,98.85,99,0.671,0.042,1.229,0.048
1153,1676.41,1462.62,19.048,0.035,0.964,0.06,98.85,99,0.628,0.042,99,99
1154,761.257,1866.68,19.053,0.037,1.286,0.074,98.85,99,0.845,0.041,1.446,0.045
1155,946.472,1470.38,19.053,0.036,1.177,0.067,98.85,99,0.721,0.04,1.353,0.05
1156,1375.1,1657.42,19.053,0.029,1.008,0.056,98.85,99,0.6,0.037,1.143,0.042
1157,837.822,1120.69,19.056,0.038,0.917,0.062,98.85,99,0.599,0.045,1.101,0.049
1158,1376.85,1631.28,19.057,0.03,0.916,0.055,98.85,99,0.619,0.036,1.131,0.044
1159,767.577,1054.7,19.057,0.033,1.078,0.06,98.85,99,0.541,0.041,1.085,0.048
1160,361.564,1147.87,19.063,0.025,1.252,0.063,98.85,99,0.729,0.033,1.253,0.047
1161,1741.47,706.486,19.064,0.054,1.094,0.084,98.85,99,0.716,0.058,1.25,0.065
1162,1007.71,1633.45,19.065,0.031,1.044,0.062,98.85,99,0.741,0.036,1.258,0.049
1163,1845.02,755.88,19.069,0.041,0.829,0.062,98.85,99,0.634,0.049,1.193,0.06
1164,1950.78,859.043,19.072,0.044,1.214,0.118,98.85,99,0.714,0.056,1.397,0.068
1165,416.363,585.759,19.072,0.032,0.872,0.057,98.85,99,0.556,0.04,1.067,0.048
1166,1542.83,643.493,19.075,0.044,0.934,0.077,98.85,99,0.686,0.048,1.193,0.055
1167,204.396,1108.79,19.075,0.036,0.898,0.057,98.85,99,0.605,0.044,1.159,0.053
1168,635.929,209.344,19.078,0.042,0.901,0.071,98.85,99,0.541,0.05,1.218,0.053
1169,1177.83,1388.27,19.082,0.033,0.926,0.054,98.85,99,0.571,0.039,1.008,0.059
1170,1787.81,1616.23,19.083,0.039,0.905,0.061,98.85,99,0.631,0.047,1.024,0.063
1171,1062.61,1658.79,19.089,0.028,0.843,0.051,98.85,99,0.582,0.037,1.08,0.044
1172,843.809,1545.28,19.091,0.026,0.949,0.051,98.85,99,0.646,0.033,1.167,0.041
1173,1900.78,477.213,19.095,0.055,1.193,0.098,98.85,99,0.615,0.062,1.195,0.071
1175,1680.17,1032.14,19.098,0.029,0.962,0.054,98.85,99,0.556,0.037,1.114,0.051
1176,733.808,1375.64,19.101,0.039,0.921,0.063,98.85,99,0.678,0.046,1.276,0.055
1177,953.987,1108.67,19.101,0.033,0.996,0.057,98.85,99,0.498,0.043,1.111,0.058
1178,1258.4,1077.57,19.103,0.039,0.868,0.065,98.85,99,0.697,0.044,1.172,0.052
1179,537.505,442.924,19.103,0.04,0.872,0.069,98.85,99,0.561,0.05,1.166,0.055
1180,1572.98,309.584,19.104,0.037,0.912,0.066,98.85,99,0.679,0.047,1.143,0.05
1181,1107.59,984.239,19.105,0.033,0.956,0.067,98.85,99,0.628,0.039,1.109,0.054
1182,711.813,548.017,19.106,0.04,0.913,0.075,98.85,99,0.527,0.052,99,99
1183,583.678,1452.77,19.11,0.041,1.209,0.074,98.85,99,0.699,0.047,1.288,0.057
1184,1797.29,991.089,19.115,0.058,1.05,0.087,98.85,99,99,99,99,99
1185,1482.25,1369.71,19.117,0.035,0.887,0.055,98.85,99,0.581,0.042,1.072,0.052
1187,1194.53,1405.97,19.128,0.038,1.04,0.068,98.85,99,0.626,0.045,1.182,0.049
1188,1782.65,1684.11,19.13,0.031,0.986,0.055,98.85,99,0.542,0.039,1.238,0.044
1189,958.926,223.421,19.131,0.047,1.118,0.087,98.85,99,0.707,0.055,1.368,0.059
1190,1077.51,1567.96,19.133,0.036,0.847,0.063,98.85,99,0.588,0.043,1.101,0.051
1191,1877.78,488.061,19.136,0.054,0.917,0.096,98.85,99,0.547,0.068,1.027,0.077
1192,1655.41,1502.72,19.136,0.035,0.959,0.066,98.85,99,0.523,0.045,0.993,0.046
1193,216.517,998.739,19.137,0.04,0.851,0.064,98.85,99,0.56,0.049,1.085,0.06
1194,1122.06,619.898,19.14,0.036,1.131,0.084,98.85,99,0.651,0.044,1.132,0.058
1195,1232.03,800.582,19.14,0.048,1.138,0.092,98.85,99,0.624,0.054,1.135,0.06
1196,51.906,1469.8,19.152,0.047,0.962,0.071,98.85,99,0.621,0.054,1.117,0.062
1197,725.712,1468.05,19.154,0.04,1.058,0.068,98.85,99,0.582,0.045,1.104,0.053
1198,1668.62,1803.64,19.162,0.034,1.014,0.064,98.85,99,0.591,0.04,1.171,0.054
1199,620.341,558.088,19.172,0.049,0.924,0.082,98.85,99,0.56,0.055,1.029,0.067
1200,779.776,1540.9,19.178,0.033,0.987,0.057,98.85,99,0.591,0.041,1.153,0.045
1201,1261.33,1488.59,19.178,0.04,0.951,0.071,98.85,99,0.544,0.046,1.078,0.06
1202,1014,1244.03,19.184,0.034,0.946,0.061,98.85,99,0.535,0.042,1.082,0.049
1203,974.758,843.424,19.189,0.051,1.056,0.096,98.85,99,0.537,0.058,1.046,0.068
1204,878.317,1330.4,19.196,0.039,0.999,0.071,98.85,99,0.588,0.048,1.057,0.06
1205,1367.46,1502.05,19.207,0.032,1.046,0.071,98.85,99,0.616,0.038,1.098,0.053
1207,43.664,1856.85,19.208,0.04,0.928,0.077,98.85,99,0.621,0.054,99,99
1208,1201.69,1232.63,19.209,0.033,0.981,0.069,98.85,99,0.49,0.044,1.149,0.047
1209,1186.08,1785.68,19.21,0.041,0.973,0.066,98.85,99,0.659,0.049,1.207,0.061
1210,1448.67,589.813,19.213,0.059,1.046,0.083,98.85,99,0.563,0.066,99,99
1211,1679.97,1551.02,19.217,0.036,0.913,0.07,98.85,99,0.592,0.046,1.105,0.056
1212,1296.42,1551.52,19.218,0.041,0.991,0.072,98.85,99,0.596,0.047,1.169,0.055
1213,746.294,1393.24,19.231,0.037,0.976,0.07,98.85,99,0.622,0.045,1.183,0.058
1214,398.366,1519.37,19.237,0.039,0.984,0.076,98.85,99,0.52,0.046,0.943,0.061
1215,1920.52,1711.88,19.238,0.046,1.461,0.096,98.85,99,0.854,0.05,1.435,0.056
1216,1114.56,290.11,19.238,0.048,1.15,0.097,98.85,99,0.625,0.056,1.184,0.071
1217,1339.13,1250.03,19.249,0.036,0.819,0.065,98.85,99,0.641,0.046,1.227,0.059
1218,1522.49,1222.93,19.251,0.042,0.71,0.108,98.85,99,0.64,0.051,1.098,0.063
1219,1881.39,1652.28,19.254,0.043,0.769,0.071,98.85,99,0.572,0.052,0.981,0.059
1220,920.271,1022.09,19.256,0.041,1.158,0.09,98.85,99,0.613,0.049,1.181,0.06
1221,1709.92,1394.03,19.257,0.043,1.1,0.069,98.85,99,0.605,0.049,1.068,0.06
1222,2016.46,1034.46,19.258,0.043,0.764,0.075,98.85,99,0.627,0.048,1.271,0.061
1223,1037.02,690.705,19.26,0.05,0.802,0.079,98.85,99,0.509,0.059,99,99
1224,534.754,1567.19,19.263,0.033,0.84,0.062,98.85,99,0.618,0.041,1.137,0.054
1225,805.022,1362.14,19.278,0.037,0.744,0.064,98.85,99,0.661,0.046,1.04,0.063
1226,926.004,515.9,19.279,0.049,0.909,0.088,98.85,99,0.597,0.06,1.154,0.064
1227,1092.32,1676.92,19.284,0.04,0.977,0.072,98.85,99,0.682,0.046,1.26,0.055
1228,936.892,1203.08,19.284,0.036,0.919,0.062,98.85,99,0.633,0.046,1.117,0.056
1229,374.945,1430.78,19.291,0.038,0.86,0.067,98.85,99,0.486,0.046,1.018,0.059
1230,1800.08,839.977,19.296,0.037,0.893,0.068,98.85,99,0.533,0.048,99,99
1231,1667.22,1360.93,19.302,0.037,0.967,0.071,98.85,99,0.551,0.046,1.073,0.06
1232,692.809,1444.15,19.306,0.051,1.073,0.075,98.85,99,0.676,0.056,99,99
1233,1090.92,1071.25,19.33,0.041,0.957,0.062,98.85,99,0.609,0.048,1.081,0.061
1234,1169.22,1466.49,19.332,0.033,1.014,0.083,98.85,99,0.731,0.04,1.171,0.059
1235,1024.59,824.089,19.332,0.054,1.077,0.105,98.85,99,0.511,0.068,1.096,0.075
1236,1132.39,1499.63,19.34,0.044,0.921,0.077,98.85,99,0.632,0.047,1.191,0.057
1237,724,928.77,19.351,0.05,0.835,0.077,98.85,99,0.643,0.06,1.106,0.073
1238,1843.37,807.732,19.351,0.067,0.897,0.091,98.85,99,0.513,0.085,1.026,0.096
1239,1164.4,1172.6,19.369,0.04,1.065,0.088,98.85,99,0.495,0.054,0.997,0.064
1240,926.885,1033.03,19.372,0.043,1.111,0.083,98.85,99,0.731,0.048,1.228,0.062
1241,1489.37,1067.23,19.396,0.043,0.909,0.066,98.85,99,0.49,0.055,1.022,0.065
1242,992.856,1621.56,19.436,0.046,0.841,0.073,98.85,99,0.532,0.056,1.028,0.065
1243,259.866,974.746,19.44,0.061,0.999,0.11,98.85,99,0.627,0.066,99,99
1244,665.77,327.66,19.45,0.054,0.706,0.086,98.85,99,0.459,0.065,99,99
1245,1970.83,1864.51,19.459,0.049,0.489,0.103,98.85,99,0.737,0.056,1.419,0.069
1246,1182.25,223.023,19.462,0.054,1.028,0.095,98.85,99,0.618,0.063,1.031,0.083
1247,1303.68,1162.92,19.481,0.06,0.872,0.092,98.85,99,0.682,0.064,1.23,0.078
1248,1277.81,830.831,19.481,0.061,0.913,0.1,98.85,99,0.635,0.068,1.185,0.079
1249,962.192,1295.52,19.491,0.049,0.957,0.076,98.85,99,0.67,0.056,1.214,0.074
1250,1292.19,1816.58,19.492,0.041,0.913,0.079,98.85,99,0.655,0.048,1.226,0.066
1251,1706.86,1690.74,19.499,0.059,1.073,0.096,98.85,99,0.419,0.071,0.983,0.079
1252,691.572,1013.13,19.526,0.05,1.044,0.088,98.85,99,0.479,0.062,1.116,0.073
1253,1011.56,1482.99,19.538,0.053,1.168,0.098,98.85,99,0.509,0.06,99,99
1254,998.277,1486.98,19.542,0.042,1.025,0.083,98.85,99,0.701,0.053,1.263,0.054
1255,1494.79,1075.02,19.55,0.045,1.075,0.087,98.85,99,0.645,0.054,1.179,0.061
1256,1127.37,290.175,19.564,0.053,0.884,0.124,98.85,99,0.744,0.066,1.184,0.077
1257,984.28,1400.99,19.567,0.057,1.053,0.092,98.85,99,0.718,0.065,1.341,0.073
1258,1034.45,1476.05,19.695,0.054,0.835,0.092,98.85,99,0.634,0.064,1.158,0.082
1259,1025.45,1469.64,19.709,0.059,1.026,0.107,98.85,99,0.675,0.064,1.199,0.082
1260,143.922,1783.57,19.727,0.059,1.347,0.242,98.85,99,1.157,0.065,2.113,0.069
1261,952.292,511.87,19.797,0.07,0.832,0.129,98.85,99,0.664,0.084,99,99
69,2019.82,1181.41,15.197,0.009,0.508,0.014,0.352,0.017,0.545,0.029,0.91,0.017
200,1621.65,1242.09,16.548,0.008,0.892,0.015,0.148,0.04,0.521,0.011,0.983,0.015
216,325.297,198.422,16.667,0.023,0.888,0.032,98.85,99,0.547,0.036,1.02,0.033
255,1885.18,1305.5,16.897,0.012,1.333,0.024,98.85,99,0.889,0.016,1.648,0.017
282,1741.12,1843.76,17.019,0.01,0.925,0.015,0.3,0.061,0.602,0.014,1.11,0.016
287,376.493,1069.41,17.034,0.012,1.235,0.021,98.85,99,0.733,0.018,1.329,0.018
235,1661.86,773.576,16.792,0.017,1.038,0.025,0.268,0.071,0.615,0.023,1.122,0.026
601,1692.52,1821.84,17.958,0.015,0.954,0.025,98.85,99,0.613,0.021,1.101,0.023
613,1073.3,1449.29,17.98,0.02,0.853,0.031,98.85,99,0.614,0.025,1.11,0.027
673,1316.56,1797,18.095,0.016,0.888,0.027,98.85,99,0.552,0.021,1.006,0.023
561,1081.93,1421.84,17.876,0.014,1.124,0.027,98.85,99,0.659,0.018,1.162,0.021
746,483.074,363.61,18.266,0.025,1.035,0.047,98.85,99,0.645,0.03,1.218,0.037
862,1591.15,1413.17,18.484,0.022,1.108,0.046,98.85,99,0.64,0.026,1.146,0.034
909,1732.25,1665.5,18.556,0.022,1.36,0.053,98.85,99,0.951,0.026,1.646,0.029
938,1061.08,1417.44,18.614,0.022,0.952,0.04,98.85,99,0.632,0.029,1.129,0.036
972,368.784,1226.32,18.669,0.026,1.15,0.052,98.85,99,0.678,0.032,1.252,0.035
983,1741.66,1040.73,18.682,0.02,1.104,0.05,98.85,99,0.608,0.028,1.162,0.034
605,1605.04,1469.81,17.97,0.017,0.902,0.027,98.85,99,0.536,0.021,1.036,0.022
822,1242.44,1823.19,18.405,0.019,0.964,0.039,98.85,99,0.605,0.024,1.143,0.028
1016,1930.9,201.423,18.758,0.026,1.141,0.059,98.85,99,0.666,0.038,1.24,0.051
1034,1494.67,895.014,18.784,0.035,1.085,0.06,98.85,99,0.594,0.041,1.145,0.048
284,1903.35,889.622,17.024,0.021,1.121,0.032,98.85,99,0.669,0.026,1.202,0.028
1050,925.865,1472.19,18.824,0.03,1.015,0.051,98.85,99,0.541,0.037,1.116,0.041
228,1879.76,1510.53,16.769,0.008,1.052,0.014,98.85,99,0.621,0.01,1.129,0.012
969,1932.03,1388.87,18.665,0.025,0.961,0.041,98.85,99,0.699,0.028,1.239,0.035
1206,1862.33,2004.98,19.208,0.039,0.031,0.056,98.85,99,0.534,0.054,1.258,0.072
