ID,x,y,V,Verr,BV,BVerr,UB,UBerr,VR,VRerr,VI,VIerr
1,1364.51,1383.14,11.357,0.001,0.436,0.002,-0.571,0.003,0.335,0.01,0.54,0.003
2,2018.69,937.063,11.792,0.003,0.958,0.005,1.033,0.007,0.59,0.011,1.25,0.006
8,1535.02,1845.6,12.141,0.003,1.972,0.004,2.137,0.018,1.097,0.008,2.074,0.006
3,222.478,1029.81,12.216,0.004,0.252,0.006,0.202,0.005,0.15,0.006,0.276,0.008
4,1936.96,1800.25,12.28,0.003,0.82,0.005,0.296,0.004,0.48,0.006,0.833,0.006
5,909.82,1261.94,12.425,0.001,0.381,0.002,0.216,0.003,0.23,0.003,0.4,0.003
7,853.392,1355.71,12.538,0.002,0.48,0.003,-0.106,0.003,0.305,0.003,0.589,0.003
9,1675.3,1951.38,12.582,0.002,0.568,0.003,0.512,0.004,0.349,0.005,0.693,0.004
6,987.672,242.896,12.646,0.002,0.261,0.003,0.21,0.004,0.131,0.004,0.23,0.006
10,165.203,519.073,12.693,0.005,0.632,0.007,0.321,0.006,0.36,0.007,0.756,0.01
12,39.58,400.503,12.735,0.006,0.919,0.009,0.396,0.009,0.497,0.009,0.948,0.011
11,659.436,1935.85,12.769,0.005,0.626,0.007,-0.007,0.011,0.389,0.007,0.718,0.009
13,1169.25,749.433,12.913,0.003,0.693,0.005,0.064,0.005,0.431,0.005,0.789,0.007
14,855.632,1436.68,12.992,0.002,0.467,0.003,-0.034,0.004,0.3,0.003,0.577,0.003
15,1915.74,1031.78,13.035,0.002,1.186,0.004,0.987,0.009,0.661,0.007,1.195,0.004
18,660.353,837.083,13.164,0.004,0.705,0.006,0.077,0.005,0.436,0.005,0.863,0.007
16,1034.22,1328.76,13.177,0.001,0.506,0.003,-0.183,0.004,0.351,0.003,0.667,0.003
17,616.505,264.72,13.274,0.004,1.141,0.006,0.528,0.01,0.732,0.005,1.485,0.007
21,54.272,229.939,13.34,0.007,0.708,0.01,0.126,0.009,0.373,0.01,0.788,0.013
19,1231.82,1886.26,13.38,0.003,0.367,0.004,-0.224,0.004,0.295,0.005,0.536,0.005
20,1967.48,1026.12,13.396,0.008,0.556,0.011,0.05,0.008,0.358,0.013,0.669,0.016
23,223.889,556.803,13.512,0.005,0.649,0.007,0.088,0.007,0.393,0.007,0.756,0.009
22,287.207,1908.05,13.569,0.005,0.512,0.007,-0.042,0.006,0.317,0.008,0.635,0.009
24,262.917,1785.35,13.595,0.004,0.663,0.006,0.109,0.007,0.414,0.007,0.835,0.008
25,1701.19,691.574,13.621,0.005,0.575,0.007,0.102,0.007,0.375,0.008,0.668,0.008
26,1140.64,1350.44,13.662,0.002,0.573,0.003,0.05,0.005,0.355,0.005,0.681,0.004
27,493.781,793.898,13.724,0.005,0.663,0.007,0.071,0.007,0.414,0.007,0.76,0.009
28,1069.19,1946.95,13.764,0.002,1.775,0.003,1.82,0.048,1.039,0.004,1.968,0.004
29,696.843,240.537,13.806,0.004,0.701,0.006,0.063,0.007,0.423,0.006,0.8,0.007
30,728.788,1568.4,13.877,0.002,0.99,0.003,0.402,0.008,0.587,0.003,1.09,0.004
32,1194.32,683.878,13.944,0.005,0.646,0.007,0.075,0.008,0.414,0.008,0.754,0.008
31,2003.9,1522.2,13.956,0.003,1.712,0.006,1.276,0.039,0.985,0.008,1.89,0.006
34,719.529,526.04,13.957,0.005,0.806,0.007,0.191,0.009,0.474,0.007,0.861,0.009
33,742.996,1064.38,13.963,0.002,0.589,0.003,0.035,0.005,0.368,0.003,0.665,0.004
36,972.113,1341.15,13.97,0.002,0.523,0.003,0.383,0.006,0.298,0.003,0.58,0.004
37,1308.62,1806.78,13.974,0.003,1.401,0.004,1.051,0.018,0.806,0.004,1.516,0.005
35,909.911,1281.17,13.989,0.002,0.518,0.003,0.051,0.006,0.318,0.003,0.615,0.004
38,1741.71,793.328,14.02,0.005,0.799,0.007,0.696,0.013,0.475,0.009,0.947,0.008
39,816.555,1148.85,14.067,0.002,0.533,0.003,0.198,0.006,0.322,0.003,0.642,0.004
40,1197.68,1285.87,14.09,0.002,0.654,0.003,0.307,0.007,0.396,0.005,0.768,0.004
41,1926.26,1204.78,14.206,0.003,0.65,0.005,0.01,0.008,0.418,0.007,0.772,0.008
42,1185.47,1732.76,14.21,0.003,0.488,0.004,0.192,0.006,0.308,0.005,0.587,0.005
43,841.709,1326.3,14.212,0.002,0.479,0.003,0.134,0.007,0.328,0.003,0.62,0.004
44,1019.24,1631.68,14.271,0.003,0.782,0.005,0.164,0.009,0.491,0.005,0.897,0.005
46,995.889,1279.54,14.284,0.002,0.671,0.003,0.383,0.009,0.394,0.004,0.794,0.004
45,1595.54,372.43,14.298,0.005,0.622,0.007,0.018,0.009,0.39,0.009,0.723,0.009
48,1121.07,1124.2,14.331,0.002,0.809,0.003,0.16,0.007,0.499,0.004,0.999,0.004
49,1096.22,1019.85,14.346,0.002,0.762,0.003,0.459,0.009,0.452,0.004,0.904,0.004
51,1478.92,1221,14.407,0.002,0.914,0.004,0.461,0.01,0.572,0.005,1.01,0.004
50,1667.69,1460.07,14.435,0.003,0.674,0.004,0.005,0.007,0.447,0.006,0.82,0.006
54,1025.92,336.956,14.453,0.005,0.65,0.007,0.04,0.01,0.404,0.008,0.743,0.008
55,295.008,159.314,14.469,0.005,0.657,0.007,0.345,0.012,0.365,0.008,0.811,0.009
56,173.245,1937.86,14.498,0.011,0.691,0.016,0.028,0.017,0.409,0.016,0.804,0.019
59,347.999,107.166,14.566,0.005,0.691,0.007,-0.011,0.012,0.386,0.008,0.771,0.009
58,1153.5,1250.03,14.567,0.002,0.619,0.003,0.299,0.01,0.382,0.004,0.723,0.004
61,1439.06,912.006,14.574,0.004,0.886,0.006,0.518,0.015,0.547,0.008,1.055,0.008
60,1361.53,857.392,14.581,0.005,0.942,0.007,0.291,0.015,0.588,0.009,1.174,0.008
57,785.505,1526.87,14.584,0.003,1.17,0.005,0.55,0.016,0.721,0.005,1.395,0.005
62,1288.91,1756.73,14.598,0.004,0.746,0.006,0.091,0.01,0.481,0.007,0.876,0.007
53,1552.52,1481.16,14.623,0.003,1.723,0.006,99,99,0.996,0.006,1.86,0.005
63,590.898,1321.45,14.64,0.002,0.592,0.003,0.338,0.011,0.36,0.003,0.718,0.004
64,1131.92,1326.59,14.673,0.002,0.791,0.004,0.582,0.015,0.479,0.004,0.947,0.004
66,1075.25,913.078,14.713,0.005,0.892,0.007,0.853,0.029,0.533,0.008,1.059,0.008
52,1766.73,1401.76,14.72,0.003,1.767,0.007,99,99,1.015,0.006,1.932,0.005
65,1153.33,991.899,14.768,0.007,1.056,0.011,0.48,0.019,0.656,0.009,1.252,0.01
73,221.878,872.385,14.769,0.008,0.82,0.011,0.238,0.014,0.474,0.013,0.812,0.011
67,1120.5,1315.84,14.788,0.003,0.691,0.005,0.471,0.015,0.418,0.005,0.815,0.006
68,1774.94,374.767,14.807,0.004,0.61,0.006,0.042,0.012,0.384,0.009,0.733,0.007
72,752.303,134.835,14.812,0.004,0.783,0.006,0.127,0.014,0.453,0.007,0.84,0.007
70,1576.25,1546.8,14.819,0.003,0.792,0.005,0.163,0.013,0.495,0.005,0.906,0.005
75,1366.36,1557.46,14.832,0.006,0.625,0.01,0.462,0.037,0.363,0.008,0.737,0.012
69,1170.58,508.539,14.834,0.004,1.05,0.006,0.829,0.03,0.643,0.007,1.298,0.007
74,1866.84,1879.61,14.836,0.003,0.653,0.005,-0.011,0.011,0.417,0.006,0.768,0.005
71,1837.45,702.742,14.837,0.005,0.599,0.007,0.07,0.013,0.387,0.01,0.709,0.008
47,1053.04,1699.82,14.839,0.004,1.969,0.008,99,99,1.167,0.005,2.23,0.006
78,1631.17,7.617,14.907,0.005,0.925,0.008,0.378,0.023,0.527,0.01,1.003,0.009
81,1146.38,1388.94,14.961,0.003,0.637,0.005,0.473,0.015,0.376,0.005,0.733,0.006
86,1313.88,1428.39,14.971,0.003,0.844,0.005,0.491,0.019,0.468,0.005,0.904,0.006
83,636.734,864.956,14.975,0.004,0.715,0.006,0.523,0.024,0.412,0.007,0.828,0.007
79,948.004,1070.4,14.976,0.003,0.855,0.005,0.278,0.015,0.541,0.005,0.991,0.006
98,1808.11,1697.08,14.984,0.016,0.745,0.022,0.121,0.018,0.353,0.017,0.722,0.019
82,1981.82,822.962,15.002,0.005,1.12,0.008,0.652,0.031,0.721,0.012,1.344,0.008
87,1174.11,1260.96,15.006,0.003,0.67,0.005,0.494,0.017,0.4,0.005,0.782,0.006
89,1079.2,1314.16,15.015,0.003,0.658,0.005,0.452,0.018,0.388,0.005,0.759,0.006
92,1404.98,887.663,15.021,0.005,0.718,0.007,0.463,0.02,0.42,0.009,0.843,0.008
88,1048.5,1154.74,15.028,0.002,0.877,0.004,0.622,0.02,0.516,0.004,1.021,0.005
90,1476.42,1643.35,15.037,0.003,0.935,0.005,0.687,0.023,0.578,0.005,1.138,0.006
93,768.679,1101.13,15.059,0.003,0.671,0.005,0.479,0.017,0.391,0.005,0.783,0.006
94,1636.88,1520.28,15.061,0.004,0.837,0.006,0.208,0.012,0.514,0.007,0.932,0.006
76,613.763,737.151,15.066,0.004,1.805,0.009,99,99,1.021,0.007,1.958,0.008
91,1317.35,1084.54,15.077,0.003,0.893,0.006,0.159,0.014,0.572,0.005,1.136,0.006
96,830.666,684.461,15.092,0.004,0.83,0.006,0.222,0.015,0.501,0.007,0.926,0.007
497,593.939,1556.74,17.699,0.034,1.119,0.067,99,99,0.692,0.04,1.334,0.05
97,398.184,1532.99,15.102,0.004,0.754,0.006,0.575,0.019,0.444,0.005,0.897,0.007
95,1120.48,1197.04,15.119,0.003,0.88,0.005,0.739,0.027,0.543,0.005,1.087,0.006
77,1278.65,808.747,15.126,0.005,1.784,0.01,99,99,1.068,0.009,2.055,0.009
103,1492.35,1950.65,15.136,0.003,0.596,0.005,0.412,0.016,0.364,0.005,0.706,0.006
102,1523.7,1889.15,15.141,0.004,0.68,0.006,0.327,0.018,0.429,0.006,0.851,0.006
105,1017.06,962.806,15.196,0.004,0.753,0.006,0.56,0.021,0.443,0.007,0.895,0.007
107,738.233,946.92,15.215,0.004,0.696,0.006,0.509,0.023,0.387,0.007,0.788,0.007
106,1944.53,1695.37,15.225,0.003,0.901,0.006,0.439,0.021,0.563,0.006,0.98,0.007
85,1789.43,1719.58,15.24,0.004,1.693,0.008,99,99,0.973,0.007,1.821,0.006
111,831.432,115.584,15.242,0.005,0.836,0.008,0.245,0.02,0.487,0.008,0.909,0.009
110,1424.27,1143.02,15.246,0.003,0.863,0.006,0.319,0.019,0.52,0.006,0.92,0.006
109,1227.33,1242.35,15.262,0.003,0.817,0.006,0.385,0.019,0.496,0.005,0.951,0.007
117,1057.6,1933.25,15.266,0.016,0.837,0.021,0.22,0.029,0.528,0.024,0.976,0.027
113,1746.75,1845.83,15.274,0.004,0.659,0.006,0.499,0.021,0.395,0.007,0.779,0.007
112,1933.38,887.869,15.275,0.004,0.863,0.007,0.656,0.031,0.503,0.009,1.007,0.008
116,1296.68,1840.04,15.284,0.004,0.823,0.006,0.249,0.02,0.508,0.006,0.896,0.006
115,1122.56,1329.44,15.295,0.003,0.797,0.006,0.594,0.028,0.464,0.005,0.951,0.007
118,1136.48,1185.37,15.303,0.006,0.712,0.008,-0.012,0.015,0.426,0.007,0.784,0.009
114,1405.35,1113.74,15.326,0.003,0.943,0.006,0.377,0.024,0.599,0.006,1.186,0.006
101,807.629,1362.08,15.39,0.003,1.523,0.007,99,99,0.899,0.005,1.699,0.005
121,1271.85,1392.64,15.41,0.003,0.727,0.006,0.532,0.023,0.426,0.005,0.833,0.007
134,1306.91,1930,15.431,0.026,0.733,0.037,0.463,0.038,0.382,0.039,0.844,0.042
80,506.952,1778.53,15.443,0.004,1.96,0.009,99,99,1.179,0.006,2.253,0.006
124,940.984,520.772,15.444,0.005,0.835,0.008,0.629,0.038,0.484,0.008,0.985,0.008
128,1666.14,593.915,15.445,0.005,0.917,0.008,0.456,0.033,0.541,0.009,0.979,0.009
126,285.816,1247.6,15.467,0.004,0.765,0.006,0.086,0.017,0.483,0.006,0.918,0.007
123,1367.58,1119.53,15.47,0.004,1.033,0.006,0.769,0.039,0.615,0.007,1.217,0.006
133,571.784,1258.27,15.489,0.004,0.727,0.006,0.538,0.023,0.413,0.005,0.826,0.006
129,707.959,1476.27,15.53,0.004,0.856,0.008,0.522,0.026,0.514,0.005,1.007,0.006
132,2012.41,1361.63,15.54,0.005,0.831,0.008,0.333,0.027,0.53,0.009,1.063,0.008
137,217.099,412.873,15.578,0.005,0.836,0.009,0.174,0.027,0.466,0.009,0.894,0.01
138,251.935,687.254,15.588,0.006,0.763,0.009,0.101,0.022,0.453,0.009,0.856,0.009
119,1843.78,1230.31,15.592,0.004,1.32,0.008,99,99,0.871,0.007,1.562,0.006
136,959.276,1636.04,15.6,0.004,0.799,0.007,0.184,0.027,0.508,0.005,0.959,0.006
144,780.861,1093.96,15.6,0.008,1.269,0.013,99,99,0.818,0.013,1.511,0.02
140,676.61,40.557,15.609,0.005,1.03,0.008,0.787,0.064,0.586,0.009,1.222,0.01
143,1723.41,732.905,15.62,0.005,0.944,0.008,99,99,0.576,0.01,1.04,0.009
142,1106.9,1719.05,15.638,0.004,0.773,0.006,0.625,0.027,0.49,0.006,0.96,0.007
145,1157.77,145.175,15.649,0.004,0.967,0.009,0.502,0.041,0.564,0.009,1.025,0.008
146,954.883,1581.58,15.672,0.004,0.721,0.006,0.459,0.03,0.447,0.005,0.856,0.007
99,991.289,1445.26,15.678,0.004,1.517,0.009,99,99,1.032,0.005,2.156,0.006
147,1254.22,1384.01,15.681,0.004,0.868,0.006,0.201,0.027,0.524,0.007,0.977,0.007
125,510.727,1011.54,15.685,0.004,1.255,0.009,0.856,0.059,0.768,0.005,1.53,0.006
148,339.65,1482.26,15.709,0.005,0.83,0.008,0.121,0.023,0.509,0.007,0.957,0.009
152,665.007,581.939,15.716,0.006,0.852,0.009,0.7,0.042,0.476,0.009,0.973,0.009
131,1721.93,1206.9,15.733,0.004,1.391,0.008,99,99,0.858,0.007,1.736,0.006
150,623.972,1854.92,15.734,0.005,0.899,0.008,0.356,0.03,0.557,0.007,1,0.008
155,1580.26,310.396,15.736,0.006,0.767,0.009,0.075,0.024,0.458,0.01,0.85,0.01
149,1203.35,1836.95,15.737,0.005,0.874,0.008,0.531,0.039,0.551,0.007,1.054,0.008
151,356.766,1363.86,15.738,0.005,0.818,0.009,0.565,0.035,0.474,0.007,0.952,0.008
135,1994.52,1864.07,15.764,0.005,0.219,0.011,1.403,0.077,0.565,0.008,1.269,0.008
157,1127.15,1430.28,15.77,0.006,0.864,0.009,0.667,0.036,0.519,0.009,1.039,0.011
159,1935.26,61.528,15.791,0.006,0.765,0.01,99,99,0.464,0.012,0.88,0.012
139,187.972,1926.56,15.8,0.022,1.311,0.034,99,99,0.846,0.031,1.74,0.032
164,1368.98,1366.65,15.802,0.007,0.772,0.012,0.444,0.048,0.67,0.02,0.847,0.01
120,1961.76,847.744,15.803,0.006,1.729,0.013,99,99,1.031,0.011,1.969,0.009
153,1517.16,167.177,15.805,0.005,1.016,0.01,99,99,0.618,0.01,1.221,0.01
163,1330.3,1681.47,15.811,0.005,0.798,0.008,99,99,0.459,0.007,0.894,0.008
160,1839.82,1515.36,15.82,0.004,0.889,0.007,0.688,0.041,0.534,0.007,1.07,0.007
161,86.977,1614.49,15.84,0.007,0.99,0.011,0.702,0.054,0.625,0.011,1.235,0.013
158,1377.27,1414.7,15.841,0.004,1.005,0.008,0.485,0.04,0.617,0.007,1.215,0.008
165,134.093,130.774,15.857,0.007,0.897,0.012,99,99,0.459,0.011,1.049,0.012
167,927.55,1370.64,15.857,0.005,0.716,0.008,-0.005,0.022,0.468,0.007,0.832,0.008
166,1646.51,1227.9,15.86,0.004,0.89,0.007,0.609,0.039,0.518,0.007,1.042,0.008
162,163.39,1061.43,15.874,0.006,1.056,0.01,99,99,0.629,0.009,1.244,0.01
172,1563.9,1535.24,15.902,0.005,0.826,0.009,0.574,0.04,0.474,0.008,0.932,0.009
169,1834.56,1922.19,15.907,0.005,0.902,0.009,0.159,0.032,0.558,0.007,1.033,0.008
168,1646.12,1953.21,15.932,0.006,0.949,0.009,0.248,0.033,0.607,0.008,1.149,0.009
170,1811.95,1396.2,15.936,0.005,1.047,0.009,0.369,0.04,0.629,0.009,1.231,0.009
173,1405.95,1802.64,15.956,0.005,0.868,0.009,0.182,0.034,0.547,0.007,1.047,0.008
171,666.87,1311.69,15.957,0.005,0.915,0.009,0.294,0.036,0.559,0.006,1.029,0.008
175,919.431,1691.85,15.974,0.005,0.807,0.008,0.075,0.029,0.534,0.007,0.971,0.008
178,1826.33,426.914,15.974,0.006,0.744,0.009,0.035,0.029,0.472,0.01,0.894,0.01
176,819.99,990.187,15.981,0.006,0.854,0.011,0.217,0.044,0.539,0.009,0.951,0.01
180,356.427,610.327,15.987,0.006,1.014,0.009,0.603,0.06,0.58,0.009,1.097,0.011
182,1278.15,1059.12,16.032,0.005,0.942,0.01,0.777,0.056,0.551,0.008,1.104,0.009
179,871.178,97.295,16.035,0.006,1.057,0.011,0.466,0.051,0.607,0.009,1.174,0.009
174,5.91,1659.18,16.037,0.007,1.049,0.014,0.447,0.046,0.681,0.011,1.357,0.012
183,829.122,1582.88,16.048,0.005,0.877,0.009,0.183,0.031,0.559,0.007,1.008,0.008
188,668.484,1323.59,16.068,0.007,0.894,0.011,0.596,0.049,0.524,0.011,1.048,0.014
185,1581.64,1286.53,16.079,0.005,0.9,0.009,0.587,0.051,0.56,0.007,1.091,0.009
189,538.875,1523.86,16.097,0.005,0.868,0.009,0.51,0.045,0.541,0.013,1.047,0.008
187,1284.78,1798.46,16.127,0.005,0.922,0.01,99,99,0.595,0.007,1.119,0.008
199,1129.78,1699.95,16.169,0.019,1.012,0.029,99,99,0.637,0.032,1.202,0.038
184,2027.23,861.768,16.174,0.006,0.694,0.013,99,99,0.612,0.011,1.392,0.011
84,246.08,1309.42,16.178,0.005,2.851,0.03,99,99,1.763,0.007,3.404,0.008
192,1105.91,1391.39,16.178,0.005,0.955,0.009,0.7,0.065,0.584,0.007,1.145,0.008
190,493.364,1449.13,16.185,0.006,0.999,0.01,99,99,0.623,0.007,1.204,0.009
203,1687.3,172.814,16.218,0.007,0.874,0.012,0.377,0.05,0.512,0.012,0.947,0.013
198,1561.53,1871.8,16.221,0.005,0.897,0.01,0.344,0.043,0.556,0.007,1.075,0.009
191,1382.17,1296.79,16.229,0.005,1.164,0.01,99,99,0.72,0.007,1.384,0.009
202,1992.3,501.748,16.259,0.008,0.699,0.012,0.299,0.05,0.512,0.013,0.988,0.013
194,1351.64,1392.9,16.268,0.007,1.107,0.015,0.627,0.118,0.955,0.028,1.316,0.01
201,834.863,1237.37,16.283,0.006,0.97,0.011,99,99,0.561,0.007,1.134,0.009
207,768.018,804.951,16.331,0.007,0.932,0.013,0.718,0.087,0.575,0.01,1.138,0.011
204,754.042,907.586,16.354,0.006,1.078,0.013,99,99,0.649,0.009,1.285,0.01
205,1474.9,1380.25,16.365,0.007,1.047,0.013,0.204,0.047,0.639,0.009,1.213,0.01
210,893.704,1425.41,16.367,0.006,0.908,0.01,0.37,0.05,0.57,0.007,1.102,0.011
211,953.705,1749.46,16.38,0.006,0.9,0.01,0.255,0.045,0.591,0.008,1.117,0.009
222,255.043,1910.28,16.387,0.011,1.051,0.017,99,99,0.604,0.017,1.201,0.018
196,533.246,1591.37,16.396,0.007,1.24,0.013,99,99,0.775,0.008,1.579,0.01
213,1024.33,1591.15,16.4,0.006,0.933,0.01,0.451,0.061,0.593,0.009,1.144,0.009
209,1770.83,1139.13,16.404,0.006,1.043,0.011,99,99,0.659,0.009,1.28,0.009
212,511.051,364.267,16.415,0.007,0.977,0.013,99,99,0.595,0.009,1.169,0.011
220,1926.6,1516.57,16.423,0.006,0.988,0.011,0.655,0.088,0.582,0.009,1.161,0.01
229,136.851,1418.95,16.427,0.007,0.928,0.012,0.275,0.051,0.554,0.01,1.035,0.013
241,929.017,1930.89,16.434,0.024,0.994,0.031,0.278,0.061,0.601,0.036,1.141,0.036
214,767.066,1207.26,16.453,0.007,1.033,0.012,99,99,0.645,0.009,1.239,0.01
130,29.852,825.796,16.454,0.008,2.336,0.026,99,99,1.405,0.01,2.754,0.011
228,1049.92,1167.97,16.457,0.006,0.992,0.01,99,99,0.591,0.008,1.159,0.011
227,1232.49,902.242,16.469,0.008,0.951,0.013,99,99,0.608,0.011,1.144,0.013
219,1530.51,929.987,16.479,0.008,1.01,0.015,99,99,0.639,0.012,1.226,0.012
234,997.254,23.585,16.479,0.007,0.855,0.013,0.156,0.055,0.509,0.01,0.967,0.012
224,630.101,679.793,16.489,0.007,0.981,0.013,99,99,0.606,0.009,1.2,0.012
216,1000.11,1258.2,16.496,0.006,1.073,0.013,99,99,0.669,0.008,1.286,0.009
223,1287.93,1051.22,16.507,0.007,1.012,0.013,99,99,0.633,0.009,1.244,0.011
208,462.934,1056.53,16.511,0.007,1.246,0.014,99,99,0.76,0.009,1.504,0.01
233,54.76,167.256,16.523,0.011,1.027,0.018,0.253,0.082,0.606,0.015,1.323,0.019
221,1220.19,1284.59,16.529,0.005,1.136,0.013,99,99,0.712,0.008,1.367,0.009
232,1004.43,1678.7,16.535,0.007,0.935,0.013,0.426,0.063,0.601,0.009,1.139,0.01
231,454.106,260.732,16.542,0.013,1.221,0.02,99,99,0.737,0.019,1.54,0.019
237,1457.34,167.196,16.546,0.008,1.084,0.015,99,99,0.609,0.012,1.222,0.013
246,890.588,634.446,16.571,0.009,0.98,0.015,99,99,0.588,0.012,1.076,0.015
226,13.971,1145.77,16.59,0.007,1.195,0.014,99,99,0.717,0.009,1.461,0.011
269,812.241,1289.36,16.6,0.016,0.99,0.023,99,99,0.583,0.024,1.121,0.029
259,1521.7,599.523,16.616,0.008,0.91,0.016,0.368,0.084,0.575,0.012,1.013,0.014
238,805.132,969.158,16.617,0.008,1.055,0.016,99,99,0.645,0.011,1.288,0.012
254,1051.83,989.03,16.623,0.01,1.025,0.016,99,99,0.632,0.013,1.267,0.017
236,1274.89,1098,16.627,0.007,1.106,0.013,99,99,0.674,0.009,1.332,0.01
249,421.786,155.611,16.628,0.008,1.053,0.016,99,99,0.617,0.012,1.191,0.013
257,1408.01,1785.53,16.644,0.007,0.967,0.013,99,99,0.601,0.009,1.171,0.011
253,1999.78,1711.72,16.651,0.007,1.057,0.015,99,99,0.627,0.01,1.239,0.012
261,671.237,1559.71,16.652,0.028,0.998,0.048,99,99,0.57,0.035,1.153,0.04
272,577.542,1311.31,16.664,0.015,1.059,0.023,99,99,0.662,0.021,1.29,0.026
255,781.896,1471.92,16.668,0.007,0.988,0.013,99,99,0.626,0.009,1.214,0.011
262,586.336,1288.49,16.669,0.011,0.945,0.015,0.397,0.08,0.599,0.012,1.164,0.014
197,384.78,872.681,16.67,0.01,1.617,0.023,99,99,0.987,0.011,1.903,0.013
256,1866.49,1196.81,16.672,0.007,1.093,0.014,99,99,0.691,0.01,1.329,0.013
258,694.612,798.263,16.678,0.009,1.012,0.016,99,99,0.63,0.012,1.235,0.013
243,178.695,1100.07,16.685,0.007,1.117,0.014,99,99,0.704,0.009,1.381,0.012
248,539.933,1257.1,16.685,0.008,1.073,0.013,99,99,0.667,0.009,1.291,0.013
266,1034.83,1280.44,16.693,0.007,0.999,0.013,99,99,0.609,0.009,1.177,0.011
260,980.274,1401.45,16.699,0.007,0.999,0.015,99,99,0.628,0.009,1.189,0.011
108,1926.21,1173.52,16.713,0.007,2.73,0.04,99,99,1.674,0.01,3.209,0.009
273,1291.35,1528.68,16.725,0.009,1.056,0.015,99,99,0.624,0.011,1.326,0.024
264,1149.51,1593.53,16.728,0.007,1.06,0.013,0.516,0.097,0.684,0.009,1.292,0.012
265,685.619,1083.15,16.736,0.008,1.112,0.014,99,99,0.678,0.01,1.29,0.012
268,542.94,135.58,16.739,0.011,1.022,0.019,99,99,0.609,0.014,1.31,0.016
270,22.351,764.496,16.74,0.011,1.083,0.018,99,99,0.663,0.014,1.313,0.016
278,1340.47,1777.69,16.746,0.008,0.957,0.014,99,99,0.607,0.011,1.15,0.012
285,1231.81,1660.15,16.758,0.008,0.922,0.014,99,99,0.573,0.01,1.014,0.013
274,180.349,1293.72,16.773,0.008,1.091,0.016,99,99,0.646,0.01,1.3,0.013
281,271.975,1956.8,16.778,0.009,0.926,0.017,99,99,0.596,0.012,1.184,0.014
289,1548.7,1779.98,16.806,0.008,0.917,0.016,99,99,0.58,0.011,1.119,0.013
279,252.724,1831.34,16.807,0.008,1.139,0.016,99,99,0.682,0.01,1.302,0.013
230,1073.49,986.429,16.809,0.01,1.444,0.024,99,99,0.899,0.012,1.734,0.014
296,1000.02,170.646,16.813,0.01,0.976,0.018,99,99,0.559,0.014,1.062,0.015
288,1384.53,1387.96,16.816,0.013,1,0.022,99,99,0.934,0.026,1.134,0.017
240,1450.93,1995.03,16.825,0.017,1.37,0.025,99,99,0.79,0.018,1.592,0.02
239,983.033,138.302,16.829,0.01,1.42,0.023,99,99,0.856,0.014,1.719,0.014
271,1032.85,1216.12,16.845,0.008,1.191,0.016,99,99,0.774,0.01,1.38,0.012
295,1329.68,1797.81,16.846,0.008,0.955,0.015,99,99,0.59,0.01,1.11,0.013
277,402.603,1798.9,16.857,0.009,1.136,0.018,99,99,0.69,0.011,1.408,0.013
309,607.483,173.63,16.858,0.009,0.958,0.017,99,99,0.534,0.013,1.04,0.016
305,917.718,282.124,16.863,0.011,0.893,0.02,0.097,0.087,0.544,0.015,1.026,0.016
286,763.732,876.786,16.868,0.009,1.137,0.019,99,99,0.681,0.013,1.365,0.014
302,1955.06,1793.43,16.875,0.009,1.023,0.017,99,99,0.613,0.013,1.144,0.015
282,774.489,1259.92,16.884,0.008,1.146,0.017,99,99,0.709,0.01,1.345,0.013
297,461.572,1865.99,16.897,0.009,1.075,0.017,99,99,0.682,0.012,1.216,0.014
303,692.844,1296.34,16.901,0.008,1.035,0.015,99,99,0.622,0.012,1.231,0.013
252,82.967,934.131,16.914,0.011,1.515,0.023,99,99,0.919,0.014,1.748,0.016
283,134.28,1587.17,16.914,0.009,1.253,0.019,99,99,0.757,0.012,1.463,0.014
290,1323.95,1778.91,16.92,0.008,1.177,0.018,99,99,0.741,0.01,1.33,0.013
294,1254.62,1214.14,16.925,0.008,1.109,0.017,99,99,0.677,0.01,1.329,0.013
275,1690.24,1499.27,16.931,0.009,1.308,0.019,99,99,0.828,0.011,1.578,0.014
292,1821.28,1255.93,16.933,0.009,1.234,0.018,99,99,0.78,0.012,1.377,0.014
293,1398.54,1420.39,16.936,0.009,1.121,0.017,99,99,0.703,0.011,1.37,0.013
300,1418.79,923.561,16.941,0.011,1.078,0.02,99,99,0.696,0.014,1.244,0.016
299,1233.33,1189.73,16.944,0.009,1.104,0.017,99,99,0.675,0.012,1.322,0.013
263,1377.36,476.331,16.954,0.009,1.301,0.021,99,99,0.818,0.013,1.627,0.012
301,412.411,630.632,16.96,0.012,1.268,0.024,99,99,0.774,0.016,1.427,0.021
328,1321.76,1162.49,16.967,0.008,0.991,0.018,99,99,0.601,0.012,1.096,0.014
335,679.299,370.181,16.974,0.009,0.95,0.017,99,99,0.552,0.012,1.045,0.017
310,1183.74,1984.19,16.991,0.009,1.052,0.018,99,99,0.659,0.012,1.269,0.013
329,1548.4,1697.04,16.997,0.008,1.009,0.016,99,99,0.604,0.011,1.204,0.013
323,1293.74,29.985,17,0.013,1.183,0.022,99,99,0.613,0.017,1.343,0.018
312,2024.46,452.368,17.026,0.014,0.348,0.024,-0.015,0.088,0.555,0.019,1.261,0.023
325,1106.11,1920.3,17.033,0.01,1.066,0.019,99,99,0.669,0.012,1.278,0.015
345,1083.79,1701.84,17.04,0.01,0.944,0.016,99,99,0.606,0.012,1.078,0.015
122,1427.84,665.136,17.041,0.012,2.831,0.072,99,99,1.684,0.014,3.255,0.014
322,371.75,633.229,17.043,0.011,1.134,0.021,99,99,0.672,0.013,1.295,0.016
334,1328.73,1144.99,17.046,0.008,1.095,0.019,99,99,0.691,0.012,1.237,0.014
318,1715.83,1197.69,17.048,0.01,1.074,0.018,99,99,0.705,0.012,1.364,0.015
298,86.504,1433.38,17.057,0.01,1.297,0.022,99,99,0.799,0.012,1.575,0.015
352,1728.01,1782.07,17.073,0.01,0.982,0.019,99,99,0.6,0.013,1.099,0.015
337,1657.69,1550.61,17.088,0.01,1.028,0.02,99,99,0.66,0.013,1.268,0.015
346,1098.23,832.543,17.089,0.011,1.017,0.02,99,99,0.627,0.014,1.235,0.017
321,1875.89,1862.22,17.11,0.009,1.289,0.019,99,99,0.794,0.012,1.561,0.014
355,617.346,507.08,17.11,0.011,1.103,0.022,99,99,0.643,0.014,1.222,0.019
324,1666.54,1815.15,17.113,0.01,1.165,0.019,99,99,0.748,0.012,1.476,0.014
341,1656.34,1592.24,17.115,0.01,1.132,0.02,99,99,0.692,0.012,1.328,0.015
306,623.691,555.417,17.126,0.013,1.335,0.028,99,99,0.802,0.016,1.564,0.018
363,1397.72,353.562,17.127,0.01,1.063,0.02,99,99,0.684,0.015,1.291,0.02
342,1493.85,1205.61,17.129,0.01,1.139,0.021,99,99,0.696,0.013,1.369,0.015
154,1223.02,803,17.13,0.011,2.512,0.054,99,99,1.54,0.013,2.961,0.013
307,1341.26,1722.04,17.132,0.01,1.294,0.022,99,99,0.807,0.012,1.519,0.013
181,107.207,1947.38,17.142,0.012,2.551,0.059,99,99,1.601,0.015,3.136,0.017
338,798.884,633.88,17.143,0.011,1.151,0.024,99,99,0.71,0.014,1.419,0.017
311,1359.08,9.022,17.147,0.014,1.295,0.028,99,99,0.798,0.018,1.58,0.019
357,1834.35,1581.68,17.148,0.009,1.081,0.02,99,99,0.661,0.012,1.263,0.015
343,106.906,515.571,17.152,0.013,1.191,0.026,99,99,0.68,0.016,1.392,0.019
327,1948.13,1207.58,17.157,0.01,1.242,0.025,99,99,0.768,0.013,1.527,0.015
339,537.164,784.277,17.166,0.011,1.149,0.023,99,99,0.769,0.014,1.378,0.016
360,981.066,511.306,17.174,0.014,1.303,0.028,99,99,0.794,0.02,1.443,0.024
316,744.092,1739.63,17.175,0.012,1.26,0.027,99,99,0.793,0.014,1.555,0.017
319,1636.35,672.242,17.178,0.012,1.311,0.029,99,99,0.798,0.016,1.587,0.017
358,99.658,494.578,17.178,0.012,1.124,0.023,99,99,0.67,0.016,1.358,0.018
332,668.122,911.747,17.181,0.011,1.277,0.025,99,99,0.781,0.014,1.518,0.016
353,1246.99,1114.27,17.181,0.011,1.103,0.02,99,99,0.677,0.014,1.385,0.016
371,1875.17,539.333,17.185,0.012,1.052,0.026,99,99,0.638,0.016,1.178,0.019
326,1933.74,427.17,17.187,0.012,1.397,0.026,99,99,0.841,0.015,1.661,0.018
376,1280.01,2004.81,17.19,0.009,1.03,0.019,99,99,0.628,0.012,1.144,0.016
291,936.379,1942.7,17.192,0.014,1.636,0.031,99,99,0.998,0.017,1.919,0.02
347,784.582,92.994,17.193,0.012,1.244,0.027,99,99,0.705,0.016,1.44,0.017
366,1008.2,1742.31,17.196,0.01,1.044,0.02,99,99,0.66,0.012,1.261,0.015
267,1617.53,1951.15,17.201,0.011,1.76,0.032,99,99,1.043,0.013,1.949,0.014
362,368.16,1193.45,17.202,0.01,1.091,0.021,99,99,0.68,0.012,1.314,0.015
368,846.679,1151.52,17.228,0.011,1.079,0.02,99,99,0.664,0.013,1.264,0.016
304,91.135,603.098,17.243,0.013,1.501,0.031,99,99,0.916,0.017,1.821,0.018
391,340.619,766.779,17.254,0.013,1.006,0.022,99,99,0.641,0.016,1.138,0.02
374,424.287,1099.72,17.26,0.013,1.072,0.023,99,99,0.676,0.016,1.313,0.018
320,1827,1890.31,17.263,0.011,1.366,0.024,99,99,0.869,0.013,1.714,0.015
365,1735.34,1505.36,17.271,0.01,1.121,0.024,99,99,0.749,0.014,1.43,0.015
372,1269.12,7.313,17.273,0.012,1.217,0.026,99,99,0.724,0.016,1.464,0.019
370,1302.3,1314.17,17.28,0.012,1.204,0.026,99,99,0.685,0.014,1.34,0.017
395,1609.45,1326.53,17.28,0.011,0.999,0.02,99,99,0.658,0.014,1.209,0.019
373,1328.77,1555.93,17.296,0.022,1.063,0.041,99,99,0.709,0.024,1.358,0.03
384,238.811,857.323,17.305,0.012,1.227,0.025,99,99,0.743,0.016,1.47,0.021
225,2000.08,625.139,17.312,0.013,1.771,0.044,99,99,1.264,0.017,2.457,0.017
177,480.68,1105.92,17.315,0.012,2.574,0.064,99,99,1.568,0.013,3.052,0.014
349,1906.77,1046.36,17.323,0.015,1.306,0.03,99,99,0.841,0.018,1.645,0.02
369,1135.66,566.675,17.338,0.013,1.263,0.029,99,99,0.78,0.017,1.537,0.019
186,497.839,235.541,17.349,0.014,2.386,0.058,99,99,1.479,0.016,2.88,0.017
377,266.834,1510.53,17.37,0.013,1.219,0.026,99,99,0.765,0.015,1.505,0.019
389,1394.72,1579.08,17.376,0.011,1.177,0.025,99,99,0.726,0.013,1.444,0.017
394,1296.95,1279.28,17.377,0.012,1.152,0.026,99,99,0.727,0.015,1.425,0.018
383,1547.76,1457.96,17.379,0.011,1.307,0.028,99,99,0.766,0.014,1.484,0.017
375,1495.47,1527.96,17.382,0.012,1.267,0.025,99,99,0.81,0.015,1.555,0.017
401,310.551,572.567,17.405,0.016,1.16,0.029,99,99,0.716,0.02,1.449,0.022
331,1733.72,1706.26,17.408,0.012,1.459,0.03,99,99,0.926,0.015,1.855,0.016
380,930.635,888.956,17.408,0.017,1.294,0.036,99,99,0.772,0.02,1.498,0.023
416,1007.55,1376.59,17.41,0.012,1.082,0.024,99,99,0.653,0.015,1.263,0.018
386,1350.86,898.853,17.412,0.015,1.241,0.03,99,99,0.805,0.018,1.485,0.022
429,1657.46,1206.5,17.425,0.018,1.303,0.034,99,99,0.778,0.027,1.538,0.032
420,667.347,1827.69,17.426,0.012,1.165,0.025,99,99,0.663,0.014,1.274,0.018
381,1787.93,845.675,17.429,0.014,1.332,0.03,99,99,0.883,0.017,1.543,0.02
414,1124.99,1356.05,17.444,0.012,1.082,0.03,99,99,0.698,0.016,1.321,0.019
387,885.583,803.879,17.445,0.016,1.343,0.033,99,99,0.783,0.018,1.548,0.022
385,1733.61,1285.11,17.448,0.013,1.301,0.028,99,99,0.818,0.016,1.538,0.018
402,1918.92,49.585,17.45,0.015,1.354,0.032,99,99,0.748,0.02,1.512,0.02
206,166.706,1144.51,17.451,0.013,2.368,0.06,99,99,1.433,0.015,2.76,0.016
361,1645.2,427.544,17.453,0.019,1.325,0.035,99,99,0.841,0.023,1.678,0.024
397,845.472,1947.24,17.456,0.014,1.216,0.028,99,99,0.778,0.016,1.49,0.019
442,791.817,1409.12,17.456,0.013,1.092,0.025,99,99,0.638,0.016,1.227,0.019
430,842.408,1406.66,17.457,0.013,1.063,0.024,99,99,0.666,0.016,1.28,0.019
317,93.296,867.454,17.471,0.016,1.562,0.041,99,99,0.975,0.02,1.966,0.02
406,837.796,655.356,17.472,0.016,1.294,0.031,99,99,0.806,0.019,1.427,0.022
421,1016.08,1278.24,17.485,0.013,1.139,0.027,99,99,0.714,0.016,1.362,0.019
447,1003.05,1754.26,17.487,0.013,0.991,0.023,99,99,0.67,0.016,1.265,0.02
431,509.961,1071.72,17.494,0.015,1.117,0.027,99,99,0.703,0.018,1.396,0.022
435,1411.11,1774.33,17.497,0.016,1.169,0.029,99,99,0.723,0.019,1.314,0.023
393,1654.34,94.815,17.499,0.017,1.416,0.038,99,99,0.814,0.021,1.607,0.023
359,1482.21,90.686,17.525,0.016,1.488,0.049,99,99,0.878,0.02,1.75,0.02
413,939.515,1042.68,17.525,0.013,1.181,0.026,99,99,0.782,0.016,1.499,0.019
465,1784.38,1777.07,17.535,0.014,1.086,0.026,99,99,0.643,0.017,1.261,0.02
409,278.983,780.707,17.543,0.016,1.324,0.034,99,99,0.803,0.019,1.647,0.023
340,1238.46,1964.99,17.547,0.015,1.612,0.043,99,99,1.022,0.017,1.947,0.019
477,876.216,573.818,17.547,0.014,1.039,0.031,99,99,0.615,0.018,1.143,0.023
313,1534.77,1122.86,17.548,0.012,1.91,0.048,99,99,1.111,0.014,2.136,0.016
428,1132.7,549.46,17.551,0.019,1.149,0.033,99,99,0.773,0.022,1.397,0.025
450,1667.54,1336.95,17.561,0.013,1.14,0.032,99,99,0.688,0.017,1.413,0.019
471,1531.3,1952,17.568,0.014,0.99,0.028,99,99,0.67,0.017,1.222,0.022
415,1110.86,1380.94,17.588,0.016,1.368,0.033,99,99,0.801,0.019,1.523,0.021
418,606.63,630.603,17.606,0.022,1.222,0.038,99,99,0.778,0.024,1.541,0.026
404,1048.1,1044.46,17.617,0.016,1.38,0.036,99,99,0.876,0.019,1.665,0.021
439,1622.82,1424.17,17.617,0.018,1.276,0.034,99,99,0.75,0.021,1.509,0.023
427,696.964,1275.48,17.618,0.014,1.348,0.033,99,99,0.814,0.016,1.537,0.02
443,2027.58,1819.14,17.618,0.024,0.434,0.043,99,99,0.728,0.03,1.624,0.039
468,1282.55,1511.75,17.623,0.017,1.109,0.03,99,99,0.739,0.02,1.31,0.023
436,1232.03,1086.84,17.628,0.016,1.323,0.035,99,99,0.803,0.019,1.55,0.022
486,1006.51,1206.86,17.629,0.013,1.087,0.028,99,99,0.703,0.017,1.312,0.021
405,1791.06,1036.22,17.63,0.014,1.399,0.032,99,99,0.859,0.017,1.719,0.018
467,1429.8,1944.62,17.634,0.016,1.147,0.03,99,99,0.743,0.019,1.403,0.023
476,496.256,764.246,17.639,0.018,1.171,0.035,99,99,0.716,0.022,1.372,0.026
466,434.341,738.465,17.648,0.019,1.251,0.039,99,99,0.742,0.023,1.484,0.027
398,1670.66,382.792,17.649,0.017,1.52,0.041,99,99,0.929,0.022,1.801,0.022
407,1005.91,1906.94,17.65,0.015,1.436,0.036,99,99,0.882,0.017,1.702,0.02
408,1969.43,467.942,17.652,0.021,1.426,0.04,99,99,0.871,0.024,1.723,0.026
453,170.947,1400.87,17.66,0.016,1.242,0.033,99,99,0.805,0.019,1.564,0.023
441,1486.23,30.279,17.666,0.015,1.356,0.045,99,99,0.804,0.019,1.588,0.021
487,433.304,1143.29,17.668,0.015,1.134,0.03,99,99,0.722,0.018,1.356,0.022
367,357.712,1791.11,17.671,0.015,1.521,0.044,99,99,0.999,0.018,2.04,0.02
455,1405.68,1610.73,17.68,0.015,1.324,0.034,99,99,0.773,0.017,1.588,0.02
485,1941.36,1307.25,17.68,0.015,1.174,0.031,99,99,0.733,0.018,1.345,0.021
470,1161.16,1149.61,17.682,0.017,1.26,0.032,99,99,0.754,0.02,1.433,0.023
478,1008.61,1239.79,17.686,0.014,1.21,0.032,99,99,0.752,0.017,1.453,0.022
481,805.905,1293.83,17.686,0.03,1.166,0.048,99,99,0.739,0.041,1.696,0.042
484,1302.33,1287.29,17.686,0.014,1.206,0.03,99,99,0.723,0.017,1.458,0.02
498,732.484,1485.18,17.686,0.015,1.063,0.029,99,99,0.665,0.018,1.277,0.021
483,1027.78,1393.03,17.688,0.015,1.087,0.033,99,99,0.723,0.017,1.365,0.022
499,734.962,1607.76,17.691,0.017,1.15,0.032,99,99,0.678,0.02,1.296,0.024
426,541.758,1604.39,17.703,0.015,1.408,0.036,99,99,0.876,0.017,1.675,0.02
382,1170.57,565.143,17.715,0.021,1.504,0.052,99,99,1.02,0.023,1.918,0.026
511,788.084,1397.85,17.72,0.017,1.096,0.03,99,99,0.703,0.02,1.317,0.025
474,389.68,1738.9,17.721,0.017,1.204,0.034,99,99,0.782,0.02,1.49,0.023
437,1853.03,334.001,17.728,0.02,1.367,0.044,99,99,0.848,0.023,1.687,0.025
495,359.776,358.944,17.731,0.019,1.342,0.038,99,99,0.723,0.023,1.505,0.027
378,2011.69,574.594,17.742,0.017,1.018,0.048,99,99,1.022,0.022,2.076,0.023
425,1710.68,673.522,17.744,0.023,1.427,0.044,99,99,0.876,0.026,1.741,0.028
434,1451.27,625.528,17.747,0.017,1.398,0.047,99,99,0.886,0.02,1.732,0.023
463,1598.16,1963.58,17.75,0.024,1.395,0.049,99,99,0.761,0.026,1.76,0.031
475,1278.95,1251.08,17.752,0.017,1.294,0.038,99,99,0.788,0.02,1.513,0.023
417,962.261,1505.49,17.754,0.015,1.498,0.042,99,99,0.912,0.018,1.827,0.02
388,1146.76,1171.24,17.756,0.015,1.476,0.046,99,99,1.043,0.018,2.139,0.021
496,609.51,676.846,17.762,0.014,1.232,0.035,99,99,0.794,0.019,1.494,0.022
492,90.647,1809.26,17.766,0.016,1.276,0.037,99,99,0.766,0.02,1.55,0.023
456,507.967,1991.27,17.771,0.021,1.385,0.04,99,99,0.879,0.023,1.61,0.025
411,1447.61,268.194,17.774,0.02,1.5,0.053,99,99,0.955,0.022,1.848,0.025
491,663.39,1127.36,17.785,0.016,1.296,0.036,99,99,0.804,0.018,1.485,0.023
480,1963.15,217.291,17.79,0.023,1.473,0.05,99,99,0.783,0.026,1.579,0.029
524,1029.42,1842.02,17.791,0.017,1.178,0.038,99,99,0.74,0.021,1.338,0.028
424,306.395,1612.69,17.794,0.02,1.41,0.042,99,99,0.914,0.021,1.802,0.024
501,8.843,708.779,17.798,0.02,1.057,0.042,99,99,0.796,0.023,1.405,0.027
534,928.842,1577.3,17.802,0.017,1.105,0.036,99,99,0.695,0.02,1.277,0.026
403,571.117,1030.31,17.806,0.015,1.844,0.055,99,99,1.043,0.017,2.021,0.02
464,395.002,852.819,17.806,0.021,1.419,0.046,99,99,0.851,0.024,1.687,0.026
396,1667.92,1661.72,17.808,0.016,1.478,0.04,99,99,1.035,0.018,2.015,0.02
528,1747.55,1329.05,17.809,0.015,1.184,0.031,99,99,0.718,0.018,1.454,0.023
533,760.476,488.479,17.813,0.017,1.254,0.041,99,99,0.73,0.022,1.432,0.027
523,947.411,1973.66,17.815,0.019,1.139,0.038,99,99,0.703,0.022,1.37,0.026
529,1586.36,1595.99,17.833,0.017,1.198,0.037,99,99,0.731,0.021,1.405,0.024
472,392.671,1373.58,17.837,0.019,1.366,0.038,99,99,0.893,0.022,1.766,0.026
540,1831.77,1481.86,17.843,0.018,1.256,0.036,99,99,0.7,0.021,1.357,0.025
508,962.845,1249.47,17.849,0.016,1.278,0.036,99,99,0.846,0.019,1.479,0.023
518,436.104,1338.99,17.854,0.016,1.246,0.039,99,99,0.811,0.019,1.441,0.023
535,311.271,1289.18,17.858,0.015,1.233,0.035,99,99,0.733,0.019,1.469,0.022
462,1057.21,495.555,17.863,0.021,1.32,0.043,99,99,0.905,0.024,1.826,0.026
506,1921.05,1945.92,17.875,0.017,0.555,0.039,99,99,0.811,0.021,1.656,0.028
527,1216.03,1813.19,17.877,0.018,1.356,0.041,99,99,0.748,0.021,1.513,0.025
500,692.778,1318.14,17.888,0.021,1.288,0.044,99,99,0.839,0.022,1.622,0.027
532,1679.93,1611.54,17.897,0.022,1.322,0.043,99,99,0.785,0.025,1.532,0.029
513,2005.01,30.745,17.898,0.028,0.377,0.057,99,99,0.749,0.034,1.734,0.042
510,724.934,1816.28,17.907,0.019,1.286,0.038,99,99,0.874,0.021,1.557,0.025
460,1427.32,1597.04,17.91,0.017,1.405,0.043,99,99,0.981,0.019,1.843,0.022
452,860.096,1093.17,17.912,0.022,1.467,0.049,99,99,0.95,0.023,1.876,0.026
330,1277.31,136.591,17.915,0.027,1.538,0.062,99,99,1.105,0.029,2.521,0.031
519,1880.93,463.341,17.919,0.024,1.371,0.055,99,99,0.808,0.027,1.622,0.031
516,1697.38,1486.2,17.922,0.02,1.327,0.041,99,99,0.839,0.022,1.578,0.025
507,645.315,1289.58,17.934,0.021,1.262,0.042,99,99,0.89,0.023,1.619,0.027
543,1172.7,1380.34,17.937,0.018,1.246,0.041,99,99,0.765,0.022,1.45,0.024
432,1475.96,587.909,17.942,0.024,1.694,0.07,99,99,1.004,0.026,1.969,0.029
553,1754.83,1758.17,17.945,0.018,1.227,0.045,99,99,0.736,0.022,1.387,0.026
547,1626.04,1060.51,17.955,0.018,1.284,0.043,99,99,0.752,0.022,1.47,0.025
459,426.719,1240.62,17.974,0.02,1.671,0.055,99,99,0.998,0.022,2.018,0.025
522,46.868,1570.26,17.976,0.02,1.385,0.047,99,99,0.883,0.022,1.724,0.027
545,1505.94,1138.53,17.98,0.021,1.408,0.043,99,99,0.79,0.023,1.586,0.028
399,912.387,1829.24,17.99,0.021,1.948,0.064,99,99,1.173,0.022,2.234,0.025
549,1216.62,1467.73,17.994,0.02,1.269,0.047,99,99,0.784,0.022,1.496,0.027
482,856.678,1607.6,17.998,0.019,1.512,0.056,99,99,0.931,0.02,1.939,0.023
583,831.927,1185.65,18.004,0.021,1.293,0.044,99,99,0.72,0.023,1.388,0.029
591,1512.52,1374.43,18.007,0.019,1.095,0.038,99,99,0.702,0.022,1.369,0.028
612,402.28,1938.39,18.012,0.031,1.223,0.056,99,99,0.757,0.04,1.366,0.046
400,1689.01,135.03,18.017,0.023,1.779,0.072,99,99,1.115,0.025,2.269,0.027
589,1523.76,962.846,18.017,0.024,1.206,0.053,99,99,0.71,0.028,1.366,0.032
603,834.016,1383.27,18.021,0.019,1.197,0.04,99,99,0.706,0.022,1.384,0.029
586,1809.4,1532.87,18.025,0.02,1.096,0.042,99,99,0.75,0.022,1.358,0.029
560,153.621,1975.68,18.029,0.02,1.409,0.052,99,99,0.768,0.024,1.611,0.027
569,1096.68,917.431,18.029,0.022,1.254,0.052,99,99,0.785,0.026,1.554,0.032
552,903.811,1177.28,18.03,0.02,1.343,0.047,99,99,0.804,0.022,1.532,0.026
588,1069.78,1360.65,18.044,0.02,1.235,0.046,99,99,0.776,0.023,1.412,0.029
578,641.532,1566.21,18.053,0.024,1.347,0.049,99,99,0.797,0.026,1.504,0.033
558,1339.39,1489.46,18.061,0.018,1.327,0.051,99,99,0.833,0.021,1.588,0.026
541,1206.34,1946.3,18.062,0.022,1.442,0.054,99,99,0.85,0.024,1.659,0.027
595,948.71,1483.55,18.062,0.022,1.199,0.044,99,99,0.768,0.025,1.417,0.03
559,700.015,579.221,18.066,0.025,1.198,0.052,99,99,0.803,0.028,1.578,0.032
554,1346.93,1639.4,18.078,0.023,1.427,0.048,99,99,0.848,0.025,1.625,0.029
594,1720.07,1702.17,18.081,0.023,1.208,0.046,99,99,0.743,0.026,1.496,0.03
536,605.026,841.694,18.082,0.021,1.445,0.055,99,99,0.894,0.023,1.782,0.027
600,535.79,1678.66,18.094,0.022,1.23,0.044,99,99,0.768,0.024,1.487,0.03
502,1309.09,1016.53,18.095,0.02,1.719,0.054,99,99,0.993,0.022,1.928,0.025
574,1541.17,1274.38,18.097,0.022,1.297,0.045,99,99,0.832,0.027,1.597,0.028
423,1133.69,290.811,18.099,0.024,1.623,0.063,99,99,1.148,0.026,2.267,0.029
566,308.254,213.813,18.104,0.031,1.359,0.061,99,99,0.885,0.037,1.735,0.043
597,898.582,896.3,18.113,0.028,1.241,0.057,99,99,0.785,0.03,1.498,0.037
592,150.177,1338.38,18.116,0.021,1.261,0.049,99,99,0.777,0.024,1.579,0.028
555,1866.42,1836.69,18.121,0.022,1.366,0.051,99,99,0.892,0.025,1.687,0.028
538,875.05,1598.84,18.147,0.025,1.455,0.061,99,99,0.913,0.027,1.793,0.03
587,29.546,432.474,18.154,0.035,0.973,0.064,99,99,0.851,0.042,1.593,0.045
607,226.579,150.601,18.168,0.028,1.367,0.055,99,99,0.794,0.032,1.674,0.036
609,1368.94,1490.34,18.175,0.026,1.533,0.051,99,99,0.924,0.031,1.837,0.039
631,1289.22,1413.88,18.176,0.024,1.273,0.049,99,99,0.792,0.029,1.532,0.033
657,1967.62,968.206,18.186,0.033,1.126,0.062,99,99,0.733,0.037,1.295,0.045
537,755.444,1302.45,18.187,0.017,1.467,0.056,99,99,0.997,0.02,1.911,0.023
563,765.422,1513.59,18.19,0.024,1.411,0.057,99,99,0.885,0.026,1.785,0.03
356,1451.19,1487,18.2,0.02,2.323,0.109,99,99,1.369,0.022,2.667,0.023
645,1086.11,1288.78,18.203,0.024,1.197,0.051,99,99,0.759,0.026,1.427,0.033
525,428.707,1576.78,18.215,0.024,1.513,0.058,99,99,0.987,0.026,1.957,0.029
593,1848.66,371.789,18.219,0.028,1.173,0.066,99,99,0.856,0.032,1.675,0.036
639,1156.69,1982.22,18.221,0.024,1.297,0.056,99,99,0.817,0.027,1.513,0.034
565,1590.86,856.391,18.222,0.033,1.647,0.079,99,99,0.847,0.036,1.806,0.04
571,390.353,178.235,18.228,0.031,1.603,0.071,99,99,0.874,0.033,1.813,0.038
619,2028.25,1285.89,18.242,0.027,1.1,0.057,99,99,0.816,0.03,1.644,0.035
561,591.353,1087.5,18.249,0.026,1.677,0.07,99,99,0.999,0.027,2.035,0.037
624,57.338,1853.14,18.251,0.025,1.341,0.057,99,99,0.809,0.029,1.662,0.032
634,1837.8,1216.7,18.257,0.026,1.348,0.061,99,99,0.801,0.029,1.582,0.034
546,1607.01,1492.84,18.262,0.023,1.525,0.064,99,99,1.001,0.026,1.958,0.029
673,984.502,1642.35,18.262,0.025,1.282,0.058,99,99,0.781,0.029,1.382,0.036
556,1597.6,121.797,18.27,0.028,1.552,0.087,99,99,0.953,0.033,1.893,0.035
573,1166.47,623.541,18.277,0.027,1.635,0.08,99,99,0.938,0.029,1.882,0.034
658,1827.31,1951.11,18.278,0.027,1.418,0.068,99,99,0.789,0.03,1.515,0.037
672,782.858,1767.84,18.279,0.027,1.191,0.051,99,99,0.762,0.03,1.425,0.035
629,688.395,769.48,18.283,0.032,1.353,0.064,99,99,0.834,0.035,1.602,0.039
626,946.896,1157.18,18.289,0.022,1.398,0.058,99,99,0.904,0.025,1.587,0.029
615,1855.57,1014.54,18.297,0.025,1.426,0.062,99,99,0.884,0.028,1.719,0.032
598,1273.01,1873.43,18.306,0.025,1.385,0.063,99,99,0.949,0.029,1.796,0.032
650,1649.92,1641.68,18.309,0.026,1.419,0.062,99,99,0.837,0.029,1.562,0.034
530,153.999,1627.84,18.317,0.025,1.754,0.074,99,99,1.056,0.027,2.13,0.03
676,1578.53,1333.14,18.321,0.025,1.33,0.049,99,99,0.818,0.028,1.52,0.033
704,912.59,583.435,18.322,0.033,1.027,0.064,99,99,0.72,0.036,1.291,0.046
630,1120.74,1071.15,18.327,0.027,1.598,0.07,99,99,0.855,0.03,1.756,0.035
608,1171.63,1099.27,18.336,0.025,1.58,0.071,99,99,0.955,0.026,1.838,0.032
693,1219.47,1550.59,18.342,0.023,1.329,0.057,99,99,0.775,0.028,1.49,0.032
669,818.01,1009.53,18.351,0.026,1.278,0.056,99,99,0.82,0.028,1.57,0.034
685,1055.79,756.546,18.359,0.027,1.136,0.058,99,99,0.855,0.031,1.557,0.043
691,1076.11,1998.37,18.362,0.029,1.386,0.07,99,99,0.772,0.034,1.49,0.038
738,157.843,1795.79,18.365,0.028,1.259,0.059,99,99,0.796,0.032,99,99
717,1636.36,1124.8,18.377,0.028,1.335,0.062,99,99,0.724,0.031,1.473,0.038
577,946.655,156.237,18.378,0.031,1.522,0.089,99,99,1,0.034,2.041,0.039
681,43.477,1974.05,18.378,0.03,1.176,0.054,99,99,0.801,0.034,1.648,0.039
711,478.613,1691.25,18.379,0.028,1.185,0.056,99,99,0.73,0.031,1.461,0.037
725,1830.44,849.038,18.379,0.034,1.222,0.078,99,99,0.753,0.037,1.317,0.07
647,704.288,627.205,18.382,0.041,1.455,0.089,99,99,0.812,0.044,1.681,0.048
662,632.121,1760.34,18.385,0.029,1.202,0.057,99,99,0.839,0.031,1.644,0.036
698,1376.05,1670.64,18.387,0.029,1.466,0.07,99,99,0.822,0.035,1.658,0.043
617,1798.6,1407.19,18.39,0.029,1.581,0.082,99,99,0.954,0.031,1.851,0.037
671,636.858,1666.61,18.392,0.026,1.331,0.062,99,99,0.873,0.028,1.597,0.034
735,900.928,1617.11,18.392,0.03,1.219,0.056,99,99,0.738,0.034,1.374,0.039
734,1603.55,1734.57,18.393,0.029,1.216,0.064,99,99,0.747,0.033,1.378,0.04
710,604.579,1585.7,18.394,0.028,1.295,0.058,99,99,0.766,0.031,1.463,0.038
751,969.198,1689.23,18.399,0.028,1.233,0.057,99,99,0.722,0.032,1.356,0.04
695,153.228,1897.21,18.4,0.034,1.364,0.068,99,99,0.788,0.038,1.6,0.044
696,269.502,930.652,18.4,0.033,1.219,0.07,99,99,0.831,0.037,1.505,0.044
724,993.096,1313.31,18.405,0.028,1.246,0.058,99,99,0.757,0.031,1.434,0.039
656,1742.25,1573.96,18.414,0.032,1.351,0.065,99,99,0.907,0.034,1.695,0.04
679,1529.33,1172.54,18.419,0.031,1.456,0.074,99,99,0.836,0.035,1.622,0.04
726,753.487,1131.65,18.437,0.031,1.263,0.064,99,99,0.75,0.034,1.494,0.04
503,365.755,1744.07,18.441,0.052,1.512,0.09,99,99,1.204,0.054,2.276,0.059
653,295.478,1762.05,18.441,0.026,1.28,0.061,99,99,0.952,0.029,1.809,0.034
739,1361.84,1968.7,18.447,0.029,1.198,0.063,99,99,0.785,0.033,1.443,0.039
731,864.577,1533.71,18.45,0.03,1.262,0.064,99,99,0.788,0.034,1.482,0.04
714,130.635,1105.72,18.451,0.033,1.239,0.068,99,99,0.806,0.036,1.578,0.044
743,604.479,1365.16,18.463,0.03,1.296,0.061,99,99,0.775,0.034,1.515,0.04
664,215.623,1985.37,18.465,0.031,1.4,0.073,99,99,0.919,0.034,1.828,0.04
771,1652.45,1931.48,18.467,0.031,1.226,0.068,99,99,0.725,0.036,1.328,0.044
705,426.665,1053.9,18.474,0.027,1.357,0.062,99,99,0.844,0.03,1.594,0.035
675,1940.75,470.336,18.478,0.034,1.297,0.071,99,99,0.928,0.038,1.808,0.044
697,540.617,50.915,18.478,0.032,1.353,0.078,99,99,0.814,0.036,1.652,0.04
567,1873.3,223.264,18.487,0.038,1.728,0.118,99,99,1.052,0.042,2.051,0.045
750,321.195,663.811,18.489,0.036,1.33,0.073,99,99,0.78,0.041,1.562,0.048
742,680.29,823.693,18.491,0.031,1.274,0.072,99,99,0.802,0.036,1.547,0.042
719,188.668,1597.23,18.502,0.028,1.385,0.072,99,99,0.853,0.031,1.61,0.038
618,915.416,1811.4,18.504,0.029,1.595,0.083,99,99,1.004,0.031,1.979,0.035
760,1861.55,62.071,18.508,0.033,1.157,0.075,99,99,0.783,0.038,1.472,0.048
757,717.908,1426.03,18.509,0.026,1.245,0.065,99,99,0.802,0.03,1.453,0.037
779,943.636,1844.18,18.512,0.034,1.192,0.066,99,99,0.732,0.038,1.384,0.045
660,412.084,110.556,18.513,0.035,1.527,0.075,99,99,0.93,0.038,1.853,0.042
623,2027.34,810.09,18.517,0.04,0.541,0.078,99,99,0.977,0.044,2.139,0.05
702,861.833,1210.6,18.527,0.028,1.457,0.072,99,99,0.931,0.03,1.668,0.038
747,1471.83,1487.28,18.53,0.035,1.334,0.069,99,99,0.785,0.039,1.573,0.043
557,392.272,1712.14,18.534,0.029,1.739,0.092,99,99,1.123,0.031,2.28,0.035
754,1668.12,1014.99,18.54,0.031,1.282,0.066,99,99,0.805,0.034,1.557,0.041
713,1467.49,1042.69,18.541,0.034,1.504,0.095,99,99,0.86,0.037,1.657,0.043
781,50.78,1208.98,18.543,0.029,1.261,0.063,99,99,0.726,0.034,1.441,0.037
709,2020.86,104.099,18.559,0.039,0.183,0.077,99,99,0.801,0.044,1.969,0.056
770,531.026,1170.72,18.565,0.037,1.214,0.072,99,99,0.854,0.04,99,99
633,1952.3,1897.64,18.576,0.036,0.65,0.073,99,99,1.029,0.039,2.087,0.044
769,1559.83,1949.42,18.591,0.033,1.386,0.081,99,99,0.857,0.04,1.59,0.046
596,563.305,1066.88,18.602,0.035,1.682,0.1,99,99,1.111,0.037,2.198,0.041
692,1471.43,1473.14,18.61,0.035,1.534,0.094,99,99,0.947,0.039,1.865,0.043
762,1303.22,1127.94,18.613,0.03,1.418,0.086,99,99,0.852,0.035,1.674,0.041
833,1073.96,1852.09,18.704,0.034,1.299,0.082,99,99,0.819,0.039,1.509,0.047
729,69.319,302.495,18.63,0.04,1.182,0.076,99,99,0.923,0.044,1.834,0.051
804,815.942,1814.12,18.632,0.033,1.357,0.07,99,99,0.774,0.037,1.477,0.043
774,654.639,906.967,18.638,0.036,1.282,0.075,99,99,0.858,0.039,1.569,0.047
687,1493.9,600.185,18.639,0.033,1.456,0.101,99,99,0.984,0.038,1.893,0.041
780,1084.81,1207.19,18.647,0.033,1.26,0.067,99,99,0.878,0.036,1.603,0.045
813,1539.49,1358.01,18.65,0.03,1.302,0.075,99,99,0.775,0.034,1.507,0.043
815,1823.65,1236.72,18.696,0.04,1.208,0.073,99,99,0.804,0.044,1.531,0.05
812,588.757,594.536,18.75,0.046,1.165,0.087,99,99,0.856,0.05,1.608,0.058
733,1922.86,1578.54,18.764,0.039,1.461,0.105,99,99,1.017,0.042,1.956,0.048
867,1318.08,1307.28,18.768,0.039,1.409,0.088,99,99,0.821,0.043,1.483,0.054
814,1117.86,1221.22,18.773,0.036,1.38,0.091,99,99,0.885,0.04,1.641,0.047
805,263.944,1366.15,18.774,0.036,1.328,0.09,99,99,0.894,0.04,1.716,0.047
870,894.467,1551.72,18.785,0.039,1.421,0.1,99,99,0.78,0.044,1.56,0.051
793,774.074,1356.21,18.786,0.046,1.343,0.089,99,99,0.91,0.049,1.725,0.056
887,900.312,1058.74,18.821,0.038,1.457,0.091,99,99,99,99,1.64,0.05
855,1078.62,640.829,18.848,0.04,1.441,0.109,99,99,0.885,0.045,1.649,0.053
843,1665.01,1878.93,18.887,0.048,1.296,0.1,99,99,0.913,0.051,1.726,0.06
869,726.384,799.499,18.896,0.051,1.515,0.135,99,99,0.892,0.058,1.676,0.065
926,1845.34,1893.55,18.915,0.043,1.582,0.109,99,99,0.825,0.048,1.531,0.058
881,146.358,1115.4,18.941,0.047,1.526,0.117,99,99,1.137,0.075,1.701,0.06
937,497.097,1232.44,18.946,0.045,1.377,0.096,99,99,0.834,0.051,1.593,0.06
839,105.116,1480.64,18.953,0.053,1.376,0.116,99,99,0.94,0.058,1.86,0.065
637,466.155,1470.81,18.964,0.047,-0.222,0.056,-1.399,0.045,99,99,-0.183,0.148
982,777.22,1811.33,18.993,0.043,1.455,0.118,99,99,0.793,0.049,1.533,0.061
904,414.581,1817.5,19.018,0.044,1.477,0.116,99,99,0.89,0.048,1.815,0.055
951,580.249,1213.64,19.044,0.051,1.427,0.121,99,99,0.871,0.056,1.703,0.066
1078,2026.81,221.351,19.536,0.159,-0.475,0.207,99,99,0.005,0.25,1.962,0.212
