ID,x,y,V,Verr,BV,BVerr,UB,UBerr,VR,VRerr,VI,VIerr
1,1220.56,581.578,10.89,0.002,1.088,0.006,0.79,0.006,0.551,0.004,1.054,0.007
2,1011.76,1381.11,11.066,0.005,0.455,0.007,0.091,0.005,0.278,0.008,0.524,0.006
3,469.452,1899.9,11.404,0.006,0.768,0.009,-0.376,0.007,0.492,0.008,1.024,0.009
4,1912.71,1975.82,11.507,0.006,99,99,0.308,0.006,0.068,0.008,0.48,0.007
5,1907.9,269.604,11.632,0.002,0.271,0.007,-0.693,0.006,0.196,0.005,0.408,0.004
6,804.51,1982.68,11.705,0.005,1.115,0.006,0.78,0.004,0.564,0.007,1.085,0.008
7,328.297,1562.45,11.757,0.01,0.526,0.014,0.133,0.01,0.298,0.014,0.595,0.018
8,493.397,1253.44,11.832,0.002,0.322,0.003,0.275,0.003,0.209,0.003,0.413,0.004
9,1501.63,1299.97,11.925,0.005,0.081,0.006,-0.015,0.004,0.069,0.006,0.124,0.008
10,926.496,1501.59,11.96,0.003,1.256,0.004,1.13,0.005,0.65,0.004,1.206,0.004
11,1445.8,827.229,12,0.002,0.438,0.003,-0.09,0.004,0.273,0.005,0.517,0.005
12,1655.64,561.197,12.081,0.003,0.459,0.003,-0.055,0.005,0.276,0.004,0.523,0.005
13,562.679,29.278,12.099,0.003,0.309,0.004,-0.544,0.004,0.188,0.004,0.406,0.006
14,1117.7,477.927,12.179,0.003,0.061,0.003,-0.04,0.004,0.049,0.004,0.073,0.006
15,140.316,1521.44,12.369,0.004,0.444,0.005,-0.032,0.005,0.277,0.006,0.557,0.007
16,974.839,783.395,12.376,0.002,0.317,0.003,0.184,0.004,0.193,0.003,0.369,0.004
17,518.168,25.354,12.539,0.004,2.092,0.007,2.285,0.027,1.155,0.005,2.385,0.008
18,1111.21,1378.77,12.683,0.01,0.641,0.016,0.02,0.014,0.371,0.013,0.722,0.015
19,1212.23,944.831,12.824,0.003,1.135,0.005,0.674,0.008,0.606,0.005,1.146,0.005
20,736.697,1681.9,12.86,0.004,0.098,0.004,-0.103,0.003,0.097,0.005,0.172,0.006
21,600.259,1118.83,12.867,0.002,1.145,0.003,0.864,0.006,0.603,0.003,1.128,0.004
22,344.18,1692.79,12.874,0.004,0.602,0.004,-0.029,0.004,0.365,0.005,0.696,0.007
23,243.667,842.052,12.878,0.003,0.229,0.004,0.179,0.004,0.127,0.005,0.246,0.007
24,414.081,1847.47,12.883,0.005,0.419,0.006,-0.055,0.004,0.279,0.006,0.547,0.008
25,75.737,1267.91,12.896,0.003,0.719,0.004,0.194,0.006,0.401,0.005,0.754,0.007
26,856.473,1344.62,12.905,0.003,0.414,0.004,0.022,0.003,0.27,0.004,0.511,0.004
27,1071.95,80.813,12.949,0.005,1.494,0.007,1.336,0.013,0.753,0.006,1.454,0.006
28,1468.17,210.396,12.987,0.004,0.822,0.005,0.163,0.006,0.459,0.005,0.875,0.007
29,1525.88,183.413,13.002,0.003,0.259,0.004,0.07,0.005,0.144,0.005,0.288,0.007
30,1534.27,172.38,13.06,0.005,0.255,0.005,0.071,0.005,0.148,0.006,0.291,0.009
31,387.584,1906.58,13.07,0.005,0.268,0.005,0.101,0.004,0.18,0.006,0.372,0.008
32,839.79,777.446,13.087,0.004,0.527,0.005,0.383,0.006,0.336,0.005,0.653,0.007
33,354.336,1248.62,13.142,0.003,0.296,0.004,-0.124,0.004,0.197,0.004,0.394,0.006
34,197.905,1113.05,13.153,0.004,0.474,0.005,-0.04,0.005,0.29,0.006,0.563,0.009
35,1880.26,706.616,13.159,0.004,0.694,0.006,0.121,0.006,0.389,0.006,0.73,0.007
36,374.154,1662.94,13.233,0.004,1.471,0.005,1.187,0.012,0.791,0.005,1.542,0.007
37,183.783,525.371,13.277,0.005,0.356,0.006,0.347,0.007,0.19,0.007,0.377,0.009
38,364.064,1942.22,13.278,0.004,0.7,0.005,0.026,0.006,0.434,0.006,0.862,0.008
39,605.371,1432.17,13.288,0.003,0.529,0.004,-0.073,0.004,0.337,0.004,0.654,0.005
40,1397.6,630.172,13.291,0.005,0.356,0.006,0.078,0.006,0.205,0.006,0.383,0.009
41,483.075,1595.57,13.294,0.004,0.133,0.004,0.05,0.004,0.104,0.005,0.195,0.008
42,175.726,561.701,13.298,0.005,0.239,0.006,0.158,0.006,0.109,0.007,0.189,0.01
43,1277.55,634.062,13.298,0.005,0.366,0.006,0.31,0.006,0.222,0.007,0.43,0.009
44,1130.98,1162.32,13.414,0.002,0.818,0.003,0.202,0.005,0.48,0.004,0.908,0.004
45,1362.05,727.33,13.455,0.005,0.353,0.006,0.032,0.005,0.238,0.006,0.466,0.008
46,1527.49,1459.75,13.457,0.003,0.162,0.005,-0.364,0.004,0.147,0.005,0.28,0.005
47,1267.86,1512.09,13.479,0.004,0.258,0.005,0.114,0.004,0.165,0.005,0.32,0.006
820,554.461,1972.69,18.032,0.03,1.098,0.047,99,99,99,99,99,99
49,1517.32,1155.14,13.53,0.007,0.25,0.008,-0.234,0.005,0.189,0.01,0.377,0.014
50,1119.49,1553.79,13.552,0.004,0.584,0.005,0.331,0.008,0.375,0.005,0.738,0.006
51,775.652,119.29,13.561,0.011,0.535,0.015,0.224,0.012,0.343,0.014,0.685,0.017
52,1728.59,1156.59,13.562,0.002,0.522,0.004,-0.025,0.005,0.338,0.005,0.649,0.005
53,1294.14,994.457,13.672,0.003,1.065,0.004,0.663,0.008,0.581,0.005,1.104,0.005
54,685.654,1813.55,13.701,0.005,1.805,0.006,1.257,0.022,1.05,0.005,2.078,0.007
55,824.173,601.57,13.704,0.006,1.276,0.008,0.914,0.016,0.681,0.006,1.306,0.007
56,1896.14,1084.71,13.747,0.003,0.181,0.005,0.073,0.005,0.127,0.005,0.241,0.006
57,305.352,729.415,13.764,0.005,0.589,0.007,-0.052,0.007,0.345,0.006,0.656,0.008
58,867.755,333.725,13.774,0.006,0.556,0.007,-0.049,0.006,0.331,0.007,0.635,0.009
59,1300.2,1257,13.78,0.003,1.629,0.005,1.456,0.026,0.884,0.005,1.693,0.005
60,561.76,1282.76,13.783,0.003,0.583,0.004,0,0.005,0.359,0.004,0.683,0.005
61,931.794,1447.47,13.793,0.004,0.417,0.005,0.164,0.005,0.259,0.005,0.505,0.005
62,1169.78,1403.39,13.833,0.003,0.243,0.005,0.193,0.005,0.149,0.005,0.269,0.005
63,1491.08,334.099,13.839,0.006,0.609,0.009,0.007,0.008,0.356,0.009,0.687,0.01
64,916.766,514.889,13.852,0.009,0.636,0.013,-0.003,0.011,0.374,0.014,0.705,0.016
65,277.618,1801.7,13.864,0.006,0.501,0.007,-0.078,0.006,0.332,0.007,0.656,0.011
66,889.28,1438.01,13.89,0.004,2.362,0.006,99,99,1.322,0.005,2.578,0.005
67,1186.45,1335.26,13.895,0.003,1.698,0.006,1.726,0.037,0.923,0.005,1.759,0.005
68,1298.39,1445.06,13.925,0.003,1.203,0.005,1.089,0.015,0.786,0.005,1.606,0.005
69,2022.54,319.885,13.931,0.006,-0.348,0.012,-0.082,0.011,0.224,0.009,0.792,0.011
70,1634.98,196.261,13.945,0.006,0.472,0.008,-0.002,0.007,0.285,0.008,0.546,0.01
71,742.53,316.292,13.95,0.006,0.346,0.008,0.16,0.006,0.202,0.008,0.412,0.009
72,990.899,866.298,13.972,0.005,0.393,0.007,-0.177,0.007,0.275,0.007,0.537,0.008
73,1816.94,1354.01,13.98,0.003,0.586,0.005,-0.013,0.006,0.367,0.005,0.7,0.006
74,647.19,29.545,13.984,0.006,0.385,0.008,0.254,0.007,0.187,0.009,0.398,0.012
75,1271.9,972.042,14.009,0.006,0.609,0.009,-0.013,0.008,0.374,0.008,0.697,0.01
76,2019.45,911.709,14.012,0.005,-0.01,0.008,0.174,0.009,0.258,0.008,0.661,0.009
77,762.923,1223.18,14.026,0.003,0.285,0.004,0.199,0.005,0.159,0.004,0.315,0.005
78,489.754,1788.11,14.04,0.006,0.28,0.008,0.057,0.006,0.189,0.007,0.384,0.01
79,1274.46,1246.83,14.07,0.003,0.404,0.005,-0.028,0.006,0.266,0.005,0.504,0.005
80,92.664,1896.86,14.076,0.008,0.379,0.009,0.271,0.01,0.205,0.01,0.471,0.015
81,853.946,1389.19,14.082,0.003,0.418,0.004,0.035,0.005,0.275,0.004,0.514,0.005
82,1216.38,1490.46,14.124,0.004,0.584,0.006,-0.04,0.006,0.366,0.005,0.696,0.006
83,711.254,1435.85,14.173,0.004,0.253,0.005,0.188,0.005,0.151,0.004,0.284,0.005
84,761.491,1382.19,14.228,0.003,0.661,0.004,0.039,0.006,0.391,0.004,0.735,0.005
85,1082.96,1167.03,14.234,0.003,1.115,0.004,0.57,0.014,0.662,0.005,1.306,0.005
86,403.433,612.592,14.253,0.006,0.544,0.008,-0.045,0.008,0.328,0.008,0.644,0.009
87,1069.88,1307.74,14.264,0.002,0.64,0.004,-0.028,0.006,0.389,0.004,0.738,0.005
88,394.433,785.903,14.285,0.006,1.461,0.008,1.112,0.026,0.787,0.007,1.532,0.009
89,659.804,1397.27,14.289,0.003,1.514,0.005,1.311,0.029,0.805,0.004,1.527,0.005
90,1003.54,95.296,14.291,0.007,0.615,0.009,0.079,0.009,0.364,0.009,0.765,0.01
91,2005.35,471.133,14.35,0.007,-0.096,0.01,0.059,0.009,0.212,0.01,0.587,0.011
92,1980.22,1108.33,14.355,0.003,0.914,0.007,0.331,0.012,0.524,0.006,1,0.006
93,422.564,1778.09,14.368,0.005,0.685,0.006,0.137,0.008,0.404,0.006,0.746,0.009
553,1890.88,1879.39,17.228,0.011,1.866,0.038,99,99,1.149,0.014,2.216,0.013
95,1060.6,455.991,14.378,0.007,0.689,0.01,0.261,0.01,0.394,0.01,0.775,0.01
96,1469.99,1418.65,14.382,0.004,0.472,0.006,0.183,0.007,0.307,0.005,0.573,0.007
97,1527.95,1254.31,14.383,0.002,1.472,0.005,1.256,0.033,0.794,0.005,1.518,0.005
98,705.385,1248.6,14.397,0.003,0.761,0.004,0.113,0.008,0.438,0.004,0.83,0.007
99,804.947,517.566,14.433,0.006,0.638,0.008,-0.001,0.008,0.367,0.008,0.717,0.009
100,433.45,873.767,14.461,0.006,0.666,0.008,0.202,0.01,0.411,0.008,0.817,0.009
101,1925.19,543.942,14.489,0.006,1.323,0.009,0.813,0.024,0.712,0.009,1.384,0.01
102,254.37,1778.81,14.493,0.006,0.419,0.007,0.306,0.01,0.268,0.008,0.571,0.013
103,406.331,67.225,14.494,0.007,1.967,0.01,99,99,1.044,0.008,2.055,0.01
104,1659.19,1046.89,14.497,0.003,0.422,0.005,0.163,0.007,0.261,0.006,0.5,0.007
105,1350.37,1644.48,14.502,0.004,1.356,0.006,0.988,0.022,0.75,0.006,1.448,0.007
106,1228.9,271.934,14.533,0.006,0.469,0.008,-0.104,0.008,0.285,0.009,0.551,0.009
107,1562.17,1195.24,14.547,0.002,0.669,0.004,0.123,0.008,0.398,0.005,0.744,0.005
108,1156.8,1495.72,14.551,0.004,0.691,0.006,0.022,0.007,0.427,0.005,0.809,0.006
109,1471.72,1667.31,14.574,0.005,1.42,0.007,1.059,0.027,0.772,0.007,1.482,0.007
110,277.239,1340.35,14.582,0.004,0.506,0.005,0.239,0.008,0.299,0.006,0.579,0.009
111,1588.34,1883.31,14.583,0.005,1.206,0.008,0.841,0.021,0.699,0.007,1.333,0.008
112,374.552,1069.27,14.62,0.002,2.707,0.008,99,99,1.504,0.004,2.935,0.005
113,1963.38,330.347,14.626,0.006,1.364,0.009,0.844,0.03,0.77,0.009,1.514,0.01
114,1949.56,1424.94,14.629,0.003,0.5,0.007,-0.076,0.009,0.329,0.006,0.625,0.006
115,1231.33,1499.86,14.633,0.004,0.619,0.006,0.034,0.008,0.392,0.005,0.732,0.006
116,526.138,1588.81,14.646,0.004,0.742,0.006,0.298,0.01,0.47,0.005,0.919,0.008
117,1195.28,1913.79,14.656,0.005,2.285,0.009,99,99,1.308,0.007,2.548,0.008
118,1571.16,1461.01,14.676,0.003,0.631,0.006,0.04,0.008,0.386,0.006,0.738,0.006
119,398.057,1189.43,14.707,0.003,0.488,0.004,-0.021,0.007,0.314,0.004,0.599,0.006
120,302.473,220.283,14.708,0.006,1.516,0.009,1.027,0.044,0.812,0.008,1.626,0.01
121,30.708,102.331,14.729,0.005,0.876,0.009,0.008,0.011,0.334,0.009,0.878,0.011
122,1652.96,392.236,14.73,0.006,0.588,0.009,-0.111,0.01,0.353,0.009,0.684,0.01
123,1083.23,1856.28,14.73,0.005,0.562,0.007,-0.031,0.008,0.367,0.006,0.678,0.007
124,14.977,472.903,14.761,0.005,1.028,0.008,0.281,0.018,0.553,0.009,1.298,0.011
125,913.197,1890.94,14.765,0.005,0.71,0.007,0.144,0.013,0.457,0.006,0.893,0.008
126,1366.66,637.966,14.783,0.005,0.49,0.008,0.367,0.013,0.282,0.009,0.583,0.01
127,430.145,372.514,14.789,0.006,1.136,0.009,0.032,0.012,0.673,0.009,1.407,0.01
128,208.885,1636.1,14.8,0.005,0.655,0.007,0.432,0.012,0.399,0.007,0.812,0.01
129,1520.41,1373.8,14.804,0.003,1.036,0.006,0.793,0.02,0.642,0.005,1.152,0.005
130,976.395,27.749,14.804,0.006,0.524,0.009,0.239,0.012,0.278,0.009,0.579,0.009
131,1012.22,881.468,14.806,0.005,0.958,0.008,0.502,0.016,0.571,0.008,1.083,0.009
132,538.467,1993.07,14.833,0.005,0.337,0.007,0.261,0.01,0.208,0.007,0.432,0.01
133,1080.2,38.209,14.84,0.006,0.647,0.009,0.089,0.012,0.357,0.009,0.713,0.01
134,397.24,1529.87,14.843,0.017,0.585,0.024,0.122,0.019,0.359,0.023,0.719,0.027
135,921.437,1386.07,14.868,0.003,0.358,0.005,0.147,0.008,0.241,0.004,0.475,0.005
136,1401.26,1279.7,14.887,0.003,0.576,0.005,-0.038,0.008,0.372,0.006,0.685,0.005
137,1157.07,792.066,14.894,0.006,0.456,0.009,0.251,0.011,0.26,0.009,0.523,0.01
138,621.674,591.096,14.943,0.005,1.184,0.008,0.83,0.023,0.642,0.007,1.242,0.009
139,604.719,1710.19,14.952,0.005,0.682,0.007,0.041,0.01,0.41,0.006,0.764,0.008
140,1015.59,1705.04,14.953,0.005,0.486,0.007,-0.048,0.009,0.328,0.006,0.615,0.007
141,1905.43,1708.15,14.958,0.005,0.592,0.009,0.058,0.011,0.388,0.007,0.745,0.007
142,1570.67,1387.38,14.997,0.004,0.523,0.006,-0.036,0.009,0.343,0.006,0.657,0.007
143,1387.4,1458.26,14.998,0.004,0.526,0.006,0.268,0.011,0.332,0.006,0.654,0.007
144,1998.77,1101.96,15,0.003,0.457,0.007,-0.103,0.01,0.339,0.006,0.685,0.006
145,324.134,919.244,15.002,0.005,0.575,0.007,-0.071,0.01,0.345,0.007,0.676,0.01
146,1908.84,58.816,15.006,0.006,0.703,0.009,-0.012,0.013,0.388,0.009,0.786,0.01
147,1995.1,356.722,15.022,0.006,0.414,0.009,0.045,0.017,0.413,0.01,0.912,0.01
148,1149.91,1561.23,15.029,0.019,0.62,0.029,0.245,0.032,0.364,0.026,0.73,0.035
149,1367.41,1928.25,15.039,0.021,0.631,0.031,-0.061,0.028,0.39,0.028,0.76,0.033
150,1767.39,821.578,15.041,0.005,1.058,0.008,0.741,0.023,0.58,0.009,1.069,0.01
151,1913.17,1417.61,15.05,0.004,0.332,0.008,0.278,0.011,0.211,0.006,0.433,0.007
152,1091.49,977.651,15.054,0.005,1.593,0.009,99,99,0.858,0.009,1.667,0.009
153,779.56,1473.18,15.057,0.004,0.782,0.006,0.161,0.013,0.502,0.005,1.001,0.005
154,72.585,1765.7,15.062,0.008,0.792,0.01,0.177,0.015,0.473,0.011,0.933,0.014
155,144.218,1372.93,15.063,0.003,1.505,0.006,99,99,0.816,0.005,1.603,0.008
156,518.97,1298.72,15.079,0.003,0.617,0.004,0.033,0.011,0.39,0.004,0.768,0.006
157,1688.24,1233.09,15.084,0.003,0.307,0.006,0.206,0.01,0.198,0.006,0.389,0.006
158,1962.35,1446.68,15.093,0.004,0.519,0.009,0.268,0.014,0.341,0.007,0.686,0.008
159,1821.69,91.249,15.096,0.006,0.67,0.009,-0.054,0.013,0.377,0.009,0.744,0.011
160,510.582,1052.49,15.11,0.003,0.675,0.005,0.017,0.012,0.392,0.004,0.738,0.005
161,1230.19,1857.89,15.114,0.005,1.305,0.007,0.737,0.056,0.753,0.006,1.462,0.007
162,374.224,1642.83,15.128,0.005,0.879,0.007,0.137,0.013,0.556,0.006,1.132,0.01
163,688.115,944.105,15.134,0.006,0.804,0.009,0.207,0.018,0.48,0.009,0.894,0.01
164,1610.73,1947.55,15.139,0.005,0.496,0.009,-0.052,0.01,0.332,0.007,0.647,0.008
165,971.068,1581.52,15.159,0.004,0.376,0.006,0.261,0.01,0.221,0.005,0.431,0.007
166,338.537,191.726,15.162,0.005,0.907,0.009,0.446,0.023,0.457,0.008,0.889,0.01
167,370.766,1158.93,15.188,0.003,0.604,0.005,-0.047,0.011,0.358,0.004,0.673,0.006
168,147.536,382.407,15.196,0.007,1.125,0.01,0.834,0.031,0.651,0.011,1.249,0.014
169,798.867,1392.32,15.2,0.003,0.519,0.006,-0.074,0.01,0.344,0.004,0.651,0.005
170,650.732,971.072,15.207,0.005,1.419,0.009,0.934,0.041,0.789,0.007,1.536,0.008
171,787.872,1947.22,15.211,0.005,0.65,0.007,0.017,0.012,0.402,0.006,0.776,0.008
172,670.59,1628.04,15.213,0.005,1.987,0.01,99,99,1.115,0.007,2.147,0.007
173,1551.84,1104.43,15.221,0.003,0.676,0.006,0.074,0.011,0.408,0.006,0.768,0.006
174,1896.14,1369.98,15.23,0.004,0.537,0.008,0.005,0.011,0.344,0.007,0.665,0.007
175,311.57,699.586,15.237,0.005,0.985,0.008,0.601,0.032,0.57,0.008,1.062,0.009
177,1761.92,1617.55,15.262,0.004,0.557,0.008,-0.009,0.01,0.377,0.006,0.721,0.007
178,1865.3,375.613,15.277,0.005,0.507,0.009,0.347,0.015,0.306,0.009,0.641,0.01
179,1029.9,1838.54,15.277,0.006,0.634,0.009,0.03,0.013,0.387,0.008,0.742,0.01
180,28.136,1758.97,15.279,0.007,0.49,0.009,0.371,0.016,0.317,0.01,0.657,0.015
181,1856.34,927.65,15.289,0.005,0.748,0.009,0.184,0.018,0.424,0.008,0.802,0.009
182,738.444,165.722,15.291,0.005,1.542,0.009,0.926,0.058,0.855,0.008,1.705,0.009
183,1592.21,1498.24,15.306,0.004,0.863,0.007,0.294,0.018,0.503,0.006,0.95,0.007
184,1556.43,1638.04,15.354,0.005,0.517,0.008,0.288,0.015,0.331,0.007,0.664,0.008
309,1430.19,1940.27,16.194,0.006,0.726,0.01,0.103,0.023,0.458,0.008,0.85,0.01
187,436.288,1653.47,15.363,0.005,0.888,0.009,0.27,0.018,0.523,0.007,1.019,0.01
188,1103.15,1855.78,15.372,0.006,1.276,0.009,0.884,0.039,0.724,0.007,1.376,0.009
189,312.406,1386.14,15.374,0.004,0.68,0.006,0.048,0.011,0.407,0.006,0.778,0.009
190,1505.17,915.929,15.375,0.005,0.758,0.009,0.083,0.015,0.469,0.01,0.907,0.011
192,539,1764.58,15.407,0.005,0.619,0.007,0.018,0.013,0.38,0.006,0.706,0.009
193,59.181,1590.05,15.408,0.005,0.58,0.007,0.041,0.012,0.357,0.008,0.698,0.014
194,1298.85,297.791,15.419,0.005,2.154,0.012,99,99,1.192,0.01,2.342,0.009
195,1034.04,345.219,15.431,0.005,1.04,0.008,0.712,0.037,0.609,0.008,1.152,0.008
196,1010.82,1558.57,15.443,0.012,0.6,0.021,-0.091,0.04,0.39,0.014,0.726,0.022
197,1804.07,1967.07,15.445,0.005,0.621,0.01,0.105,0.014,0.43,0.006,0.815,0.008
198,1742.98,945.586,15.462,0.005,0.651,0.009,0.428,0.022,0.414,0.009,0.851,0.009
199,1731.63,421.62,15.479,0.005,0.649,0.009,-0.063,0.014,0.389,0.009,0.766,0.01
200,1646.45,705.862,15.511,0.005,0.83,0.009,0.315,0.018,0.467,0.008,0.863,0.01
201,541.145,503.929,15.512,0.005,0.99,0.009,0.377,0.026,0.542,0.008,1.062,0.008
202,1947.72,1708.89,15.515,0.006,0.703,0.013,0.057,0.02,0.438,0.009,0.813,0.009
203,1842.77,812.025,15.52,0.006,0.608,0.01,-0.003,0.018,0.374,0.01,0.716,0.012
204,1792.22,894.752,15.531,0.004,1.061,0.008,0.799,0.047,0.583,0.008,1.082,0.01
205,336.73,1871.79,15.539,0.007,0.756,0.009,0.191,0.017,0.489,0.008,0.96,0.012
206,481.664,124.916,15.543,0.005,2.116,0.019,99,99,1.215,0.008,2.461,0.009
207,1107.76,2002.91,15.553,0.005,0.669,0.008,0.293,0.017,0.438,0.007,0.866,0.009
208,1123.49,1499.09,15.564,0.005,0.808,0.007,0.239,0.02,0.502,0.006,0.917,0.008
209,1549.19,58.951,15.566,0.005,0.703,0.01,0.026,0.021,0.391,0.009,0.76,0.009
210,25.17,1042.15,15.567,0.004,0.579,0.006,0.04,0.014,0.356,0.006,0.696,0.011
211,1882.6,1602.03,15.578,0.005,0.594,0.01,0.21,0.018,0.397,0.008,0.779,0.009
212,1715.22,205.345,15.589,0.005,0.738,0.01,0.124,0.018,0.428,0.009,0.845,0.01
213,883.618,1869.85,15.603,0.005,0.706,0.007,0.125,0.018,0.449,0.006,0.864,0.008
214,813.291,178.178,15.603,0.005,0.839,0.009,0.207,0.023,0.461,0.008,0.892,0.009
215,932.99,173.639,15.607,0.011,0.765,0.016,0.109,0.018,0.417,0.014,0.816,0.016
216,1383.9,1229.3,15.615,0.004,1.59,0.009,99,99,0.907,0.006,1.77,0.007
217,1158.16,941.934,15.627,0.005,0.728,0.009,0.131,0.02,0.441,0.008,0.847,0.009
218,522.457,833.346,15.632,0.006,0.752,0.009,0.452,0.024,0.442,0.008,0.91,0.009
219,1000.34,1958.77,15.635,0.005,0.441,0.007,0.324,0.015,0.28,0.006,0.553,0.008
220,1645.23,941.285,15.637,0.005,0.756,0.01,0.188,0.018,0.471,0.009,0.92,0.011
221,542.968,943.612,15.637,0.006,0.704,0.01,0.037,0.017,0.392,0.009,0.764,0.011
222,825.66,399.691,15.64,0.005,0.742,0.008,0.059,0.026,0.428,0.008,0.849,0.008
223,1460.01,274.687,15.643,0.006,1.114,0.01,0.405,0.032,0.851,0.01,1.86,0.012
224,1966.25,895.154,15.644,0.009,0.564,0.015,0.048,0.019,0.362,0.015,0.683,0.019
225,990.91,1810.06,15.654,0.005,0.528,0.007,0.281,0.018,0.345,0.006,0.704,0.01
226,1225.18,1655.13,15.654,0.005,0.668,0.008,0.018,0.015,0.424,0.007,0.819,0.008
227,1591.25,1164.85,15.654,0.003,0.6,0.006,0.302,0.019,0.367,0.006,0.727,0.006
228,887.364,1512.75,15.662,0.005,0.7,0.007,-0.042,0.015,0.442,0.006,0.845,0.007
229,1908.48,1083.84,15.675,0.004,0.617,0.007,0.189,0.018,0.389,0.007,0.771,0.007
230,1493.1,914.601,15.676,0.005,0.527,0.009,0.445,0.023,0.32,0.008,0.634,0.009
231,1694.68,783.182,15.692,0.006,0.725,0.009,0.09,0.017,0.425,0.01,0.806,0.011
232,1737.9,1937.86,15.694,0.004,0.623,0.009,0.017,0.016,0.42,0.006,0.8,0.008
233,1680.26,61.112,15.698,0.005,0.943,0.01,0.396,0.028,0.522,0.008,1.021,0.009
234,1389.93,1352.3,15.706,0.004,0.589,0.006,-0.014,0.014,0.37,0.006,0.693,0.008
235,492.338,1927.37,15.706,0.023,0.71,0.036,0.197,0.038,0.434,0.032,0.925,0.039
236,262.038,1061.62,15.717,0.004,0.719,0.006,0.141,0.015,0.422,0.006,0.824,0.009
237,1852.44,1952.51,15.719,0.005,0.186,0.011,0.421,0.02,0.333,0.01,0.707,0.022
238,8.506,1722,15.72,0.007,0.658,0.009,0.511,0.027,0.412,0.01,0.859,0.014
239,1626.29,1399.14,15.721,0.004,0.575,0.007,-0.059,0.014,0.372,0.006,0.71,0.008
240,318.94,1857.22,15.723,0.006,0.585,0.008,0.402,0.027,0.345,0.008,0.71,0.014
241,1551.18,294.834,15.731,0.006,0.741,0.011,0.372,0.034,0.435,0.009,0.876,0.011
242,1064.81,1515.33,15.743,0.004,0.737,0.007,0.088,0.016,0.447,0.006,0.82,0.007
243,1619.7,1073.84,15.772,0.004,0.567,0.007,-0.002,0.015,0.372,0.007,0.713,0.008
244,463.457,424.485,15.777,0.005,0.642,0.01,0.439,0.027,0.356,0.007,0.745,0.01
245,930.996,1845.86,15.785,0.005,0.846,0.007,0.316,0.026,0.498,0.006,0.944,0.009
246,1900.77,1810.64,15.791,0.005,0.617,0.01,0.013,0.02,0.403,0.007,0.756,0.009
247,1461.59,1061.47,15.803,0.005,0.947,0.008,0.559,0.032,0.531,0.008,0.959,0.008
248,1155.7,689.998,15.806,0.005,0.825,0.009,0.137,0.024,0.48,0.008,0.924,0.009
249,1687.88,1265.09,15.814,0.005,0.546,0.008,0.321,0.021,0.332,0.007,0.641,0.009
250,1694.07,1743.29,15.842,0.006,0.706,0.009,0.036,0.019,0.433,0.008,0.826,0.01
251,79.941,1489.09,15.842,0.059,0.677,0.064,-0.045,0.019,0.354,0.056,0.744,0.062
252,14.395,775.796,15.852,0.006,0.742,0.01,0.099,0.022,0.408,0.01,0.812,0.014
253,998.285,972.595,15.881,0.007,1.491,0.012,0.981,0.107,0.831,0.01,1.595,0.01
254,1304.6,1815.7,15.888,0.006,0.627,0.009,0.331,0.023,0.424,0.007,0.817,0.009
255,851.124,967.152,15.9,0.005,0.842,0.009,0.216,0.024,0.485,0.008,0.912,0.009
256,1653.88,800.96,15.927,0.005,1.012,0.009,0.478,0.036,0.592,0.008,1.135,0.01
257,231.605,1334.13,15.928,0.005,0.751,0.007,0.09,0.021,0.445,0.007,0.838,0.01
258,1146.87,680.447,15.929,0.007,0.953,0.012,0.465,0.051,0.523,0.009,0.981,0.011
259,51.7,221.896,15.939,0.006,0.713,0.01,0.115,0.028,0.359,0.01,0.809,0.013
260,468.045,801.109,15.953,0.006,0.886,0.01,0.302,0.026,0.537,0.008,1.069,0.01
261,1597.51,1566.25,15.954,0.004,0.734,0.008,0.113,0.023,0.472,0.006,0.912,0.009
262,1151.77,1147.71,15.958,0.005,0.617,0.008,-0.015,0.018,0.383,0.006,0.738,0.009
263,478.001,1870.09,15.97,0.007,0.636,0.01,0.302,0.025,0.394,0.009,0.779,0.015
264,1931.14,1306.25,15.971,0.004,0.52,0.009,0.371,0.024,0.322,0.007,0.66,0.009
265,509.484,2001.1,15.979,0.005,0.939,0.008,0.517,0.033,0.527,0.006,0.975,0.009
266,1453.77,1309.09,15.985,0.005,0.725,0.008,0.19,0.022,0.465,0.007,0.893,0.008
267,1105.4,1083.51,16.002,0.005,0.779,0.009,0.15,0.024,0.468,0.006,0.859,0.008
268,428.039,468.866,16.007,0.006,0.784,0.01,0.202,0.033,0.434,0.009,0.846,0.011
269,1868.01,1835.29,16.01,0.006,0.827,0.012,0.224,0.03,0.532,0.008,1.028,0.009
270,1432.65,1889.93,16.013,0.005,0.89,0.01,0.382,0.037,0.53,0.007,0.984,0.009
271,293.509,1555.81,16.015,0.008,0.627,0.014,0.311,0.039,0.383,0.01,0.757,0.016
272,473.166,135.601,16.021,0.005,0.829,0.01,0.47,0.039,0.465,0.008,0.979,0.009
273,1736.91,1782.89,16.026,0.007,0.676,0.011,0.058,0.02,0.451,0.009,0.853,0.011
274,101.32,1599.4,16.038,0.006,0.753,0.009,0.228,0.027,0.463,0.009,0.933,0.013
275,764.82,446.992,16.049,0.006,1.804,0.014,99,99,1.012,0.009,2.007,0.01
276,1236.95,669.441,16.067,0.072,0.554,0.079,0.446,0.036,0.407,0.069,0.779,0.076
277,60.362,860.716,16.068,0.007,0.677,0.01,0.079,0.022,0.393,0.01,0.769,0.013
278,1678.7,386.929,16.076,0.007,1.11,0.013,0.716,0.065,0.648,0.011,1.23,0.012
279,1230.51,1732.25,16.08,0.006,0.791,0.009,0.184,0.028,0.495,0.007,0.964,0.008
280,687.711,1179.3,16.083,0.005,0.825,0.008,0.219,0.028,0.483,0.006,0.919,0.008
281,289.442,1213.66,16.084,0.005,0.754,0.008,0.136,0.027,0.435,0.007,0.817,0.011
282,1749.49,1523.43,16.089,0.006,0.693,0.01,0.214,0.026,0.45,0.007,0.887,0.01
283,980.39,540.586,16.096,0.079,1.036,0.086,0.548,0.042,0.704,0.076,1.296,0.083
284,193.655,946.468,16.098,0.007,0.809,0.011,0.228,0.035,0.466,0.009,0.867,0.012
285,1145.19,868.961,16.104,0.089,0.751,0.096,0.145,0.031,0.448,0.085,0.833,0.093
286,1567.86,142.205,16.112,0.006,2.301,0.019,99,99,1.257,0.01,2.46,0.011
287,274.536,1282.85,16.116,0.005,0.962,0.009,0.428,0.036,0.583,0.007,1.134,0.011
288,1400.61,1446.42,16.119,0.005,0.58,0.008,0.176,0.022,0.387,0.008,0.747,0.008
289,1788.31,655.18,16.128,0.007,1.783,0.015,99,99,1.016,0.011,1.984,0.012
290,1766.36,997.319,16.131,0.005,1.027,0.01,0.695,0.052,0.627,0.007,1.208,0.009
291,1122.42,1745.08,16.136,0.005,0.667,0.008,0.045,0.021,0.446,0.007,0.828,0.008
292,1535.21,1202.43,16.145,0.005,0.865,0.01,0.291,0.032,0.512,0.007,0.962,0.008
293,432.337,817.486,16.148,0.007,0.868,0.012,0.342,0.04,0.532,0.009,1.095,0.011
294,1262.05,1246.98,16.148,0.005,0.63,0.008,-0.07,0.019,0.407,0.008,0.79,0.01
295,1407.33,1125.67,16.165,0.007,2.292,0.02,99,99,1.299,0.009,2.524,0.009
296,1269.33,25.472,16.167,0.008,3.947,0.069,99,99,2.254,0.01,4.365,0.009
297,1758.87,930.994,16.173,0.007,0.639,0.011,-0.031,0.025,0.413,0.01,0.799,0.012
298,1106.93,1359.37,16.177,0.006,0.814,0.01,0.491,0.038,0.503,0.008,0.969,0.009
299,1652.49,722.094,16.18,0.088,0.499,0.095,0.421,0.032,0.362,0.084,0.694,0.092
300,681.682,1337.04,16.187,0.006,0.737,0.01,0.3,0.034,0.481,0.008,0.939,0.011
301,460.974,258.345,16.187,0.006,0.932,0.011,0.477,0.037,0.515,0.009,0.982,0.011
302,1642.8,836.229,16.187,0.006,0.762,0.01,0.127,0.027,0.437,0.01,0.84,0.012
303,1613.03,1710.05,16.188,0.007,2.252,0.02,99,99,1.32,0.008,2.57,0.009
304,959.675,1801.29,16.19,0.006,0.869,0.009,0.33,0.035,0.501,0.007,0.922,0.012
305,668.269,1713.01,16.192,0.007,0.815,0.01,0.165,0.033,0.497,0.008,0.944,0.011
306,1090.1,1261.77,16.193,0.005,1.427,0.011,99,99,0.912,0.007,1.793,0.007
307,1267.52,1127.65,16.193,0.005,0.656,0.009,0.225,0.027,0.411,0.007,0.805,0.01
308,1168.79,566.97,16.194,0.007,1.38,0.016,0.677,0.101,0.783,0.01,1.523,0.013
310,988.341,961.824,16.195,0.006,0.915,0.01,0.288,0.038,0.571,0.009,1.103,0.012
311,1365.52,1226.01,16.197,0.005,0.829,0.008,0.195,0.033,0.527,0.008,0.996,0.008
312,648.041,1889.36,16.198,0.007,0.848,0.01,0.168,0.03,0.504,0.008,0.958,0.011
313,1602.47,370.445,16.203,0.016,1.431,0.029,99,99,0.941,0.021,1.9,0.021
314,1019.78,1242.49,16.204,0.005,0.656,0.008,-0.057,0.021,0.404,0.007,0.777,0.009
315,1240.76,1240.73,16.232,0.006,2.735,0.024,99,99,1.796,0.008,3.722,0.008
316,38.036,968.073,16.233,0.008,1.899,0.016,99,99,1.058,0.01,2.073,0.013
1263,408.74,1996.01,19.136,0.046,1.105,0.099,99,99,0.604,0.055,1.295,0.068
318,1413.34,861.652,16.241,0.007,0.806,0.011,99,99,0.457,0.011,0.841,0.014
319,1298.09,169.061,16.255,0.008,1.06,0.013,99,99,0.583,0.011,1.076,0.011
320,1503.16,768.772,16.258,0.007,0.829,0.012,0.186,0.036,0.524,0.01,1.004,0.012
321,476.373,1826.06,16.263,0.006,0.747,0.01,0.084,0.026,0.467,0.008,0.91,0.012
322,620.362,552.88,16.272,0.085,0.631,0.093,0.175,0.035,0.54,0.082,0.978,0.091
323,199.467,806.218,16.272,0.007,0.957,0.011,99,99,0.533,0.009,1,0.012
324,1318.66,1536.2,16.277,0.006,0.603,0.01,0.154,0.025,0.376,0.008,0.741,0.01
325,1346.69,305.305,16.281,0.007,0.791,0.012,0.373,0.046,0.455,0.01,0.919,0.013
326,1664.72,1908.09,16.285,0.007,0.59,0.011,-0.028,0.025,0.391,0.009,0.758,0.011
327,838.898,840.608,16.291,0.007,1.725,0.016,99,99,0.958,0.009,1.879,0.011
328,1715.11,547.308,16.293,0.006,0.825,0.011,0.188,0.035,0.486,0.01,0.93,0.012
329,568.595,1863.32,16.296,0.007,0.782,0.01,0.162,0.031,0.477,0.01,0.901,0.015
330,1426.93,1466.92,16.3,0.006,1.779,0.014,99,99,1.024,0.008,1.995,0.008
331,197.013,536.907,16.3,0.007,0.982,0.012,0.554,0.067,0.525,0.01,0.983,0.015
332,374.363,1274.56,16.301,0.008,0.69,0.011,99,99,0.404,0.01,0.815,0.014
333,137.601,1854.58,16.313,0.007,0.668,0.01,0.03,0.024,0.394,0.01,0.823,0.016
334,656.696,261.974,16.324,0.006,0.809,0.012,0.157,0.039,0.437,0.009,0.842,0.011
335,462.306,628.021,16.326,0.007,0.9,0.012,0.341,0.038,0.536,0.009,1.105,0.011
336,395.613,1135.13,16.326,0.006,0.675,0.01,-0.02,0.023,0.427,0.007,0.829,0.011
337,643.838,1992.9,16.329,0.008,0.765,0.012,0.156,0.033,0.46,0.01,0.877,0.013
338,1575,1278.73,16.33,0.006,1.322,0.011,99,99,0.742,0.008,1.401,0.008
339,1349.07,1367.57,16.348,0.005,0.913,0.009,0.668,0.059,0.572,0.007,1.147,0.008
340,753.374,264.091,16.351,0.007,1.498,0.015,99,99,0.887,0.009,1.746,0.01
341,1027.4,328.894,16.379,0.007,0.791,0.012,0.017,0.034,0.483,0.01,0.947,0.011
342,44.569,336.932,16.387,0.108,0.699,0.118,0.598,0.06,0.714,0.103,1.375,0.113
343,1448.33,1053.63,16.39,0.006,0.751,0.01,0.308,0.04,0.475,0.008,0.942,0.011
344,1427.87,816.228,16.398,0.006,0.814,0.011,0.201,0.045,0.477,0.01,0.921,0.012
345,539.805,1479.5,16.405,0.005,0.827,0.01,0.204,0.042,0.502,0.006,0.934,0.008
346,1147.99,220.881,16.409,0.007,0.924,0.013,0.256,0.052,0.564,0.01,1.12,0.013
347,1415.37,914.158,16.41,0.007,1.036,0.013,0.503,0.078,0.59,0.01,1.094,0.012
348,691.229,93.266,16.413,0.006,0.899,0.011,0.508,0.065,0.508,0.009,1.032,0.01
349,1285.37,1579.03,16.415,0.006,0.77,0.01,0.083,0.028,0.5,0.008,0.984,0.009
350,570.473,1387.62,16.417,0.006,1.099,0.011,0.337,0.048,0.702,0.007,1.415,0.011
351,1782.7,507.262,16.419,0.008,0.717,0.013,0.09,0.044,0.43,0.012,0.833,0.014
352,1959.28,1269.31,16.428,0.024,1.267,0.029,0.19,0.056,1.017,0.029,2.106,0.029
353,740.107,873.641,16.428,0.008,0.913,0.014,0.337,0.047,0.546,0.01,1.075,0.012
354,1380,283.224,16.432,0.007,0.77,0.013,0.434,0.066,0.391,0.01,0.811,0.013
355,700.819,352.15,16.434,0.007,0.77,0.012,0.6,0.059,0.445,0.01,0.911,0.015
356,1296.61,1803.38,16.439,0.007,0.698,0.01,0.206,0.033,0.444,0.008,0.871,0.011
357,1186.43,1157.95,16.444,0.007,0.801,0.011,99,99,0.508,0.01,1.002,0.011
358,1499.79,1690.53,16.445,0.006,0.773,0.01,0.201,0.034,0.501,0.008,0.953,0.012
359,1996.17,520.625,16.446,0.093,0.367,0.101,0.224,0.051,0.657,0.089,1.204,0.097
360,881.518,1084.35,16.452,0.006,0.718,0.01,0.063,0.031,0.426,0.008,0.808,0.01
361,2007.82,1175.7,16.453,0.007,0.532,0.011,0.108,0.031,0.424,0.009,0.916,0.011
362,99.716,908.505,16.456,0.007,1.029,0.013,0.431,0.063,0.637,0.01,1.264,0.013
363,1602.52,1639.83,16.462,0.007,0.591,0.011,99,99,0.401,0.009,0.77,0.012
364,1357.77,626.087,16.466,0.007,0.931,0.013,0.282,0.066,0.568,0.01,1.105,0.013
365,193.956,745.421,16.475,0.007,1.862,0.019,99,99,1.055,0.008,2.12,0.011
366,333.409,1886.33,16.479,0.007,0.738,0.01,0.172,0.035,0.463,0.008,0.91,0.012
367,1056.94,1915.81,16.488,0.006,0.708,0.01,0.217,0.036,0.468,0.008,0.905,0.01
368,604.712,89.293,16.493,0.008,2.973,0.035,99,99,2.025,0.01,4.222,0.011
369,1996.48,1145.81,16.493,0.007,0.663,0.011,99,99,0.448,0.01,0.867,0.013
370,1502.37,90.065,16.498,0.007,2.485,0.029,99,99,1.372,0.01,2.7,0.011
371,1047.86,128.515,16.505,0.007,1.218,0.016,99,99,0.685,0.01,1.394,0.011
372,884.372,1925.82,16.511,0.02,0.748,0.037,0.026,0.046,0.456,0.03,0.864,0.036
373,365.216,347.825,16.513,0.007,0.853,0.012,0.159,0.039,0.478,0.01,0.949,0.011
374,1803.92,68.919,16.515,0.007,0.785,0.013,0.377,0.061,0.439,0.01,0.91,0.015
375,1388.51,1290.64,16.524,0.006,0.787,0.01,0.196,0.037,0.498,0.008,0.957,0.011
702,1584.82,1623.36,17.675,0.015,0.895,0.025,99,99,0.533,0.018,1.047,0.022
377,803.975,183.783,16.531,0.012,1.128,0.019,99,99,0.673,0.018,1.243,0.027
378,1608.12,1024.48,16.534,0.006,0.744,0.01,0.084,0.034,0.444,0.01,0.872,0.011
379,1828.27,1605.69,16.538,0.007,0.703,0.013,0.171,0.034,0.462,0.009,0.918,0.011
380,2028.54,1931.08,16.541,0.008,-1.115,0.132,99,99,0.482,0.011,99,99
381,895.206,54.264,16.554,0.007,1.524,0.02,99,99,0.877,0.01,1.818,0.01
382,1467.55,1449.34,16.554,0.007,0.665,0.011,0.2,0.037,0.422,0.009,0.803,0.012
383,931.014,1426.23,16.558,0.008,1.911,0.022,99,99,1.128,0.009,2.199,0.01
384,1907.44,1837.66,16.559,0.007,1.06,0.017,99,99,0.707,0.009,1.285,0.011
385,1638.91,1247.77,16.559,0.007,0.812,0.012,0.223,0.039,0.49,0.01,0.905,0.011
386,802.723,1096.96,16.56,0.006,0.717,0.01,0.091,0.036,0.44,0.008,0.837,0.01
387,281.41,57.839,16.568,0.007,0.799,0.014,0.101,0.041,0.446,0.01,0.951,0.013
388,807.744,686.936,16.571,0.008,0.901,0.014,0.34,0.048,0.509,0.01,0.911,0.013
389,976.252,1329.84,16.576,0.007,0.777,0.01,0.103,0.037,0.48,0.009,0.931,0.011
390,440.506,248.39,16.578,0.006,0.857,0.012,0.242,0.041,0.475,0.009,0.916,0.014
391,1549.08,1797.89,16.583,0.007,0.751,0.013,0.089,0.04,0.491,0.01,0.94,0.012
392,243.991,366.113,16.583,0.008,0.882,0.014,0.209,0.05,0.478,0.011,0.934,0.015
393,1013.5,872.902,16.585,0.009,1.324,0.015,99,99,0.818,0.011,1.526,0.013
394,1302.42,1041.46,16.592,0.113,0.887,0.123,0.194,0.046,0.572,0.108,1.145,0.118
395,1744.26,1084.69,16.6,0.111,1.128,0.121,99,99,0.576,0.106,1.129,0.116
396,292.443,839.504,16.606,0.008,2.272,0.025,99,99,1.271,0.009,2.491,0.011
397,1583.19,336.461,16.611,0.007,1.051,0.016,99,99,0.63,0.011,1.232,0.013
398,682.728,1518.87,16.613,0.007,0.98,0.013,99,99,0.576,0.008,1.053,0.011
399,1315.65,1360.71,16.615,0.007,0.811,0.011,0.26,0.044,0.497,0.009,0.965,0.011
400,1165.83,872.234,16.617,0.007,1.006,0.014,0.386,0.07,0.572,0.01,1.092,0.012
401,1326.12,558.627,16.623,0.007,0.779,0.014,0.126,0.041,0.487,0.011,0.94,0.013
402,221.417,1875.53,16.623,0.007,0.839,0.011,0.265,0.047,0.512,0.01,1.03,0.014
403,1119.67,259.518,16.627,0.008,1.528,0.019,99,99,0.872,0.01,1.725,0.011
404,722.033,1592.77,16.631,0.007,0.712,0.012,0.074,0.04,0.441,0.008,0.857,0.012
405,1320.94,1027.57,16.633,0.008,1.153,0.014,99,99,0.69,0.01,1.331,0.011
406,905.673,862.111,16.646,0.007,0.867,0.013,0.221,0.058,0.546,0.01,1.066,0.012
407,1183.73,1602.81,16.648,0.007,0.703,0.012,99,99,0.441,0.009,0.826,0.011
409,1397.62,1541.95,16.665,0.006,0.888,0.011,0.355,0.057,0.514,0.008,0.942,0.012
410,934.959,1171.53,16.672,0.007,0.8,0.012,0.291,0.048,0.5,0.008,0.999,0.011
411,975.469,1434.99,16.673,0.007,0.741,0.011,0.268,0.046,0.488,0.009,0.954,0.011
412,698.768,191.636,16.675,0.008,0.955,0.014,99,99,0.559,0.01,1.179,0.012
413,128.581,1753.52,16.675,0.009,0.686,0.013,0.01,0.036,0.418,0.012,0.814,0.017
414,1812.41,1904.68,16.679,0.008,1.761,0.022,99,99,1.019,0.01,1.987,0.01
415,1431.21,1100.72,16.684,0.006,0.88,0.012,0.153,0.055,0.546,0.009,1.068,0.011
416,1425.11,109.755,16.686,0.008,1.075,0.016,99,99,0.621,0.011,1.251,0.013
417,1422.77,1812.47,16.692,0.008,2.763,0.036,99,99,2.019,0.01,4.223,0.01
418,1793.47,87.605,16.695,0.008,2.107,0.022,99,99,1.277,0.011,2.609,0.012
419,452.99,354.145,16.697,0.008,1.366,0.015,99,99,0.745,0.01,1.476,0.012
420,563.453,1586.55,16.699,0.007,0.944,0.011,0.411,0.055,0.584,0.008,1.122,0.012
421,1545.71,1684.68,16.71,0.008,0.855,0.014,0.231,0.041,0.53,0.01,1.045,0.012
422,940.864,227.805,16.712,0.009,1.046,0.016,99,99,0.626,0.012,1.289,0.014
423,61.89,1872.54,16.712,0.008,0.743,0.013,99,99,0.451,0.012,0.869,0.016
424,1315.03,1980.52,16.72,0.008,0.75,0.014,0.055,0.036,0.482,0.011,0.975,0.013
425,1471.55,1678.77,16.721,0.008,0.896,0.014,99,99,0.603,0.011,1.201,0.012
426,1271.56,1981.37,16.743,0.008,0.802,0.015,0.127,0.048,0.49,0.01,0.942,0.014
427,346.146,1411.62,16.744,0.008,0.805,0.013,99,99,0.494,0.01,1.032,0.013
428,1641.2,1506.81,16.747,0.008,0.644,0.014,0.508,0.062,0.399,0.01,0.79,0.013
429,898.396,1466.61,16.758,0.007,1.002,0.014,99,99,0.57,0.009,1.101,0.011
430,1354.68,1619.85,16.761,0.008,0.909,0.014,99,99,0.528,0.01,0.966,0.013
431,1596.95,407.69,16.763,0.009,1.295,0.019,99,99,0.718,0.012,1.432,0.014
432,1063.69,1443.37,16.766,0.007,0.762,0.012,0.192,0.042,0.501,0.009,0.923,0.012
433,1732.16,1488.81,16.78,0.008,0.699,0.014,0.021,0.037,0.45,0.01,0.872,0.014
434,801.102,1837.84,16.782,0.009,0.928,0.015,99,99,0.587,0.012,1.19,0.015
435,1543.76,553.665,16.791,0.009,0.792,0.016,99,99,0.496,0.013,0.965,0.015
436,1198.46,1126.13,16.801,0.008,0.958,0.014,99,99,0.584,0.01,1.131,0.013
437,1588.48,210.85,16.804,0.008,0.818,0.014,99,99,0.468,0.012,0.945,0.014
438,1525.4,836.634,16.816,0.009,2.454,0.035,99,99,1.429,0.012,2.803,0.013
440,24.275,201.539,16.828,0.011,0.971,0.018,99,99,0.51,0.015,1.13,0.02
441,220.888,964.508,16.829,0.01,0.914,0.017,99,99,0.502,0.013,0.955,0.018
442,533.215,709.17,16.849,0.01,0.855,0.016,99,99,0.492,0.012,0.899,0.015
443,2010.27,539.202,16.85,0.009,0.295,0.015,0.177,0.076,0.493,0.013,1.178,0.018
444,601.204,1013.9,16.858,0.007,0.993,0.014,0.362,0.074,0.577,0.008,1.073,0.011
445,423.787,86.271,16.871,0.008,0.886,0.015,99,99,0.498,0.012,0.975,0.015
446,1410.76,1254.04,16.884,0.008,1.878,0.019,99,99,1.138,0.01,2.23,0.01
447,456.344,1717.08,16.884,0.009,1.114,0.016,99,99,0.71,0.011,1.446,0.013
497,1423.63,1225.8,17.032,0.009,1.209,0.019,99,99,0.713,0.012,1.327,0.013
449,381.758,884.453,16.89,0.01,1.038,0.017,99,99,0.598,0.011,1.227,0.015
450,829.41,758.595,16.892,0.011,1.527,0.026,99,99,0.953,0.012,1.938,0.015
451,1215.23,647.413,16.897,0.009,1.441,0.022,99,99,0.828,0.012,1.589,0.014
452,1094.21,1078.02,16.901,0.01,1.147,0.015,99,99,0.691,0.011,1.281,0.012
453,509.807,1936.34,16.907,0.02,0.766,0.032,99,99,0.492,0.026,0.892,0.034
454,1508.78,1734.33,16.909,0.009,0.761,0.014,0.064,0.045,0.474,0.011,0.895,0.015
455,1658.54,1451.65,16.91,0.008,0.893,0.015,99,99,0.56,0.011,1.045,0.012
456,1527.85,1217.95,16.911,0.008,1.585,0.021,99,99,0.914,0.01,1.776,0.011
457,1231.93,959.007,16.923,0.011,0.888,0.018,0.312,0.094,0.527,0.015,1.016,0.017
458,842.694,1104.14,16.93,0.007,0.762,0.013,0.04,0.042,0.453,0.01,0.881,0.013
459,1294.95,876.703,16.933,0.008,1.006,0.017,99,99,0.597,0.012,1.098,0.014
460,810.914,484.983,16.935,0.01,1.296,0.018,99,99,0.78,0.011,1.529,0.014
462,810.45,437.71,16.94,0.009,1.2,0.019,99,99,0.718,0.011,1.393,0.014
463,1969.54,1145.14,16.944,0.009,0.884,0.017,0.142,0.059,0.545,0.012,1.044,0.014
464,888.95,328.941,16.947,0.009,0.882,0.016,99,99,0.499,0.013,0.957,0.016
465,1230.68,544.131,16.955,0.009,0.937,0.018,0.278,0.099,0.53,0.012,1.005,0.015
466,1352.43,588.092,16.956,0.01,1.651,0.022,-1.126,0.148,0.981,0.013,2.017,0.014
467,1522.53,1521.89,16.963,0.019,1.174,0.025,99,99,0.697,0.019,1.461,0.022
468,1916.52,598.684,16.966,0.01,0.923,0.017,99,99,0.534,0.014,0.978,0.017
1093,1152.44,1688.12,18.621,0.034,0.916,0.058,99,99,0.596,0.037,1.077,0.047
470,1901.14,1822.8,16.975,0.01,0.742,0.018,0.123,0.06,0.484,0.012,0.963,0.016
471,1180.26,1444.27,16.976,0.009,1.078,0.017,99,99,0.607,0.011,1.164,0.013
472,1891.19,292.058,16.979,0.022,1.411,0.042,99,99,0.849,0.027,1.735,0.031
473,359.324,199.523,16.982,0.01,0.849,0.017,99,99,0.454,0.013,0.941,0.016
474,757.647,1754.67,16.986,0.009,1.079,0.017,99,99,0.621,0.011,1.188,0.014
475,280.936,1538.26,16.988,0.009,3.051,0.057,99,99,1.704,0.01,3.32,0.012
476,1872.27,312.509,16.989,0.009,0.856,0.018,99,99,0.488,0.012,0.969,0.017
477,891.355,748.695,16.99,0.011,0.998,0.019,0.298,0.085,0.603,0.014,1.174,0.015
478,350.432,1203.26,16.991,0.009,1.062,0.016,99,99,0.634,0.011,1.148,0.014
479,1318.23,370.359,16.996,0.009,0.847,0.019,0.304,0.071,0.499,0.013,0.994,0.014
480,1710.77,945.851,16.997,0.009,1.103,0.019,99,99,0.678,0.013,1.325,0.017
481,1930.05,319.088,16.998,0.009,0.834,0.015,99,99,0.51,0.012,1.017,0.015
482,959.598,539.569,17.001,0.011,1.57,0.025,99,99,0.878,0.013,1.666,0.015
483,1396.65,1053.15,17.001,0.008,0.77,0.014,0.22,0.058,0.477,0.011,0.953,0.013
484,1463.3,122.821,17.01,0.01,1.141,0.017,99,99,0.69,0.012,1.246,0.014
485,843.975,1700.28,17.011,0.009,0.928,0.015,99,99,0.575,0.011,1.045,0.014
486,422.663,121.828,17.013,0.011,1.896,0.025,99,99,1.063,0.013,2.13,0.015
487,1261.02,518.499,17.014,0.01,1.062,0.018,99,99,0.636,0.013,1.267,0.016
488,984.985,1815.23,17.016,0.009,1.885,0.026,99,99,1.124,0.01,2.187,0.012
489,927.33,1272.7,17.016,0.009,1.289,0.02,99,99,0.827,0.011,1.678,0.012
490,1689.18,1968.92,17.018,0.009,1.164,0.017,99,99,0.742,0.012,1.408,0.012
491,1257.23,365.031,17.019,0.008,0.874,0.016,99,99,0.513,0.012,0.973,0.014
492,1338.33,390.75,17.025,0.011,0.989,0.017,0.267,0.081,0.61,0.014,1.21,0.019
493,1563.85,1262.24,17.026,0.009,2.128,0.028,99,99,1.449,0.011,2.87,0.011
494,757.885,1129.79,17.029,0.009,1.126,0.017,99,99,0.699,0.011,1.315,0.012
495,1432.74,254.324,17.03,0.191,0.704,0.207,99,99,0.612,0.182,1.086,0.199
496,371.994,1339.32,17.031,0.008,0.8,0.015,99,99,0.49,0.01,0.96,0.014
498,1034.84,1745.98,17.035,0.015,0.947,0.024,99,99,0.586,0.023,1.159,0.032
499,239.87,870.802,17.036,0.011,0.779,0.017,0.106,0.063,0.47,0.014,0.906,0.017
500,1309.99,527.523,17.039,0.009,2.46,0.041,99,99,1.416,0.012,2.799,0.013
501,1577.55,1336.79,17.039,0.009,0.863,0.017,99,99,0.541,0.012,1.059,0.014
502,1222.77,678.519,17.041,0.012,1.008,0.023,99,99,0.627,0.015,1.199,0.019
503,1525.77,1395,17.044,0.015,0.939,0.023,99,99,0.604,0.02,1.147,0.026
504,1283.44,1615.48,17.058,0.008,1.25,0.017,0.562,0.135,0.8,0.01,1.547,0.012
505,1753.62,1660.55,17.059,0.012,1.072,0.025,99,99,0.648,0.014,1.306,0.018
506,1283.02,242.217,17.06,0.01,0.796,0.019,99,99,0.482,0.014,0.969,0.017
507,191.708,1826.8,17.061,0.011,0.775,0.018,0.366,0.077,0.492,0.013,1.009,0.017
508,1136.94,779.328,17.061,0.014,0.979,0.025,99,99,0.579,0.02,1.119,0.024
509,431.505,1343.44,17.069,0.011,0.764,0.017,0,0.048,0.474,0.013,0.892,0.017
510,1374.44,955.129,17.069,0.01,0.754,0.016,99,99,0.48,0.013,0.9,0.016
511,1038.82,1177.52,17.071,0.009,1.179,0.018,99,99,0.716,0.011,1.332,0.013
512,953.009,317.936,17.071,0.207,0.983,0.225,0.338,0.096,0.628,0.197,1.235,0.216
513,594.041,1776.96,17.077,0.01,1.123,0.018,99,99,0.685,0.012,1.398,0.016
515,1275.42,760.94,17.087,0.011,0.891,0.018,99,99,0.519,0.016,0.993,0.02
518,1178.87,407.026,17.093,0.011,1.004,0.02,99,99,0.548,0.014,1.041,0.017
519,483.09,1129.54,17.094,0.009,0.789,0.016,99,99,0.459,0.012,0.888,0.017
520,757.536,1724.14,17.103,0.009,0.994,0.017,99,99,0.588,0.011,1.179,0.014
521,501.01,411.772,17.104,0.012,2.176,0.036,99,99,1.187,0.013,2.345,0.015
522,1784.16,1031.02,17.106,0.009,0.764,0.016,0.122,0.054,0.48,0.012,0.904,0.016
523,1985.46,1631.24,17.115,0.011,1.041,0.021,99,99,0.586,0.013,1.127,0.016
524,29.184,366.635,17.117,0.01,0.966,0.018,99,99,0.49,0.013,1.119,0.018
525,217.871,1680.23,17.128,0.01,1.88,0.031,99,99,1.162,0.011,2.334,0.014
526,1173.9,1472.86,17.129,0.027,1.078,0.043,99,99,0.612,0.038,1.15,0.043
527,761.168,792.488,17.131,0.011,1.523,0.025,99,99,0.963,0.013,1.951,0.015
528,1180.49,77.674,17.134,0.01,0.993,0.019,99,99,0.613,0.014,1.227,0.016
1237,181.032,817.443,19.044,0.044,1.168,0.106,99,99,0.626,0.048,1.288,0.061
530,1056.46,1224.06,17.135,0.01,0.999,0.017,99,99,0.586,0.012,1.202,0.015
531,69.471,1804.58,17.136,0.01,2.472,0.043,99,99,1.384,0.012,2.75,0.017
532,802.383,1668.42,17.138,0.011,2.087,0.028,99,99,1.184,0.012,2.299,0.014
533,959.567,1094.02,17.141,0.013,1.337,0.022,99,99,0.853,0.016,1.663,0.019
534,730.174,127.56,17.141,0.011,0.918,0.018,99,99,0.515,0.014,1.031,0.017
535,1723.47,1022.72,17.142,0.009,2.086,0.033,99,99,1.23,0.011,2.382,0.012
536,329.325,98.146,17.151,0.009,1.036,0.018,99,99,0.584,0.015,1.132,0.016
537,1543.49,610.092,17.155,0.012,0.957,0.02,99,99,0.584,0.015,1.131,0.017
538,129.603,61.412,17.159,0.233,2.768,0.264,99,99,1.638,0.222,3.245,0.243
539,386.896,298.89,17.17,0.01,1.444,0.024,99,99,0.84,0.012,1.669,0.015
540,351.295,1924.53,17.173,0.02,1.312,0.037,99,99,0.828,0.023,1.588,0.028
541,1880.79,625.493,17.174,0.011,0.832,0.019,0.126,0.077,0.511,0.014,0.992,0.017
542,1852.58,1575.94,17.178,0.01,0.741,0.016,0.21,0.073,0.489,0.012,0.961,0.016
543,1224.18,1365.92,17.186,0.01,0.769,0.016,-0.044,0.06,0.49,0.012,0.894,0.016
544,475.84,1683.98,17.196,0.011,2.135,0.032,99,99,1.317,0.011,2.602,0.014
545,607.914,1159.84,17.198,0.01,0.862,0.017,99,99,0.508,0.011,0.948,0.015
546,420.517,777.432,17.201,0.012,0.59,0.029,99,99,0.493,0.015,0.941,0.02
547,841.774,1403.49,17.203,0.01,1.059,0.017,99,99,0.674,0.012,1.34,0.014
548,1050.09,535.868,17.204,0.013,0.898,0.02,99,99,0.558,0.016,1.034,0.019
549,73.972,1789.94,17.222,0.012,0.943,0.02,99,99,0.591,0.015,1.112,0.019
550,1076.63,652.771,17.225,0.015,1.468,0.032,99,99,0.813,0.02,1.585,0.022
551,1512.97,1893.37,17.225,0.012,0.746,0.024,99,99,0.497,0.016,0.905,0.021
552,1792.91,212.969,17.226,0.012,0.874,0.02,99,99,0.526,0.015,0.995,0.019
554,1827.18,1091.49,17.229,0.01,1.358,0.024,99,99,0.839,0.012,1.573,0.014
555,184.066,670.648,17.229,0.012,0.855,0.02,99,99,0.501,0.016,0.96,0.019
556,1484.21,480.417,17.233,0.012,2.719,0.057,99,99,1.496,0.014,2.936,0.015
557,1072.63,96.198,17.237,0.014,1.247,0.029,99,99,0.703,0.018,1.408,0.02
558,1272.24,108.604,17.238,0.011,1.031,0.024,99,99,0.612,0.013,1.252,0.017
559,455.815,793.184,17.249,0.01,1.063,0.02,99,99,0.65,0.013,1.166,0.017
560,1196.15,1768.4,17.256,0.012,0.922,0.02,99,99,0.573,0.015,1.094,0.02
561,1091.97,522.804,17.262,0.011,1.27,0.024,99,99,0.749,0.014,1.475,0.016
562,244.728,616.048,17.265,0.012,0.848,0.021,99,99,0.486,0.015,0.954,0.019
563,1396.34,1311.99,17.272,0.01,1.17,0.019,99,99,0.68,0.012,1.316,0.014
564,414.64,1030.41,17.274,0.009,1.186,0.019,99,99,0.735,0.011,1.349,0.015
565,647.406,100.643,17.288,0.011,1.409,0.022,99,99,0.812,0.014,1.691,0.015
566,1492.95,1088.18,17.288,0.012,1.046,0.021,99,99,0.636,0.014,1.307,0.016
567,1857.12,1005.55,17.288,0.012,0.838,0.02,99,99,0.553,0.015,1.002,0.019
568,1257.94,1607.35,17.292,0.012,0.71,0.018,0.14,0.067,0.484,0.014,0.9,0.018
569,985.521,1473.79,17.297,0.012,0.734,0.02,99,99,0.466,0.015,0.907,0.018
570,1000.17,1461.33,17.298,0.01,2.304,0.037,99,99,1.34,0.011,2.59,0.012
571,859.4,28.01,17.304,0.011,0.983,0.024,99,99,0.544,0.014,1.075,0.018
572,579.873,255.772,17.305,0.014,1.204,0.029,99,99,0.71,0.016,1.447,0.019
573,1588.8,289.627,17.311,0.013,0.866,0.022,99,99,0.506,0.016,0.978,0.021
574,926.71,1012.3,17.32,0.012,0.906,0.02,99,99,0.579,0.014,1.106,0.019
575,1967.38,1601,17.323,0.012,1.946,0.036,99,99,1.176,0.014,2.284,0.014
576,673.683,1879.49,17.324,0.012,0.847,0.021,99,99,0.534,0.014,1.021,0.019
577,727.11,1764.65,17.324,0.012,0.842,0.02,99,99,0.486,0.014,0.941,0.019
578,195.659,1242.36,17.331,0.011,1.11,0.021,99,99,0.605,0.014,1.264,0.016
579,470.927,159.793,17.332,0.012,0.979,0.022,99,99,0.571,0.016,1.109,0.019
581,1755.8,867.436,17.338,0.013,0.849,0.021,99,99,0.497,0.016,1.009,0.021
582,905.621,1112.19,17.34,0.01,1.044,0.02,99,99,0.641,0.012,1.198,0.016
719,311.023,62.68,17.734,0.019,1.249,0.032,99,99,0.634,0.022,1.333,0.026
584,1343.13,1665.59,17.341,0.011,1.294,0.022,99,99,0.762,0.013,1.427,0.016
585,1402.26,1520.49,17.342,0.01,0.795,0.018,-0.014,0.066,0.513,0.012,0.995,0.016
586,218.698,1819.3,17.343,0.012,0.889,0.021,0.145,0.08,0.508,0.016,0.995,0.021
587,774.243,1803.2,17.344,0.011,0.919,0.019,99,99,0.545,0.013,1.039,0.017
588,984.36,1295.46,17.345,0.011,0.884,0.018,99,99,0.545,0.013,1,0.018
589,1808.76,1636.49,17.346,0.011,0.823,0.019,99,99,0.536,0.014,1.036,0.017
590,1045.1,1981.79,17.349,0.011,0.975,0.02,99,99,0.598,0.013,1.158,0.017
591,1020.63,1088.1,17.35,0.011,0.912,0.019,99,99,0.519,0.014,0.999,0.017
592,305.511,1123.32,17.352,0.011,0.933,0.02,99,99,0.563,0.013,1.109,0.017
862,128.528,1320,18.121,0.019,0.914,0.034,99,99,0.477,0.022,0.98,0.029
594,1247.13,470.344,17.355,0.012,0.931,0.022,99,99,0.543,0.015,1.002,0.019
595,1442.86,1105.12,17.356,0.011,0.905,0.019,99,99,0.581,0.014,1.111,0.019
596,459.973,159.219,17.357,0.01,0.916,0.019,99,99,0.541,0.013,1.079,0.017
597,1940.53,1509.44,17.358,0.014,2.265,0.048,99,99,1.386,0.015,2.718,0.016
598,931.699,675.284,17.361,0.022,0.975,0.029,99,99,0.568,0.023,1.139,0.026
599,1170.19,1237.45,17.363,0.011,0.888,0.021,99,99,0.539,0.014,0.975,0.019
600,393.951,203.946,17.367,0.013,1.133,0.023,99,99,0.641,0.016,1.299,0.02
601,699.545,1586.98,17.371,0.013,0.871,0.021,99,99,0.526,0.016,0.933,0.018
602,1251.33,1578.02,17.376,0.012,2.003,0.04,99,99,1.19,0.013,2.327,0.014
603,1147.11,576.635,17.376,0.012,0.998,0.026,99,99,0.551,0.017,1.045,0.019
604,388.36,1800.58,17.392,0.012,1.309,0.025,99,99,0.806,0.014,1.616,0.018
605,1864,183.109,17.394,0.018,1.061,0.028,99,99,0.54,0.02,1.077,0.025
606,856.745,1643.99,17.399,0.01,1.019,0.019,99,99,0.613,0.013,1.104,0.016
607,1482.74,1350.54,17.403,0.012,2.062,0.038,99,99,1.153,0.014,2.232,0.015
608,1425.61,1352.5,17.406,0.011,0.908,0.02,99,99,0.554,0.013,1.004,0.019
609,346.965,175.341,17.409,0.012,0.942,0.022,99,99,0.555,0.016,1.14,0.02
610,1988.22,685.559,17.411,0.019,0.634,0.03,99,99,0.503,0.025,0.949,0.035
611,1428.18,1762.17,17.418,0.011,0.923,0.022,99,99,0.598,0.013,1.125,0.017
612,1708.83,666.879,17.42,0.013,1.179,0.022,99,99,0.696,0.016,1.344,0.019
613,935.453,1634.75,17.42,0.013,1.055,0.022,99,99,0.618,0.015,1.162,0.023
614,711.15,1368.07,17.422,0.011,2.063,0.042,99,99,1.339,0.013,2.579,0.013
615,983.779,433.94,17.425,0.014,1.356,0.028,99,99,0.777,0.016,1.507,0.019
616,890.512,1522.01,17.43,0.013,0.762,0.021,99,99,0.511,0.016,0.943,0.022
617,1308.7,1585.49,17.43,0.012,0.84,0.02,99,99,0.528,0.015,0.93,0.019
618,1558.86,198.553,17.432,0.013,1.361,0.03,99,99,0.742,0.016,1.434,0.018
619,1334.32,1143.54,17.434,0.013,0.897,0.021,99,99,0.557,0.015,1.047,0.019
620,266.237,1838.86,17.438,0.013,1.196,0.024,99,99,0.777,0.016,1.413,0.019
621,1830.23,1098.01,17.444,0.01,0.952,0.02,99,99,0.555,0.014,1.081,0.018
622,433.426,323.341,17.448,0.011,1.402,0.029,99,99,0.745,0.013,1.45,0.016
623,447.305,112.147,17.451,0.233,0.916,0.253,99,99,0.718,0.222,1.348,0.243
624,1669.97,1385.65,17.451,0.011,1.166,0.022,99,99,0.73,0.013,1.514,0.015
625,1987.35,300.197,17.453,0.014,0.724,0.025,99,99,0.573,0.018,1.209,0.022
626,29.547,1226.51,17.457,0.011,1.355,0.024,99,99,0.829,0.014,1.698,0.016
627,1531.55,73.727,17.457,0.016,0.99,0.026,99,99,0.56,0.019,1.068,0.023
628,1777.69,563.002,17.459,0.016,1.079,0.027,99,99,0.584,0.019,1.23,0.025
629,456.404,121.915,17.465,0.011,1.101,0.025,99,99,0.592,0.014,1.118,0.019
630,1670.69,1976.96,17.467,0.016,0.938,0.026,99,99,0.619,0.019,1.171,0.024
631,94.702,1565,17.467,0.02,0.815,0.026,99,99,0.492,0.022,0.969,0.027
632,720.517,1926.2,17.471,0.028,0.793,0.048,99,99,0.481,0.043,0.911,0.047
633,1508.06,1382.42,17.472,0.014,0.919,0.023,99,99,0.583,0.016,1.082,0.02
634,632.479,1758.33,17.474,0.012,0.89,0.021,99,99,0.549,0.015,1.073,0.018
635,428.554,1612.46,17.474,0.013,0.875,0.022,99,99,0.518,0.015,0.972,0.019
636,867.716,1329.79,17.475,0.011,1.019,0.022,99,99,0.584,0.014,1.139,0.016
637,1325.43,1780.41,17.487,0.013,0.863,0.021,99,99,0.515,0.015,0.951,0.02
638,1497.94,1226.01,17.488,0.011,0.967,0.023,99,99,0.58,0.014,1.107,0.018
639,281.069,231.62,17.489,0.031,1.117,0.041,99,99,0.586,0.031,1.219,0.037
640,29.472,207.905,17.49,0.018,0.861,0.028,99,99,0.448,0.023,1.058,0.026
641,15.857,720.779,17.491,0.012,1.013,0.022,99,99,0.591,0.016,1.238,0.019
642,56.016,918.377,17.492,0.017,1.735,0.04,99,99,0.981,0.018,1.918,0.021
643,1026.73,1360.82,17.493,0.02,0.919,0.034,99,99,0.541,0.023,0.959,0.026
644,1657.74,1580.6,17.497,0.014,1.255,0.024,99,99,0.811,0.016,1.477,0.018
645,974.06,399.424,17.5,0.018,1.075,0.026,99,99,0.601,0.02,1.135,0.022
646,1996.72,1597.35,17.511,0.013,0.909,0.025,99,99,0.582,0.016,1.105,0.022
647,92.635,732.815,17.517,0.015,1.462,0.035,99,99,0.907,0.018,1.782,0.02
648,840.663,545.588,17.534,0.019,1.373,0.035,99,99,0.806,0.022,1.544,0.022
649,1207.22,555,17.534,0.019,1.004,0.028,99,99,0.635,0.022,1.21,0.026
650,1853.67,856.256,17.534,0.016,0.925,0.025,99,99,0.548,0.018,1.033,0.025
651,80.301,1815.1,17.538,0.016,0.909,0.027,99,99,0.583,0.019,1.145,0.025
652,506.854,277.875,17.541,0.016,1.022,0.031,99,99,0.556,0.019,1.058,0.023
653,800.862,1118.2,17.543,0.013,2.184,0.045,99,99,1.258,0.014,2.45,0.015
654,1184.2,1298.15,17.549,0.012,1.177,0.024,99,99,0.726,0.015,1.389,0.017
655,1633.43,1636.54,17.562,0.014,0.744,0.022,99,99,0.502,0.017,0.986,0.022
656,1494.35,1429.2,17.564,0.012,0.907,0.021,99,99,0.572,0.015,1.042,0.019
657,228.692,1563.54,17.57,0.039,0.938,0.053,99,99,0.547,0.048,0.985,0.055
658,110.992,238.851,17.571,0.015,0.92,0.027,99,99,0.532,0.018,1.022,0.022
659,456.121,662.649,17.579,0.014,1.043,0.026,99,99,0.649,0.018,1.287,0.02
660,1579.58,252.091,17.58,0.013,1.018,0.027,99,99,0.581,0.018,1.142,0.019
661,972.302,1033.29,17.581,0.013,0.985,0.024,99,99,0.567,0.016,1.052,0.022
662,1368.68,1083.39,17.583,0.014,1.031,0.025,99,99,0.618,0.017,1.207,0.02
663,1736.31,1821.57,17.584,0.013,0.796,0.024,99,99,0.558,0.015,1.063,0.02
664,1011.73,1597.2,17.586,0.014,1.387,0.029,99,99,0.913,0.016,1.71,0.018
665,925.793,416.315,17.591,0.016,1.143,0.028,99,99,0.627,0.018,1.25,0.023
666,1994.21,553.651,17.592,0.013,1.03,0.032,99,99,0.838,0.017,1.743,0.019
667,627.58,781.349,17.592,0.014,1.022,0.024,99,99,0.588,0.016,1.117,0.022
668,429.621,1005.1,17.597,0.012,0.944,0.021,99,99,0.572,0.014,1.13,0.019
669,1463.56,727.055,17.598,0.019,0.919,0.029,99,99,0.566,0.021,1.096,0.024
670,147.735,703.502,17.6,0.015,1.514,0.044,99,99,0.941,0.017,1.926,0.019
671,1655.8,1786.67,17.6,0.013,0.837,0.022,99,99,0.546,0.016,1.012,0.02
672,1483.3,1189.18,17.603,0.011,1.202,0.026,99,99,0.748,0.014,1.448,0.016
673,1918.72,1281.96,17.607,0.015,1.192,0.026,99,99,0.811,0.018,1.649,0.02
674,464.908,1320.38,17.611,0.013,0.989,0.024,99,99,0.592,0.015,1.13,0.021
675,1186.02,853.7,17.612,0.014,1.039,0.028,99,99,0.609,0.018,1.217,0.023
676,1501.29,831.955,17.613,0.018,1.223,0.028,99,99,0.743,0.019,1.49,0.023
1095,561.134,94.94,18.624,0.036,1.659,0.103,99,99,0.967,0.038,2.014,0.042
678,1446.24,1126.63,17.619,0.015,0.909,0.025,99,99,0.575,0.018,1.127,0.022
679,1632.19,174.623,17.622,0.014,1.008,0.032,99,99,0.595,0.018,1.162,0.019
680,1648.46,119.516,17.622,0.015,1.144,0.03,99,99,0.611,0.019,1.269,0.024
681,438.74,16.237,17.624,0.018,0.957,0.029,99,99,0.497,0.02,1.064,0.025
682,915.942,1827.83,17.624,0.013,0.935,0.024,99,99,0.531,0.016,0.99,0.023
683,878.504,1432.34,17.625,0.013,0.945,0.025,99,99,0.612,0.018,1.083,0.023
684,1107.79,1987.34,17.626,0.014,1.056,0.027,99,99,0.606,0.018,1.215,0.022
685,571.585,1375.12,17.627,0.013,1.42,0.039,99,99,0.851,0.014,1.719,0.017
686,1598.16,764.892,17.63,0.013,1.009,0.028,99,99,0.577,0.017,1.148,0.019
1251,1388.67,150.08,19.101,0.045,1.439,0.103,99,99,0.959,0.051,1.9,0.054
688,1401.82,1104.63,17.639,0.015,0.882,0.024,99,99,0.545,0.018,1.073,0.022
874,2014.36,1293.27,18.172,0.027,0.801,0.045,99,99,0.476,0.033,1.102,0.036
690,763.283,360.219,17.643,0.013,1.156,0.028,99,99,0.657,0.017,1.304,0.02
691,215.727,1130.3,17.646,0.016,0.963,0.029,99,99,0.525,0.02,0.957,0.025
692,252.849,1046.2,17.649,0.013,0.953,0.023,99,99,0.612,0.015,1.189,0.02
693,448.126,1839.51,17.654,0.015,1.24,0.032,99,99,0.737,0.019,1.453,0.022
694,132.887,213.752,17.66,0.016,0.932,0.032,99,99,0.519,0.019,1.006,0.024
695,296.709,1896.45,17.663,0.021,0.823,0.032,99,99,0.527,0.025,1.017,0.03
696,1242.17,953.599,17.664,0.018,1.363,0.04,99,99,0.874,0.02,1.643,0.023
698,1040.13,1701.42,17.671,0.013,0.857,0.022,99,99,0.527,0.016,0.982,0.021
699,1605.16,920.679,17.672,0.015,0.954,0.033,99,99,0.586,0.02,1.143,0.024
700,219.288,3.703,17.673,0.037,1.524,0.056,99,99,0.834,0.044,1.7,0.05
701,1470.01,1929.12,17.675,0.013,0.936,0.022,99,99,0.578,0.015,1.082,0.02
703,476.068,878.793,17.684,0.015,2.179,0.063,99,99,1.285,0.016,2.514,0.017
704,1715.91,11.143,17.691,0.018,1.37,0.034,99,99,0.678,0.021,1.359,0.024
705,1672.97,1970.9,17.694,0.025,0.912,0.036,99,99,0.559,0.03,1.126,0.034
706,197.716,107.048,17.699,0.013,1.081,0.03,99,99,0.592,0.018,1.268,0.022
707,972.307,1347.88,17.704,0.014,1.031,0.027,99,99,0.628,0.017,1.18,0.02
878,313.411,1687.64,18.177,0.024,1.036,0.041,99,99,0.655,0.026,1.325,0.032
709,1086.88,1243.83,17.705,0.014,0.992,0.026,99,99,0.604,0.017,1.187,0.02
710,943.089,981.593,17.705,0.021,1.044,0.034,99,99,0.642,0.028,1.08,0.026
711,1817.82,391.266,17.706,0.02,1.411,0.038,99,99,0.813,0.022,1.536,0.025
712,36.513,216.328,17.712,0.018,1.086,0.031,99,99,0.595,0.021,1.149,0.025
713,237.254,438.46,17.713,0.018,1.335,0.033,99,99,0.759,0.02,1.455,0.025
714,142.234,1450.07,17.719,0.013,1.052,0.03,99,99,0.615,0.015,1.207,0.019
715,572.437,1874.51,17.725,0.013,0.813,0.026,99,99,0.571,0.017,1.08,0.022
716,1308.27,1080.54,17.728,0.016,0.946,0.024,99,99,0.531,0.018,1.049,0.024
717,780.888,134.938,17.73,0.027,1.33,0.051,99,99,0.663,0.031,1.361,0.034
718,1467.62,51.701,17.734,0.022,1.125,0.037,99,99,0.602,0.023,1.143,0.029
720,1368.45,1623.52,17.735,0.018,1.082,0.029,99,99,0.692,0.02,1.237,0.023
721,1221.95,1521.4,17.738,0.014,1.112,0.028,99,99,0.733,0.016,1.429,0.02
722,1112.01,1673.41,17.739,0.015,1.049,0.029,99,99,0.648,0.018,1.296,0.02
723,235.991,713.869,17.752,0.019,1.11,0.03,99,99,0.635,0.023,1.264,0.028
724,1676.29,1689.66,17.754,0.013,1.356,0.031,99,99,0.793,0.015,1.533,0.019
725,849.559,522.422,17.757,0.018,1.06,0.034,99,99,0.619,0.021,1.221,0.026
726,540.215,256.437,17.761,0.015,1.174,0.037,99,99,0.675,0.018,1.37,0.022
727,1284.43,140.576,17.765,0.016,0.985,0.029,99,99,0.555,0.019,1.065,0.023
728,1539.5,319.128,17.775,0.02,1.233,0.033,99,99,0.699,0.021,1.359,0.025
730,586.995,293.682,17.78,0.015,1.343,0.037,99,99,0.863,0.025,1.626,0.021
731,1252.7,321.601,17.781,0.018,1.08,0.032,99,99,0.628,0.02,1.26,0.024
732,1997.35,1213.53,17.785,0.016,0.932,0.03,99,99,0.592,0.019,1.091,0.023
733,1126.53,1618.39,17.797,0.015,0.906,0.025,99,99,0.587,0.02,1.049,0.021
734,1563.37,1776.32,17.798,0.014,1.104,0.031,99,99,0.73,0.021,1.44,0.02
735,1820.37,941.331,17.799,0.018,0.927,0.03,99,99,0.552,0.02,1.118,0.026
736,1433.53,296.748,17.8,0.019,1.514,0.044,99,99,0.905,0.02,1.842,0.023
737,828.809,1628.81,17.802,0.014,1.017,0.028,99,99,0.596,0.017,1.121,0.023
738,662.57,878.951,17.803,0.015,1.287,0.034,99,99,0.852,0.018,1.647,0.02
739,1520.48,147.111,17.804,0.018,1.134,0.037,99,99,0.639,0.02,1.244,0.025
740,1084.46,268.731,17.807,0.016,1.165,0.034,99,99,0.668,0.019,1.298,0.023
741,1559.33,10.571,17.808,0.018,1.184,0.037,99,99,0.604,0.022,1.218,0.025
742,1445.64,668.329,17.809,0.015,0.979,0.032,99,99,0.599,0.019,1.168,0.024
743,655.119,1324.95,17.811,0.018,1.517,0.04,99,99,0.907,0.019,1.758,0.022
744,900.107,674.802,17.814,0.016,1.199,0.035,99,99,0.709,0.019,1.284,0.024
745,616.394,1843.87,17.815,0.018,2.044,0.055,99,99,1.244,0.018,2.386,0.021
746,103.227,1995.16,17.818,0.021,0.943,0.033,99,99,0.453,0.024,1.019,0.03
1269,881.518,1717.05,19.159,0.041,1,0.083,99,99,0.746,0.047,1.338,0.058
748,871.573,1542.45,17.827,0.017,1.945,0.06,99,99,1.155,0.017,2.248,0.019
749,378.665,1390.47,17.831,0.015,0.954,0.026,99,99,0.575,0.018,1.091,0.024
750,1435.2,920.45,17.835,0.014,1.236,0.036,99,99,0.806,0.017,1.446,0.022
751,1740.04,192.7,17.837,0.032,1.063,0.055,99,99,0.59,0.045,1.151,0.053
752,728.684,1986.49,17.84,0.017,2.261,0.07,99,99,1.256,0.017,2.464,0.019
753,455.888,280.147,17.842,0.018,1.022,0.028,99,99,0.59,0.02,1.201,0.025
754,1666.81,1853.17,17.851,0.015,0.893,0.027,99,99,0.545,0.019,1.034,0.023
755,136.771,976.423,17.856,0.02,1.077,0.035,99,99,0.527,0.021,1.063,0.028
756,11.344,2006.23,17.857,0.026,1.379,0.046,99,99,0.647,0.028,1.488,0.034
757,1120.2,763.79,17.858,0.015,0.991,0.034,99,99,0.606,0.021,1.181,0.025
758,1297.37,1385.88,17.86,0.016,1.039,0.027,99,99,0.621,0.02,1.208,0.025
759,1869.85,44.424,17.867,0.018,1.523,0.05,99,99,0.858,0.02,1.71,0.022
760,1548.32,814.753,17.869,0.016,1.085,0.029,99,99,0.609,0.021,1.181,0.026
761,1486.62,1567.59,17.872,0.018,0.868,0.028,99,99,0.58,0.02,1.07,0.027
762,1881.72,1333.14,17.872,0.015,0.947,0.03,99,99,0.564,0.019,1.062,0.027
1254,1912.42,692.28,19.105,0.045,1.183,0.088,99,99,0.737,0.051,1.395,0.064
764,1084.87,951.264,17.88,0.019,1.228,0.039,99,99,0.77,0.022,1.509,0.024
765,801.588,1679.74,17.881,0.018,0.98,0.035,99,99,0.55,0.022,1.074,0.025
766,997.99,1161.81,17.885,0.014,1.005,0.03,99,99,0.638,0.017,1.2,0.022
767,757.707,36.817,17.887,0.019,1.099,0.04,99,99,0.641,0.021,1.301,0.024
768,677.253,1872.47,17.887,0.021,0.919,0.033,99,99,0.497,0.023,0.995,0.027
769,1149.3,717.515,17.895,0.018,1.237,0.041,99,99,0.686,0.022,1.228,0.023
770,1529.46,1569.86,17.895,0.019,0.881,0.028,99,99,0.546,0.021,1.065,0.025
771,935.4,412.399,17.903,0.019,0.976,0.031,99,99,0.546,0.022,1.058,0.027
772,1552.95,476.856,17.906,0.02,0.977,0.034,99,99,0.563,0.022,1.115,0.028
773,144.341,1881.02,17.906,0.014,0.927,0.027,99,99,0.565,0.018,1.139,0.025
774,497.966,1872.46,17.907,0.02,0.968,0.029,99,99,0.615,0.023,1.128,0.029
775,1004.8,1935.06,17.908,0.024,0.901,0.046,99,99,0.528,0.03,1.015,0.035
776,887.234,1366.62,17.909,0.018,1.257,0.033,99,99,0.753,0.021,1.458,0.023
777,1978.07,61.017,17.915,0.016,0.488,0.03,99,99,0.552,0.021,1.228,0.032
778,1609.55,299.294,17.92,0.02,1.198,0.039,99,99,0.655,0.021,1.261,0.025
779,1959.82,109.468,17.921,0.016,0.916,0.028,99,99,0.563,0.021,1.092,0.032
780,1136.97,550.543,17.922,0.019,1.044,0.04,99,99,0.62,0.023,1.233,0.026
781,265.315,858.247,17.93,0.022,1.224,0.038,99,99,0.813,0.024,1.668,0.026
782,1756.4,23.737,17.931,0.016,1.082,0.031,99,99,0.632,0.021,1.232,0.025
783,1353.77,561.859,17.932,0.022,1.176,0.034,99,99,0.695,0.025,1.361,0.027
784,1962.57,1665.45,17.932,0.014,0.977,0.032,99,99,0.585,0.018,1.176,0.022
785,1533.52,935.608,17.933,0.023,1.148,0.038,99,99,0.754,0.025,1.451,0.029
786,1544.8,1132.34,17.939,0.016,1.062,0.03,99,99,0.619,0.021,1.264,0.023
787,256.508,1333.23,17.94,0.016,1.12,0.035,99,99,0.645,0.019,1.372,0.023
788,458.266,144.581,17.941,0.021,0.979,0.034,99,99,0.522,0.023,1.068,0.03
789,1923.81,1343.91,17.947,0.018,0.896,0.045,99,99,0.553,0.021,1.108,0.027
790,1780.49,1897.59,17.948,0.018,1.061,0.032,99,99,0.669,0.02,1.233,0.026
791,1522.24,426.012,17.95,0.019,0.912,0.034,99,99,0.639,0.022,1.176,0.027
792,739.966,1367.84,17.953,0.018,0.942,0.029,99,99,0.585,0.02,1.187,0.028
793,32.21,1844.16,17.959,0.02,1.205,0.044,99,99,0.757,0.022,1.408,0.026
794,380.297,536.829,17.961,0.025,1.101,0.04,99,99,0.595,0.026,1.079,0.036
795,1301.55,349.868,17.963,0.014,1.04,0.034,99,99,0.618,0.019,1.201,0.027
796,1592.28,366.099,17.963,0.021,0.985,0.035,99,99,0.589,0.024,1.157,0.029
797,572.651,140.721,17.965,0.018,1.367,0.04,99,99,0.875,0.019,1.794,0.022
798,1253.52,1928.42,17.967,0.041,0.951,0.059,99,99,0.646,0.058,1.138,0.065
799,899.654,1271.69,17.969,0.015,0.95,0.029,99,99,0.564,0.018,1.131,0.025
800,624.289,348.212,17.971,0.02,1.109,0.036,99,99,0.576,0.023,1.129,0.028
801,621.793,660.73,17.972,0.02,1.12,0.037,99,99,0.663,0.022,1.331,0.027
802,1327.66,1365.35,17.987,0.018,1.157,0.035,99,99,0.75,0.02,1.458,0.024
803,853.851,1534.81,17.989,0.015,0.903,0.032,99,99,0.539,0.02,1.118,0.024
804,1613.15,33.626,17.99,0.018,1.756,0.062,99,99,0.982,0.019,2.045,0.022
805,1597.38,117.921,17.991,0.021,1.274,0.041,99,99,0.731,0.025,1.358,0.029
806,1149.51,597.701,17.994,0.019,1.363,0.043,99,99,0.821,0.021,1.636,0.024
807,1545.46,415.974,17.995,0.018,1.033,0.036,99,99,0.638,0.022,1.217,0.026
808,433.587,1116.98,17.997,0.02,1.57,0.047,99,99,0.911,0.021,1.859,0.023
809,764.578,1834.76,17.999,0.022,1.327,0.04,99,99,0.924,0.023,1.802,0.026
810,906.13,259.209,18,0.02,1.03,0.039,99,99,0.592,0.022,1.186,0.03
811,792.483,1292.94,18.002,0.019,1.248,0.035,99,99,0.708,0.021,1.443,0.024
812,155.092,876.442,18.006,0.02,1.049,0.042,99,99,0.615,0.022,1.181,0.028
813,1148.77,1751.89,18.008,0.019,1.02,0.032,99,99,0.517,0.021,1.049,0.026
814,1937.74,983.729,18.01,0.02,1.222,0.041,99,99,0.735,0.023,1.424,0.026
815,403.947,527.746,18.012,0.025,1.017,0.042,99,99,0.616,0.026,1.176,0.034
817,666.974,861.508,18.022,0.019,1.294,0.035,99,99,0.769,0.022,1.529,0.026
818,1169.38,1769.11,18.028,0.021,1.162,0.039,99,99,0.75,0.022,1.453,0.027
819,38.505,1788.78,18.028,0.019,1.025,0.032,99,99,0.603,0.023,1.104,0.028
821,1406.21,1817.45,18.036,0.021,0.819,0.032,99,99,0.559,0.025,1.047,0.031
822,726.752,290.811,18.038,0.019,1.013,0.034,99,99,0.585,0.023,1.18,0.028
823,209.103,1177.77,18.04,0.02,1.149,0.038,99,99,0.632,0.023,1.254,0.03
824,1450.28,1144.12,18.041,0.021,0.926,0.032,99,99,0.602,0.023,1.143,0.031
825,297.566,1393.78,18.042,0.02,1.013,0.033,99,99,0.622,0.022,1.269,0.028
826,745.657,1379.18,18.045,0.02,0.957,0.031,99,99,0.522,0.023,0.982,0.029
827,1396.81,1684.11,18.048,0.019,1.024,0.036,99,99,0.608,0.021,1.152,0.027
828,1849.05,161.881,18.049,0.03,2.737,0.108,99,99,1.531,0.03,3.017,0.032
829,1526.92,715.279,18.05,0.025,1.033,0.044,99,99,0.575,0.028,1.112,0.032
830,481.556,1188.69,18.054,0.021,1.765,0.051,99,99,1.054,0.021,2.048,0.023
831,280.705,210.404,18.056,0.021,1.015,0.037,99,99,0.573,0.024,1.063,0.034
832,389.967,1117.51,18.058,0.031,1.06,0.048,99,99,0.682,0.041,1.326,0.058
833,1391.59,709.918,18.059,0.018,0.975,0.03,99,99,0.534,0.024,1.012,0.028
834,1578.14,969.008,18.062,0.018,1.015,0.038,99,99,0.655,0.021,1.276,0.024
835,1977.55,1226.79,18.063,0.021,0.989,0.037,99,99,0.562,0.032,1.023,0.029
836,701.966,479.701,18.064,0.019,1.12,0.043,99,99,0.717,0.023,1.421,0.024
837,1226.08,735.16,18.066,0.025,1.115,0.047,99,99,0.658,0.028,1.262,0.032
838,1340.6,1150.76,18.068,0.02,1.046,0.036,99,99,0.666,0.022,1.257,0.027
839,698.193,409.619,18.07,0.02,1.344,0.044,99,99,0.866,0.022,1.822,0.024
840,1877.71,100,18.076,0.021,1.074,0.039,99,99,0.662,0.027,1.453,0.043
841,292.277,766.473,18.077,0.024,1.149,0.038,99,99,0.731,0.026,1.326,0.032
842,831.459,1254.39,18.085,0.018,1.022,0.034,99,99,0.559,0.021,1.156,0.028
843,1348.4,1814.06,18.086,0.021,1.009,0.039,99,99,0.629,0.023,1.181,0.028
844,1580.36,1476.26,18.088,0.021,0.916,0.033,99,99,0.682,0.025,1.24,0.031
845,922.294,1772.24,18.089,0.02,1.183,0.037,99,99,0.733,0.021,1.423,0.025
846,1667.56,581.414,18.089,0.022,1.101,0.049,99,99,0.599,0.026,1.177,0.03
847,273.602,1844.7,18.092,0.022,1.09,0.043,99,99,0.67,0.025,1.271,0.029
848,576.681,375.146,18.093,0.021,1.091,0.041,99,99,0.666,0.023,1.299,0.029
849,309.478,160.668,18.094,0.023,1.041,0.037,99,99,0.594,0.025,1.187,0.04
850,175.008,1551.98,18.096,0.021,0.958,0.036,99,99,0.618,0.024,1.185,0.028
851,75.135,746.978,18.1,0.021,1.135,0.05,99,99,0.656,0.024,1.324,0.029
852,428.254,184.554,18.101,0.026,1.08,0.039,99,99,0.633,0.028,1.287,0.032
853,1416.13,210.519,18.104,0.02,1.24,0.039,99,99,0.72,0.022,1.343,0.026
854,1455.02,1554.49,18.106,0.022,1.12,0.042,99,99,0.697,0.024,1.267,0.031
855,1114.5,1803.29,18.107,0.022,1.23,0.039,99,99,0.77,0.024,1.567,0.026
936,906.484,1601.51,18.302,0.026,1.148,0.053,99,99,0.695,0.028,1.383,0.036
857,78.387,989.701,18.115,0.025,1.355,0.054,99,99,0.911,0.027,1.807,0.031
858,549.903,410.414,18.116,0.024,1.143,0.048,99,99,0.644,0.026,1.267,0.032
859,870.187,1580.55,18.118,0.022,1.044,0.036,99,99,0.611,0.025,1.155,0.03
860,1018.47,1003.55,18.119,0.024,2.497,0.099,99,99,1.466,0.025,2.883,0.026
861,266.718,1484.1,18.119,0.02,0.941,0.039,99,99,0.521,0.025,1.064,0.031
1312,1941.47,816.738,19.592,0.078,1.463,0.21,99,99,0.835,0.082,1.752,0.096
864,1923.64,408.619,18.127,0.021,1.142,0.047,99,99,0.755,0.025,1.375,0.032
865,1518.2,1756.57,18.127,0.029,1.074,0.043,99,99,0.615,0.031,1.187,0.037
866,987.012,1235.57,18.133,0.026,1.036,0.039,99,99,0.638,0.03,1.295,0.037
867,746.169,644.778,18.135,0.023,1.138,0.042,99,99,0.649,0.027,1.243,0.03
868,1170.31,1954.07,18.149,0.021,1.01,0.041,99,99,0.656,0.024,1.28,0.028
869,1104.4,1403.03,18.15,0.021,0.954,0.039,99,99,0.552,0.025,1.109,0.031
870,682.937,1470.56,18.151,0.024,0.934,0.04,99,99,0.535,0.027,1.063,0.034
871,1158.16,679.723,18.158,0.024,1.515,0.054,99,99,0.944,0.027,1.942,0.028
872,439.765,1297.29,18.163,0.021,1.009,0.04,99,99,0.606,0.024,1.124,0.031
873,1834.4,1794.1,18.171,0.02,1.013,0.039,99,99,0.695,0.025,1.393,0.028
875,1801.04,47.921,18.174,0.023,1.072,0.046,99,99,0.624,0.026,1.22,0.034
876,1670.83,1495.27,18.175,0.021,0.891,0.041,99,99,0.575,0.024,1.03,0.034
877,611.503,1639.94,18.176,0.022,1.898,0.064,99,99,1.103,0.023,2.182,0.025
879,185.91,1929.6,18.177,0.048,1.24,0.072,99,99,0.731,0.064,0.951,0.2
880,1003.94,1276.85,18.181,0.022,0.954,0.037,99,99,0.664,0.026,1.245,0.03
881,1584.16,1758.85,18.181,0.019,0.976,0.038,99,99,0.556,0.023,1.112,0.029
882,1204.36,1424.28,18.185,0.021,1.023,0.038,99,99,0.537,0.025,1.092,0.035
883,988.084,1456.76,18.186,0.025,1.175,0.041,99,99,0.748,0.026,1.498,0.032
884,1658.52,1761.24,18.193,0.022,1.114,0.043,99,99,0.743,0.024,1.501,0.027
885,1228.17,883.481,18.195,0.026,1.088,0.052,99,99,0.591,0.033,1.176,0.039
886,302.24,1750.3,18.196,0.021,0.922,0.04,99,99,0.549,0.025,1.088,0.035
887,757.917,631.899,18.199,0.022,1.352,0.057,99,99,0.814,0.025,1.479,0.028
888,1703.56,1821.21,18.203,0.019,0.976,0.038,99,99,0.656,0.022,1.28,0.026
889,1216.72,1583.69,18.205,0.025,1.126,0.042,99,99,0.676,0.026,1.36,0.032
890,1278.47,1351.04,18.206,0.021,2.19,0.082,99,99,1.223,0.023,2.363,0.023
891,1654.28,643.172,18.206,0.022,1.161,0.052,99,99,0.651,0.025,1.238,0.029
892,798.179,1920.79,18.213,0.024,1.145,0.046,99,99,0.718,0.026,1.428,0.029
893,1601.99,1262.67,18.214,0.021,0.963,0.039,99,99,0.62,0.026,1.251,0.03
894,211.072,1425.45,18.214,0.021,1.003,0.038,99,99,0.607,0.024,1.185,0.03
895,918.051,198.181,18.214,0.023,1.136,0.046,99,99,0.613,0.028,1.186,0.034
896,1653.22,232.212,18.218,0.024,1.709,0.071,99,99,0.974,0.027,1.991,0.028
897,582.956,1672.05,18.218,0.024,0.916,0.037,99,99,0.563,0.027,1.067,0.036
898,650.737,939.504,18.22,0.022,1.224,0.047,99,99,0.667,0.026,1.235,0.03
900,253.584,1829.85,18.222,0.032,1.005,0.047,99,99,0.677,0.044,1.324,0.062
901,718.124,1041.89,18.228,0.022,0.985,0.039,99,99,0.629,0.024,1.206,0.03
902,610.401,1817.42,18.236,0.023,0.849,0.037,99,99,0.532,0.026,1.024,0.034
903,1276.66,1457.15,18.237,0.022,1.204,0.049,99,99,0.762,0.025,1.517,0.03
904,1931.96,149.128,18.237,0.027,1.071,0.045,99,99,0.617,0.03,1.266,0.038
905,53.283,1491.68,18.252,0.021,1.316,0.05,99,99,0.763,0.023,1.599,0.029
906,1262.4,613.073,18.253,0.023,1.269,0.057,99,99,0.696,0.029,1.355,0.034
907,124.345,218.136,18.257,0.026,1.125,0.058,99,99,0.656,0.029,1.366,0.034
908,1572.36,1223.44,18.258,0.022,0.934,0.037,99,99,0.547,0.026,1.075,0.033
909,1112.22,1782.19,18.262,0.024,1.103,0.042,99,99,0.659,0.027,1.328,0.032
910,1184.78,584.849,18.265,0.035,1.08,0.06,99,99,0.692,0.04,1.294,0.05
911,1631.44,280.689,18.268,0.023,1.488,0.063,99,99,0.856,0.025,1.698,0.029
912,185.137,606.688,18.268,0.023,1.263,0.049,99,99,0.797,0.026,1.614,0.029
913,1595.67,1835.65,18.269,0.024,1.043,0.043,99,99,0.641,0.026,1.242,0.034
914,1661.58,637.665,18.27,0.023,1.06,0.044,99,99,0.708,0.026,1.382,0.038
915,1615.54,281.1,18.27,0.023,1.082,0.051,99,99,0.601,0.028,1.207,0.032
916,1314.59,615.012,18.27,0.023,1.101,0.049,99,99,0.644,0.029,1.235,0.034
917,1102.63,1903.2,18.271,0.026,1.128,0.049,99,99,0.615,0.028,1.197,0.035
918,992.445,198.935,18.276,0.029,1.431,0.053,99,99,0.884,0.031,1.735,0.033
919,623.578,512.339,18.278,0.024,1.143,0.042,99,99,0.659,0.027,1.346,0.031
1197,1453.95,101.402,18.918,0.057,1.241,0.114,99,99,0.615,0.064,1.191,0.079
921,1159.34,404.152,18.279,0.018,1.309,0.054,99,99,0.673,0.024,1.426,0.026
922,1477.29,397.799,18.279,0.03,1.105,0.049,99,99,0.614,0.035,1.213,0.046
923,1666.05,1488.82,18.282,0.022,1.001,0.042,99,99,0.751,0.025,1.302,0.03
924,1964.71,424.29,18.284,0.025,1.168,0.041,99,99,0.717,0.027,1.38,0.035
925,295.678,1699.45,18.288,0.026,1.563,0.061,99,99,0.946,0.027,1.953,0.031
926,585.536,1922.77,18.29,0.024,1.106,0.051,99,99,0.699,0.028,1.438,0.03
927,630.252,943.094,18.29,0.022,1.141,0.047,99,99,0.617,0.026,1.239,0.031
928,1579.41,634.591,18.29,0.025,0.985,0.048,99,99,0.598,0.028,1.144,0.033
929,1218.79,82.105,18.29,0.026,1.132,0.055,99,99,0.603,0.03,1.235,0.037
930,569.021,829.386,18.292,0.026,1.067,0.051,99,99,0.644,0.028,1.236,0.035
931,605.606,1664.62,18.292,0.022,0.908,0.036,99,99,0.605,0.025,1.157,0.031
932,1542.65,1100.68,18.297,0.029,1.053,0.054,99,99,0.537,0.032,1.046,0.04
933,132.567,1676.04,18.298,0.027,1.011,0.044,99,99,0.669,0.037,1.224,0.043
934,1798.04,1135.13,18.3,0.023,1.329,0.05,99,99,0.828,0.025,1.647,0.028
935,696.7,1726.53,18.301,0.024,0.928,0.04,99,99,0.5,0.027,0.99,0.037
937,1619.81,1239.46,18.303,0.026,1.015,0.045,99,99,0.626,0.028,1.267,0.034
938,1432.13,1071.08,18.304,0.024,2.145,0.078,99,99,1.195,0.025,2.336,0.027
939,1541.23,455.367,18.306,0.025,1.066,0.043,99,99,0.656,0.028,1.203,0.037
940,263.996,1881.12,18.312,0.025,1.26,0.057,99,99,0.84,0.027,1.643,0.031
941,1611.34,580.272,18.313,0.021,1.161,0.059,99,99,0.647,0.025,1.355,0.029
942,513.802,1136.31,18.317,0.024,1.09,0.043,99,99,0.613,0.027,1.243,0.032
943,1041.73,1661.6,18.318,0.024,2.034,0.081,99,99,1.179,0.025,2.312,0.027
944,585.645,682.893,18.318,0.027,1.487,0.069,99,99,0.878,0.028,1.728,0.032
945,219.747,1356.68,18.318,0.027,1.095,0.047,99,99,0.674,0.028,1.22,0.035
946,1587.89,1391.58,18.322,0.024,1.447,0.05,99,99,0.863,0.025,1.762,0.029
947,1370.38,1815.07,18.328,0.027,1.182,0.049,99,99,0.866,0.03,1.808,0.034
948,1728,1446.03,18.328,0.028,1.295,0.054,99,99,0.768,0.03,1.515,0.034
949,1305.75,1306.83,18.328,0.022,1.156,0.043,99,99,0.672,0.026,1.249,0.034
950,1650.34,1263.91,18.329,0.024,1.442,0.058,99,99,0.876,0.026,1.731,0.029
951,712.499,318.534,18.331,0.026,1.153,0.045,99,99,0.609,0.028,1.272,0.034
952,1453.12,661.747,18.332,0.026,1.048,0.047,99,99,0.677,0.029,1.3,0.038
953,6.637,1893.66,18.332,0.026,1.208,0.05,99,99,0.685,0.03,1.32,0.04
954,1277.21,57.634,18.337,0.025,1.244,0.05,99,99,0.778,0.029,1.455,0.033
955,718.817,249.856,18.339,0.026,1.27,0.052,99,99,0.812,0.029,1.601,0.033
956,1045.98,1141.79,18.339,0.023,1.314,0.049,99,99,0.816,0.026,1.56,0.03
957,1221.78,243.317,18.341,0.03,1.275,0.061,99,99,0.723,0.035,1.48,0.043
958,425.066,1721.56,18.347,0.026,2.615,0.121,99,99,1.558,0.026,3.06,0.029
959,944.085,461.028,18.35,0.031,1.122,0.052,99,99,0.712,0.033,1.373,0.038
960,797.125,607.398,18.353,0.036,1.075,0.065,99,99,0.628,0.038,1.21,0.045
961,497.714,1510.82,18.354,0.027,1.04,0.044,99,99,0.621,0.03,1.22,0.038
962,1911.38,354.572,18.356,0.028,1.084,0.05,99,99,0.695,0.032,1.362,0.038
963,134.277,752.418,18.356,0.03,1.116,0.06,99,99,0.687,0.034,1.208,0.043
964,1975.03,259.695,18.359,0.029,0.998,0.053,99,99,0.692,0.031,1.342,0.04
965,370.447,1576.31,18.363,0.028,1.082,0.057,99,99,0.749,0.03,1.488,0.038
966,1435.11,864.714,18.364,0.027,1.505,0.067,99,99,0.997,0.029,1.942,0.033
967,509.591,6.629,18.364,0.027,1.306,0.062,99,99,0.736,0.031,1.922,0.055
969,157.407,1731.45,18.368,0.026,1.277,0.058,99,99,0.654,0.03,1.391,0.033
970,743.735,1194.87,18.372,0.028,1.341,0.054,99,99,0.782,0.031,1.585,0.035
971,1923.17,598.196,18.372,0.024,0.963,0.05,99,99,0.656,0.029,1.274,0.041
972,1916.02,1317.91,18.372,0.029,0.952,0.051,99,99,0.552,0.031,1.098,0.04
973,658.375,716.159,18.374,0.026,1.212,0.046,99,99,0.749,0.029,1.39,0.035
974,281.871,1743.4,18.375,0.026,1.313,0.056,99,99,0.748,0.03,1.38,0.037
975,1384.3,1493.69,18.381,0.025,1.067,0.047,99,99,0.69,0.027,1.249,0.033
976,19.606,912.925,18.386,0.028,0.972,0.044,99,99,0.652,0.032,1.139,0.039
977,1747.76,1845.36,18.389,0.028,1.305,0.059,99,99,0.876,0.033,1.703,0.04
978,1184.51,1986.04,18.389,0.03,1.015,0.047,99,99,0.57,0.033,1.119,0.043
979,998.311,1632.94,18.391,0.023,1.1,0.044,99,99,0.703,0.024,1.361,0.033
980,935.956,1864.14,18.391,0.026,0.904,0.038,99,99,0.556,0.029,1.095,0.038
981,1194.52,10.168,18.394,0.034,1.505,0.079,99,99,0.886,0.037,1.859,0.04
982,1757.81,1340.9,18.397,0.029,1.075,0.045,99,99,0.669,0.031,1.281,0.038
983,969.167,359.915,18.4,0.035,1.152,0.055,99,99,0.703,0.037,1.3,0.045
984,998.943,1130.21,18.402,0.028,1.189,0.051,99,99,0.708,0.031,1.48,0.035
985,1016.18,1506.44,18.405,0.026,1.046,0.049,99,99,0.587,0.03,1.165,0.037
986,1705.48,406.028,18.406,0.024,1.418,0.064,99,99,0.853,0.03,1.738,0.031
987,1070.73,1490.68,18.406,0.022,1.298,0.051,99,99,0.882,0.024,1.594,0.029
988,1251.17,1957.22,18.409,0.024,1.046,0.048,99,99,0.665,0.028,1.296,0.036
989,1138.98,998.354,18.409,0.025,1.139,0.047,99,99,0.582,0.031,1.156,0.039
990,1775.13,1386.08,18.411,0.03,1.452,0.061,99,99,0.879,0.031,1.671,0.036
991,151.298,979.371,18.412,0.029,1.251,0.081,99,99,0.787,0.032,1.604,0.036
992,712.444,1402.15,18.412,0.026,1.355,0.057,99,99,0.827,0.028,1.608,0.033
993,1047.65,258.72,18.417,0.03,1.256,0.064,99,99,0.703,0.033,1.423,0.037
994,194.309,1552.6,18.417,0.024,1.175,0.044,99,99,0.647,0.028,1.3,0.036
995,10.459,1081.85,18.423,0.028,1.142,0.049,99,99,0.743,0.031,1.454,0.036
996,1164.29,1302.54,18.424,0.028,1.069,0.051,99,99,0.656,0.031,1.187,0.038
997,330.905,1317.49,18.426,0.034,0.993,0.058,99,99,0.54,0.037,1.124,0.042
998,1390.66,1860.22,18.428,0.025,1.37,0.051,99,99,0.824,0.027,1.621,0.032
999,75.964,670.954,18.429,0.033,1.314,0.079,99,99,0.731,0.035,1.475,0.039
1000,1898.94,702.864,18.429,0.028,1.04,0.055,99,99,0.781,0.031,1.454,0.041
1001,737.373,1332.35,18.433,0.026,2.155,0.086,99,99,1.347,0.026,2.587,0.029
1002,1353.01,1998.84,18.433,0.026,1.56,0.079,99,99,1.092,0.028,2.454,0.029
1003,866.961,1295.5,18.436,0.024,1.128,0.045,99,99,0.764,0.025,1.331,0.033
1004,1645.07,1195.67,18.438,0.026,1.155,0.05,99,99,0.731,0.029,1.53,0.035
1005,1997.68,188.183,18.439,0.029,0.657,0.053,99,99,0.607,0.034,1.529,0.044
1006,1119.17,419.923,18.444,0.027,1.029,0.051,99,99,0.676,0.03,1.326,0.038
1007,1152.73,1014.4,18.445,0.036,1.354,0.064,99,99,0.71,0.041,1.415,0.046
1008,489.514,1191.72,18.446,0.023,1.266,0.055,99,99,0.782,0.026,1.564,0.031
1009,1147.57,1014.47,18.451,0.037,1.201,0.07,99,99,0.732,0.044,1.419,0.05
1010,1784.77,230.652,18.451,0.03,1.106,0.05,99,99,0.626,0.035,1.22,0.041
1011,787.036,1340.09,18.452,0.03,1.013,0.053,99,99,0.661,0.033,1.249,0.043
1012,1336.53,484.765,18.453,0.028,1.243,0.058,99,99,0.723,0.031,1.362,0.036
1013,1869.97,61.65,18.456,0.034,1.637,0.097,99,99,0.877,0.041,1.749,0.045
1014,1793.19,1230.76,18.459,0.027,1.004,0.049,99,99,0.576,0.03,1.048,0.04
1015,1881.94,1710.85,18.462,0.025,1.05,0.05,99,99,0.581,0.029,1.136,0.037
1016,1489.47,1136.98,18.463,0.026,1.214,0.054,99,99,0.823,0.028,1.69,0.032
1017,1978.83,22.336,18.463,0.03,0.369,0.064,99,99,0.593,0.036,1.286,0.055
1018,1266.77,776.916,18.465,0.027,1.094,0.062,99,99,0.666,0.04,1.163,0.042
1019,1504.98,1069.9,18.466,0.028,0.963,0.046,99,99,0.609,0.032,1.174,0.038
1020,704.247,248.521,18.469,0.025,1.525,0.072,99,99,0.916,0.028,1.888,0.03
1021,112.509,431.081,18.47,0.034,1.398,0.08,99,99,0.795,0.036,1.583,0.043
1022,1517.58,1793.39,18.47,0.027,0.969,0.046,99,99,0.65,0.032,1.177,0.037
1023,479.872,582.322,18.471,0.027,1.096,0.057,99,99,0.622,0.032,1.229,0.038
1024,109.76,633.401,18.475,0.033,1.379,0.075,99,99,0.804,0.035,1.591,0.04
1025,1652.16,1927.5,18.476,0.026,0.929,0.055,99,99,0.632,0.034,1.24,0.043
1026,1715.33,29.502,18.48,0.035,1.125,0.056,99,99,0.595,0.038,1.189,0.049
1027,965.862,318.287,18.484,0.027,1.257,0.054,99,99,0.745,0.029,1.412,0.035
1028,195.009,1891.38,18.488,0.032,1.209,0.063,99,99,0.777,0.034,1.555,0.04
1029,783.685,1495.43,18.491,0.028,1.021,0.049,99,99,0.646,0.03,1.126,0.04
1030,839.866,231.24,18.493,0.03,1.195,0.058,99,99,0.641,0.035,1.244,0.039
1031,213.342,1229.45,18.494,0.034,0.998,0.052,99,99,0.597,0.036,1.088,0.045
1032,431.009,434.35,18.496,0.033,1.389,0.069,99,99,0.789,0.035,1.662,0.039
1033,675.125,1545.92,18.499,0.024,1.208,0.052,99,99,0.778,0.027,1.514,0.032
1034,1048.76,420.68,18.501,0.031,1.185,0.057,99,99,0.686,0.035,1.331,0.04
1035,1625.05,1329.28,18.506,0.026,1.031,0.051,99,99,0.657,0.03,1.206,0.036
1036,177.138,1165.55,18.509,0.026,1.032,0.049,99,99,0.671,0.029,1.273,0.036
1037,502.337,1976.13,18.511,0.029,1.025,0.053,99,99,0.635,0.032,1.304,0.039
1038,812.594,1939.84,18.512,0.036,0.98,0.057,99,99,0.679,0.04,1.138,0.05
1039,1556.78,1694.46,18.517,0.027,1.218,0.05,99,99,0.787,0.029,1.504,0.034
1040,1938.18,1839.33,18.519,0.028,0.806,0.06,99,99,0.593,0.032,1.142,0.045
1041,204.963,1066.4,18.524,0.033,1.082,0.053,99,99,0.648,0.037,1.148,0.044
1043,132.51,358.419,18.527,0.031,1.082,0.069,99,99,0.704,0.034,1.34,0.041
1044,1067.87,58.666,18.528,0.03,1.516,0.077,99,99,1.016,0.032,2.024,0.034
1045,1808.18,982.573,18.531,0.028,1.401,0.075,99,99,0.856,0.033,1.588,0.038
1046,1368.96,255.584,18.532,0.026,1.383,0.058,99,99,0.844,0.032,1.579,0.035
1047,180.453,1311.19,18.532,0.028,1.23,0.061,99,99,0.718,0.031,1.327,0.039
1048,508.217,1344.25,18.532,0.029,1.055,0.055,99,99,0.694,0.033,1.314,0.039
1049,1996.15,1083.47,18.534,0.033,1.143,0.072,99,99,0.66,0.038,1.28,0.043
1050,1021.58,117.594,18.535,0.037,1.558,0.086,99,99,1.004,0.039,2.08,0.043
1051,1550.77,867.308,18.535,0.024,1.441,0.073,99,99,0.926,0.026,1.704,0.032
1052,50.346,667.776,18.537,0.037,1.194,0.073,99,99,0.627,0.04,1.32,0.047
1053,1312.41,1996.7,18.537,0.034,0.99,0.062,99,99,0.72,0.037,99,99
1054,929.294,1902.52,18.538,0.026,1.342,0.059,99,99,0.763,0.03,1.578,0.035
1055,1379.82,1742.42,18.538,0.029,0.98,0.047,99,99,0.651,0.033,1.3,0.041
1056,819.853,1422.02,18.54,0.028,1.117,0.051,99,99,0.754,0.032,1.487,0.035
1057,561.392,1729.32,18.541,0.031,1.985,0.104,99,99,1.139,0.032,2.23,0.035
1058,648.256,794.94,18.543,0.028,1.144,0.046,99,99,0.656,0.032,1.31,0.038
1059,1407.33,1237.32,18.545,0.031,0.794,0.047,99,99,0.54,0.037,0.965,0.046
1060,1278.6,1535.12,18.55,0.027,1.075,0.054,99,99,0.719,0.032,1.294,0.037
1061,208.968,705.057,18.551,0.035,1.425,0.07,99,99,0.908,0.037,1.842,0.04
1062,435.378,24.999,18.551,0.043,1.109,0.068,99,99,0.585,0.047,1.246,0.054
1063,1065.62,2004.1,18.554,0.032,1.044,0.058,99,99,0.773,0.034,1.502,0.042
1064,1064.04,180.239,18.556,0.036,1.125,0.088,99,99,0.633,0.038,1.422,0.05
1065,1754.88,467.626,18.558,0.032,1.417,0.057,99,99,0.835,0.036,1.634,0.042
1066,1386.38,1980.42,18.558,0.045,0.992,0.068,99,99,0.717,0.054,0.961,0.075
1067,382.934,1129.94,18.56,0.032,1.131,0.06,99,99,0.812,0.034,1.603,0.039
1068,1533.99,594.503,18.562,0.035,1.038,0.062,99,99,0.541,0.038,1.08,0.048
1069,311.293,1309.74,18.563,0.028,1.097,0.059,99,99,0.668,0.032,1.249,0.038
1070,1696.43,496.959,18.564,0.035,1.191,0.067,99,99,0.642,0.039,1.238,0.043
1071,1531.98,1597.46,18.578,0.034,1.06,0.061,99,99,0.549,0.038,1.166,0.048
1072,1413.34,1864.99,18.579,0.025,1.025,0.05,99,99,0.522,0.03,1.034,0.044
1073,1128.47,197.475,18.58,0.028,1.113,0.06,99,99,0.695,0.036,1.321,0.038
1074,1694.36,1688.96,18.583,0.027,1.059,0.053,99,99,0.651,0.032,1.272,0.038
1075,344.399,1576.34,18.584,0.039,0.871,0.065,99,99,0.684,0.043,1.297,0.05
1076,1663.62,1221.41,18.593,0.035,1.29,0.064,99,99,0.82,0.036,1.627,0.042
1077,1922.95,708.706,18.595,0.031,1.211,0.071,99,99,0.747,0.034,1.59,0.044
1078,886.912,1358.97,18.595,0.031,1.31,0.066,99,99,99,99,1.467,0.04
1079,1644.93,1020.26,18.596,0.031,1.353,0.066,99,99,0.935,0.037,1.76,0.046
1080,406.913,405.842,18.598,0.036,0.935,0.055,99,99,0.72,0.038,1.274,0.05
1081,1410.03,1092.98,18.599,0.031,1.02,0.059,99,99,0.676,0.035,1.275,0.043
1082,1775.48,273.603,18.601,0.033,1.253,0.064,99,99,0.751,0.039,1.393,0.046
1083,398.999,1175.14,18.602,0.03,1.394,0.075,99,99,0.746,0.032,1.522,0.04
1084,1373.99,1725.69,18.602,0.03,0.981,0.051,99,99,0.66,0.034,1.237,0.041
1085,1774.8,750.688,18.605,0.028,1.09,0.061,99,99,0.669,0.032,1.243,0.044
1086,1154.25,86.68,18.606,0.027,1.189,0.063,99,99,0.62,0.034,1.233,0.038
1087,463.943,607.762,18.607,0.035,0.783,0.06,99,99,0.713,0.039,1.327,0.047
1088,25.046,878.688,18.609,0.027,0.208,0.035,-0.893,0.058,0.182,0.036,0.34,0.059
1089,986.651,92.813,18.614,0.037,1.135,0.066,99,99,0.793,0.039,1.474,0.045
1090,1759.4,447.527,18.617,0.031,1.157,0.06,99,99,0.558,0.038,1.129,0.049
1091,328.274,524.871,18.621,0.036,1.234,0.06,99,99,0.875,0.039,1.631,0.049
1092,1851.23,214.203,18.621,0.049,1.024,0.068,99,99,0.714,0.05,1.41,0.057
1094,1930.1,904.18,18.623,0.036,1.257,0.068,99,99,0.729,0.038,1.524,0.046
1096,958.008,695.349,18.627,0.037,1.148,0.059,99,99,0.686,0.042,1.34,0.048
1097,1890.89,1348.08,18.628,0.03,1.036,0.057,99,99,0.677,0.034,1.243,0.044
1098,1683.22,1607.18,18.629,0.033,0.995,0.056,99,99,0.693,0.037,1.383,0.041
1099,429.444,1761.11,18.63,0.032,1.134,0.061,99,99,0.664,0.035,1.348,0.042
1100,750.732,1984.19,18.634,0.036,0.962,0.062,99,99,0.636,0.04,1.149,0.051
1101,1862.64,1808.24,18.636,0.034,1.106,0.064,99,99,0.644,0.037,1.141,0.05
1102,1500.75,1038.96,18.639,0.03,1.522,0.08,99,99,0.996,0.032,1.993,0.036
1103,592.015,710.024,18.64,0.033,1.398,0.081,99,99,0.803,0.035,1.468,0.043
1104,1570.84,110.308,18.641,0.03,1.624,0.082,99,99,0.834,0.034,1.789,0.035
1105,1644.79,584.482,18.644,0.043,0.998,0.08,99,99,0.556,0.05,1.061,0.057
1106,1658.94,1370.81,18.647,0.032,1.168,0.062,99,99,0.722,0.034,1.334,0.042
1107,1640.58,763.05,18.651,0.033,1.376,0.085,99,99,0.79,0.037,1.543,0.043
1108,1871.56,987.802,18.651,0.032,0.999,0.071,99,99,0.602,0.035,1.179,0.047
1109,1735.53,1410.9,18.652,0.036,1.055,0.059,99,99,0.638,0.04,1.189,0.049
1261,1999.95,1743.8,19.124,0.043,0.987,0.095,99,99,0.662,0.05,1.332,0.057
1111,897.437,301.241,18.657,0.034,1.195,0.067,99,99,0.653,0.039,1.152,0.05
1112,853.489,402.12,18.662,0.029,1.043,0.075,99,99,0.721,0.034,1.369,0.04
1113,1594.1,979.821,18.664,0.037,1.384,0.081,99,99,0.772,0.04,1.538,0.045
1114,1392.97,410.039,18.667,0.054,1.3,0.098,99,99,0.388,0.059,1.074,0.07
1115,1310.62,686.525,18.674,0.034,1.342,0.067,99,99,0.811,0.037,1.575,0.042
1116,659.803,1636.42,18.675,0.028,0.999,0.056,99,99,0.609,0.036,1.148,0.041
1117,918.191,359.066,18.676,0.034,1.218,0.064,99,99,0.736,0.037,1.422,0.045
1118,1352.32,1168.43,18.683,0.033,1.368,0.064,99,99,0.778,0.035,1.583,0.041
1119,1480.23,1133.16,18.683,0.032,1.23,0.068,99,99,0.745,0.034,1.547,0.042
1120,1107.56,133.845,18.687,0.041,1.233,0.082,99,99,0.689,0.045,1.444,0.052
1121,793.117,374.71,18.689,0.04,1.294,0.088,99,99,0.687,0.044,1.319,0.052
1122,633.656,1387.36,18.692,0.045,1.457,0.084,99,99,0.795,0.046,1.63,0.051
1123,1838.64,990.593,18.692,0.038,1.037,0.066,99,99,0.71,0.042,1.29,0.053
1124,1111.46,1034.19,18.696,0.033,1.233,0.065,99,99,0.875,0.035,1.639,0.041
1125,1905.82,795.176,18.699,0.031,1.214,0.074,99,99,0.74,0.033,1.349,0.043
1126,1931.07,1884.3,18.7,0.037,0.477,0.062,0.204,0.32,0.636,0.041,1.358,0.049
1127,1817.7,1175.9,18.702,0.034,1.328,0.076,99,99,0.811,0.038,1.511,0.042
1128,1378.4,333.877,18.708,0.039,1.291,0.075,99,99,0.701,0.043,1.358,0.05
1129,1491.38,309.572,18.71,0.043,1.082,0.077,99,99,0.814,0.044,1.564,0.051
1130,1746.33,1229.53,18.71,0.034,1.195,0.066,99,99,0.762,0.037,1.509,0.044
1131,1072.03,1978.38,18.715,0.032,1.231,0.073,99,99,0.834,0.036,1.48,0.046
1132,327.075,1324.88,18.718,0.042,1.237,0.077,99,99,0.647,0.045,1.472,0.051
1133,689.756,755.639,18.718,0.03,1.244,0.067,99,99,0.619,0.035,1.23,0.045
1134,1395.25,1704.06,18.722,0.032,1.238,0.067,99,99,0.696,0.036,1.3,0.044
1135,1524,1982.18,18.734,0.031,1.118,0.068,99,99,0.856,0.033,1.63,0.042
1136,1635.38,1577.4,18.735,0.031,1.293,0.072,99,99,0.756,0.036,1.561,0.039
1137,1433.95,1171.75,18.741,0.034,1.314,0.076,99,99,0.836,0.038,1.669,0.041
1138,339.589,1135.25,18.741,0.033,1.067,0.063,99,99,0.634,0.038,1.286,0.046
1139,1142.19,1382.03,18.742,0.031,1.093,0.058,99,99,0.623,0.036,1.232,0.042
1140,1237.26,652.22,18.748,0.034,1.255,0.086,99,99,0.646,0.04,1.306,0.049
1141,1673.87,1164.82,18.756,0.031,1.297,0.063,99,99,0.895,0.034,1.577,0.038
1142,757.159,880.865,18.756,0.04,1.306,0.081,99,99,0.744,0.044,1.445,0.052
1143,1777.91,1712.53,18.756,0.032,1.048,0.065,99,99,0.676,0.037,1.34,0.046
1144,1346.28,547.539,18.762,0.032,1.106,0.06,99,99,0.66,0.04,1.272,0.048
1145,960.69,1498.29,18.764,0.035,0.998,0.058,99,99,0.682,0.039,1.241,0.052
1146,988.566,527.671,18.765,0.046,1.202,0.079,99,99,0.704,0.051,1.344,0.056
1147,224.395,1421.59,18.767,0.029,0.985,0.058,99,99,0.683,0.034,1.325,0.043
1148,640.386,1249.34,18.77,0.036,1.266,0.073,99,99,0.766,0.04,1.474,0.047
1149,2018.75,621.386,18.771,0.043,0.228,0.069,99,99,0.634,0.049,1.671,0.057
1150,988.696,639.11,18.771,0.043,1.238,0.071,99,99,0.705,0.047,1.395,0.053
1151,1771.39,1026.61,18.776,0.039,1.082,0.061,99,99,0.672,0.041,1.267,0.052
1152,719.034,1916.96,18.777,0.04,1.339,0.088,99,99,0.648,0.043,1.355,0.052
1153,1275.33,1161.69,18.777,0.04,0.75,0.063,99,99,99,99,99,99
1154,1392.91,1404.38,18.78,0.038,1.163,0.064,99,99,0.853,0.041,1.696,0.045
1155,1859.59,239.584,18.78,0.052,1.25,0.079,99,99,0.777,0.053,1.477,0.062
1156,290.717,989.515,18.781,0.034,1.461,0.083,99,99,0.867,0.036,1.777,0.044
1157,1703.61,1299.09,18.781,0.033,1,0.063,99,99,0.641,0.038,1.32,0.043
1158,343.988,939.399,18.782,0.042,1.198,0.079,99,99,0.734,0.044,1.311,0.055
1159,1535.49,686.001,18.786,0.036,1.289,0.075,99,99,0.739,0.038,1.387,0.047
1160,1674.68,594.075,18.787,0.031,0.961,0.08,99,99,0.692,0.038,1.303,0.045
1161,156.601,359.434,18.788,0.035,1.193,0.095,99,99,0.767,0.038,1.446,0.046
1162,894.703,908.385,18.79,0.038,1.231,0.084,99,99,0.718,0.043,1.411,0.053
1163,400.275,663.562,18.791,0.047,1.008,0.073,99,99,0.72,0.048,1.287,0.061
1164,153.663,1002.51,18.792,0.034,1.107,0.07,-1.979,0.318,0.745,0.038,1.426,0.045
1165,886.386,1974.15,18.793,0.036,1.021,0.069,99,99,0.706,0.043,1.179,0.054
1166,1729.57,363.992,18.797,0.036,1.484,0.081,99,99,0.957,0.039,1.922,0.042
1167,1222.28,1177.62,18.802,0.037,1.023,0.066,99,99,0.726,0.045,1.374,0.052
1168,1659.96,991.801,18.802,0.035,1.13,0.07,99,99,0.677,0.042,1.28,0.048
1169,1820.9,1390.21,18.803,0.038,1.46,0.08,99,99,0.964,0.04,2.042,0.043
1171,746.849,493.801,18.811,0.041,1.593,0.103,99,99,0.853,0.045,1.726,0.049
1172,835.503,1447.3,18.812,0.036,1.436,0.085,99,99,0.809,0.04,1.514,0.047
1173,381.138,1157.16,18.812,0.041,1.132,0.072,99,99,0.67,0.045,1.301,0.052
1174,1653.75,828.556,18.814,0.039,1.109,0.08,99,99,0.669,0.046,1.222,0.051
1175,1406.12,1553.93,18.814,0.04,1.219,0.076,99,99,0.621,0.045,1.217,0.054
1176,1236.08,1771.7,18.825,0.038,1.318,0.073,99,99,0.848,0.041,1.684,0.046
1177,1803.67,1391.83,18.83,0.034,1.122,0.07,99,99,0.586,0.041,1.208,0.055
1178,1050.37,1577.69,18.831,0.037,1.009,0.064,99,99,0.617,0.04,1.201,0.052
1179,831.011,1467.5,18.834,0.032,1.141,0.067,99,99,0.656,0.039,1.203,0.047
1180,1001.71,948.876,18.839,0.045,1.261,0.083,99,99,0.792,0.048,1.497,0.058
1181,1422.11,1290.83,18.839,0.038,0.975,0.065,99,99,0.667,0.041,1.196,0.051
1182,1451.46,582.112,18.841,0.043,1.444,0.09,99,99,1.098,0.044,1.988,0.049
1183,1680.38,1324.51,18.843,0.032,1.5,0.082,99,99,1.027,0.034,2.386,0.035
1184,117.642,1059.86,18.845,0.037,1.192,0.075,99,99,0.715,0.041,1.451,0.048
1185,1003.66,1316.8,18.853,0.042,1.072,0.076,99,99,0.776,0.044,1.355,0.051
1186,1139.73,1955.54,18.853,0.039,1.196,0.077,99,99,0.741,0.043,1.369,0.051
1187,1819.83,1307.71,18.86,0.032,1.179,0.069,99,99,0.691,0.039,1.32,0.047
1188,1456.07,1414.8,18.861,0.039,1.125,0.067,99,99,0.697,0.044,1.307,0.053
1189,784.939,1408.37,18.864,0.037,1.366,0.085,99,99,0.902,0.041,1.82,0.045
1190,753.82,1502.94,18.878,0.04,1.306,0.086,99,99,0.699,0.045,1.432,0.053
1191,1752.78,892.307,18.905,0.033,1.117,0.063,99,99,0.655,0.04,1.183,0.052
1192,632.693,1770.3,18.908,0.043,0.934,0.077,99,99,0.64,0.049,1.211,0.055
1193,1195.74,1133.69,18.91,0.047,0.948,0.078,99,99,0.731,0.049,1.319,0.062
1194,1365.93,1696.41,18.912,0.039,1.225,0.082,99,99,0.723,0.045,1.479,0.05
1195,715.984,1820.75,18.913,0.033,1.061,0.071,99,99,0.702,0.039,1.342,0.049
1196,1406.87,760.227,18.916,0.038,1.58,0.106,99,99,0.926,0.041,1.825,0.047
1198,640.258,1943.51,18.927,0.044,1.199,0.082,99,99,0.719,0.049,1.285,0.058
1199,1470.14,1162.74,18.929,0.044,1.668,0.121,99,99,1.006,0.047,2.022,0.051
1200,636.415,761.855,18.93,0.04,1.31,0.083,99,99,0.658,0.045,1.3,0.052
1201,1373.09,1184.2,18.933,0.042,1.097,0.065,99,99,0.589,0.046,1.161,0.057
1202,415.317,1360.06,18.934,0.043,0.919,0.07,99,99,0.711,0.046,1.327,0.057
1203,1376.53,839.884,18.936,0.037,1.233,0.093,99,99,0.675,0.044,1.302,0.053
1204,443.251,1875.19,18.937,0.036,0.982,0.073,99,99,0.619,0.041,1.097,0.057
1205,1523.87,1082.17,18.943,0.039,1.574,0.096,99,99,1.101,0.041,2.379,0.043
1206,442.262,1204.81,18.946,0.04,1.452,0.101,99,99,0.995,0.042,1.96,0.047
1207,1902.45,1317.48,18.953,0.04,1.29,0.094,99,99,0.769,0.043,1.489,0.056
1208,1157.24,1432.43,18.955,0.039,1.244,0.079,99,99,0.765,0.042,1.504,0.051
1209,664.358,1123.51,18.956,0.057,0.994,0.093,99,99,1.027,0.064,1.865,0.072
1210,1792.66,983.018,18.957,0.044,1.244,0.078,99,99,0.926,0.049,1.762,0.06
1211,1731.44,57.777,18.96,0.04,1.271,0.079,99,99,0.628,0.05,1.308,0.055
1212,1858.56,1178.18,18.962,0.043,1.237,0.081,99,99,0.799,0.046,1.613,0.057
1213,657.425,1844.73,18.963,0.041,1.176,0.081,99,99,0.743,0.045,1.339,0.054
1214,546.478,991.522,18.965,0.042,1.093,0.084,99,99,0.777,0.048,99,99
1215,766.971,1529.35,18.968,0.044,1.301,0.085,99,99,0.646,0.046,1.229,0.056
1216,1098.13,1709.08,18.97,0.043,1.095,0.076,99,99,0.632,0.049,1.249,0.057
1217,1391.99,766.712,18.974,0.041,1.362,0.089,99,99,0.7,0.048,1.25,0.057
1218,1782.27,1652.69,18.981,0.047,0.943,0.078,99,99,0.743,0.051,1.258,0.062
1219,303.656,1985.52,18.985,0.043,1.084,0.077,99,99,0.625,0.051,99,99
1220,190.505,1158.49,18.986,0.04,1.22,0.075,99,99,0.77,0.044,1.558,0.053
1221,203.121,1359.05,18.987,0.045,1.792,0.113,99,99,1.1,0.046,2.143,0.053
1222,169.964,1897.78,18.987,0.048,1.487,0.108,99,99,1.033,0.054,2.286,0.061
1223,1342.89,1303.74,18.987,0.035,0.981,0.066,99,99,0.652,0.041,1.23,0.055
1224,1759.21,522.319,18.989,0.04,1.271,0.082,99,99,0.767,0.048,1.385,0.056
1225,1519.35,1071.61,18.989,0.039,1.151,0.074,99,99,0.621,0.045,1.247,0.056
1226,1921.77,1802.22,18.991,0.048,1.097,0.09,99,99,0.638,0.053,1.224,0.061
1227,1867.94,1140.53,18.993,0.034,1.376,0.082,99,99,0.701,0.04,1.517,0.049
1228,286.957,1625.75,18.993,0.048,1.267,0.089,99,99,0.707,0.052,1.291,0.068
1229,1918.93,1204.85,19.003,0.045,1.107,0.085,99,99,0.702,0.049,1.422,0.057
1230,80.883,633.207,19.006,0.063,1.221,0.111,99,99,0.74,0.065,1.559,0.073
1231,1251.68,700.957,19.01,0.055,1.337,0.105,99,99,0.739,0.057,1.446,0.065
1232,1613.96,1003.1,19.026,0.042,1.258,0.088,99,99,0.706,0.047,1.347,0.063
1233,118.516,815.588,19.033,0.046,1.17,0.117,99,99,0.709,0.052,1.325,0.062
1234,760.952,836.537,19.034,0.041,1.153,0.09,99,99,0.619,0.047,1.227,0.061
1235,865.342,1308.44,19.036,0.038,1.277,0.076,99,99,0.691,0.042,1.369,0.061
1236,912.638,660.045,19.038,0.047,1.236,0.103,99,99,0.672,0.053,1.374,0.064
1238,1083.98,966.663,19.044,0.051,1.181,0.106,99,99,99,99,99,99
1239,326.296,1919.44,19.045,0.041,1.149,0.091,99,99,0.857,0.046,1.614,0.056
1240,2011.95,1087.8,19.046,0.044,0.762,0.077,99,99,0.624,0.051,1.408,0.058
1241,1222.28,834.113,19.051,0.051,1.132,0.098,99,99,0.759,0.054,1.404,0.065
1242,1200.78,96.264,19.062,0.056,1.242,0.117,99,99,0.741,0.06,1.529,0.069
1243,222.562,1217.52,19.064,0.041,1.593,0.11,99,99,0.903,0.043,1.773,0.051
1244,297.379,1586.36,19.067,0.047,1.372,0.106,99,99,0.787,0.052,1.559,0.06
1245,1358.76,773.262,19.078,0.046,1.124,0.087,99,99,0.694,0.054,1.335,0.061
1246,654.99,546.963,19.079,0.049,1.529,0.107,99,99,0.849,0.052,1.622,0.06
1247,472.125,1509.15,19.084,0.046,1.095,0.079,99,99,0.708,0.051,1.28,0.064
1248,411.188,1220.44,19.086,0.047,1.373,0.107,99,99,0.988,0.049,1.703,0.056
1249,768.733,348.792,19.092,0.052,1.348,0.113,99,99,0.744,0.058,1.464,0.064
1250,638.771,66.052,19.092,0.048,1.394,0.091,99,99,0.713,0.054,1.454,0.057
1252,838.651,1122.84,19.101,0.044,1.013,0.076,99,99,0.711,0.049,1.382,0.062
1253,847.207,1614.89,19.104,0.053,1.354,0.104,99,99,0.726,0.055,1.487,0.065
1255,714.345,508.031,19.11,0.045,1.726,0.438,99,99,0.64,0.055,1.358,0.061
1256,1828.74,204.952,19.113,0.061,1.167,0.12,99,99,0.683,0.063,1.368,0.079
1257,892.998,1380.3,19.114,0.051,1.248,0.101,99,99,0.794,0.057,99,99
1258,1955.24,1225.64,19.115,0.045,1.167,0.103,99,99,0.768,0.048,1.615,0.057
1259,346.229,1960.87,19.118,0.053,1.022,0.093,99,99,99,99,1.439,0.068
1260,1440.86,1181.46,19.119,0.043,1.366,0.11,99,99,0.832,0.046,1.605,0.057
1262,256.944,1200.59,19.13,0.047,1.213,0.095,99,99,0.85,0.051,1.593,0.061
1264,744.207,1582.77,19.139,0.053,1.281,0.099,99,99,0.76,0.055,1.583,0.064
1265,594.765,328.915,19.144,0.058,1.296,0.121,99,99,0.76,0.061,1.495,0.076
1266,275.37,746.219,19.148,0.048,1.299,0.098,99,99,0.735,0.051,1.372,0.068
1267,221.064,1702.83,19.149,0.045,1.305,0.119,99,99,0.738,0.051,1.561,0.06
1268,1804.84,805.585,19.156,0.049,0.918,0.097,99,99,0.796,0.055,1.404,0.065
1270,1940.1,722.817,19.161,0.06,1.117,0.102,99,99,0.695,0.062,1.312,0.073
1271,478.392,1138.94,19.169,0.046,1.396,0.107,99,99,0.913,0.05,1.778,0.058
1272,525.572,1838.91,19.184,0.051,1.414,0.12,99,99,0.78,0.056,1.531,0.065
1273,132.146,897.752,19.192,0.064,1.289,0.137,99,99,0.705,0.065,1.402,0.078
1274,570.504,714.972,19.193,0.057,1.089,0.107,99,99,0.777,0.059,1.373,0.07
1275,1429.78,892.165,19.197,0.059,1.342,0.119,99,99,0.833,0.061,1.715,0.096
1276,652.091,525.733,19.206,0.054,1.147,0.094,99,99,0.736,0.058,1.416,0.067
1277,1025.52,1024.67,19.218,0.052,1.64,0.139,99,99,0.969,0.054,1.834,0.061
1278,1681.18,502.144,19.23,0.048,1.45,0.146,99,99,0.798,0.057,1.417,0.063
1279,1804.09,1095.08,19.243,0.054,1.412,0.123,99,99,0.959,0.055,1.855,0.063
1280,1791.94,1414.19,19.261,0.052,1.093,0.096,99,99,0.74,0.056,1.354,0.068
1281,1395.6,857.335,19.263,0.056,1.508,0.134,99,99,0.795,0.06,1.669,0.069
1282,1056.16,1603.07,19.279,0.064,1.193,0.108,99,99,0.8,0.068,1.561,0.077
1283,942.076,1082.96,19.28,0.047,1.241,0.107,99,99,0.941,0.051,1.743,0.058
1284,688.196,1706.24,19.286,0.063,1.251,0.128,99,99,0.739,0.066,1.485,0.076
1285,1155.77,1708.37,19.288,0.052,1.068,0.098,99,99,0.877,0.055,1.574,0.065
1286,818.28,342.645,19.315,0.07,1.402,0.133,99,99,0.788,0.079,1.539,0.085
1287,651.691,1509.9,19.322,0.055,1.196,0.109,99,99,0.812,0.058,1.429,0.072
1288,684.427,317.993,19.326,0.057,1.447,0.123,99,99,0.756,0.064,1.496,0.072
1289,819.71,1491.76,19.328,0.056,1.374,0.121,99,99,0.827,0.061,1.543,0.067
1290,866.909,1595.26,19.333,0.06,1.18,0.116,99,99,0.624,0.066,1.202,0.081
1291,327.353,893.124,19.365,0.055,1.471,0.125,99,99,0.777,0.06,1.673,0.076
1292,1384.13,1201.01,19.366,0.055,1.479,0.138,99,99,0.819,0.06,1.738,0.064
1293,540.061,1679.04,19.366,0.058,0.936,0.103,99,99,0.746,0.063,1.356,0.074
1294,1757.25,107.133,19.366,0.059,1.206,0.109,99,99,0.634,0.072,1.353,0.08
1295,241.641,1683.95,19.378,0.061,1.587,0.143,99,99,0.999,0.065,2.006,0.07
1296,1604.27,1585.35,19.378,0.064,1.449,0.14,99,99,0.928,0.067,1.796,0.072
1297,184.783,1343.93,19.381,0.063,1.062,0.109,99,99,0.746,0.069,1.332,0.085
1298,981.738,1032.53,19.389,0.063,1.08,0.111,99,99,0.801,0.065,1.525,0.082
1299,808.122,1417.92,19.389,0.064,1.146,0.112,99,99,0.718,0.071,1.28,0.085
1300,794.066,1466.42,19.395,0.057,1.479,0.143,99,99,0.948,0.061,1.907,0.069
1301,1518.06,651.026,19.406,0.071,1.203,0.146,99,99,0.975,0.072,1.749,0.086
1302,777.17,792.971,19.412,0.065,1.259,0.166,99,99,0.793,0.069,1.416,0.085
1303,1592.14,17.352,19.42,0.075,1.592,0.189,99,99,0.666,0.082,1.265,0.098
1304,160.922,1317.32,19.447,0.061,1.345,0.138,99,99,0.913,0.065,1.753,0.075
1305,774.719,1542.91,19.493,0.071,0.919,0.116,99,99,0.741,0.074,1.294,0.092
1306,919.237,1170.34,19.511,0.074,0.981,0.136,99,99,0.809,0.08,1.654,0.091
1307,1120.43,1695.47,19.519,0.068,1.259,0.158,99,99,0.729,0.072,1.553,0.085
1308,148.468,1340.89,19.523,0.068,1.563,0.156,99,99,0.978,0.072,2.013,0.08
1309,503.041,1495.93,19.536,0.064,1.402,0.155,99,99,0.772,0.07,99,99
1310,124.61,1301.28,19.565,0.097,1.542,0.176,99,99,0.672,0.1,1.346,0.115
1311,180.953,1883.97,19.587,0.072,1.462,0.168,99,99,0.729,0.08,99,99
1313,660.555,1588.5,19.619,0.081,1.176,0.149,99,99,0.79,0.084,1.326,0.102
1314,540.927,812.315,19.63,0.072,1.267,0.186,99,99,0.959,0.076,1.71,0.093
1315,806.095,1502.85,19.631,0.072,1.379,0.185,99,99,0.693,0.08,1.345,0.095
1316,238.678,1181.65,19.641,0.081,1.251,0.167,99,99,0.862,0.086,1.707,0.095
1317,314.345,888.232,19.726,0.072,1.964,0.28,99,99,1.157,0.074,2.62,0.082
1318,791.031,1484.97,20.062,0.11,1.122,0.216,99,99,0.752,0.12,99,99
186,320.133,218.437,15.362,0.005,0.785,0.009,0.153,0.018,0.432,0.008,0.868,0.01
191,1868.78,389.545,15.4,0.005,0.6,0.008,0.392,0.017,0.367,0.009,0.754,0.01
185,1417.12,1954.36,15.356,0.005,0.531,0.008,0.341,0.016,0.335,0.006,0.665,0.008
448,1417.79,1229.28,16.884,0.008,0.81,0.014,0.412,0.062,0.515,0.01,1.046,0.012
517,1439.6,1897.93,17.089,0.011,0.841,0.018,99,99,0.547,0.014,1.001,0.019
94,1876.96,1889.17,14.371,0.004,1.43,0.01,1.516,0.045,0.815,0.006,1.547,0.006
697,1758.56,1660.83,17.671,0.018,0.795,0.028,99,99,0.552,0.021,1.073,0.028
376,1576.31,1626.86,16.53,0.007,0.983,0.012,99,99,0.603,0.009,1.147,0.011
729,1257.49,1981.47,17.775,0.018,0.849,0.029,99,99,0.543,0.021,1.04,0.025
816,144.055,1903.09,18.014,0.021,0.822,0.031,99,99,0.47,0.023,0.95,0.03
48,545.161,1975.39,13.514,0.004,1.436,0.006,1.147,0.018,0.785,0.005,1.529,0.007
593,119.33,1319.89,17.352,0.012,0.801,0.02,-0.004,0.066,0.445,0.015,0.874,0.021
689,2009.18,1302.14,17.641,0.019,0.889,0.03,99,99,0.514,0.021,1.222,0.024
899,750.891,1757.5,18.222,0.025,1.768,0.066,99,99,1.125,0.025,2.227,0.028
856,900.028,1600.11,18.109,0.025,0.885,0.04,99,99,0.523,0.027,1.029,0.034
968,795.383,1834.93,18.365,0.028,1.329,0.054,99,99,0.845,0.03,1.692,0.034
1042,140.868,192.493,18.525,0.034,1.158,0.065,99,99,0.59,0.037,1.31,0.047
469,1140.9,1689.07,16.967,0.009,0.741,0.015,0.094,0.049,0.47,0.011,0.912,0.014
677,551.849,84.478,17.619,0.013,1.368,0.036,99,99,0.801,0.016,1.704,0.018
1170,1651.61,1584.87,18.806,0.031,1.037,0.06,99,99,0.839,0.036,1.401,0.046
920,1460.87,101.759,18.279,0.029,1.293,0.055,99,99,0.728,0.031,1.379,0.037
687,1396.37,152.527,17.639,0.013,1.611,0.036,99,99,0.888,0.016,1.87,0.018
763,1909.3,702.492,17.876,0.02,1.136,0.037,99,99,0.696,0.022,1.374,0.027
1110,1996.3,1758.46,18.656,0.034,0.861,0.067,99,99,0.605,0.038,1.09,0.052
317,390.186,1990.59,16.233,0.006,0.67,0.01,0.055,0.025,0.397,0.008,0.762,0.013
863,1948.61,825.316,18.126,0.02,1.093,0.04,99,99,0.73,0.024,1.447,0.028
