ID,x,y,V,Verr,BV,BVerr,UB,UBerr,VR,VRerr,VI,VIerr
1,1089.98,1330.69,8.986,0.003,2.123,0.006,1.883,0.006,1.206,0.011,99,99
2,196.273,187.858,10.622,0.007,0.39,0.014,-0.029,0.011,0.266,0.009,0.54,0.018
3,643.571,1896.86,11.074,0.005,1.209,0.008,1.07,0.007,0.678,0.008,1.285,0.011
5,1799.04,1370.4,11.758,0.002,0,0.007,-0.062,0.006,0.046,0.004,0.067,0.005
6,1290.82,1793.61,11.86,0.004,0.064,0.008,-0.091,0.007,0.087,0.004,0.146,0.006
7,893.046,1478.63,11.94,0.003,0.291,0.004,0.123,0.004,0.211,0.003,0.392,0.005
8,213.801,750.558,12.077,0.003,0.081,0.006,0.089,0.005,0.044,0.006,0.097,0.007
9,1577.47,1474.33,12.134,0.003,0.622,0.004,0.105,0.003,0.408,0.004,0.788,0.005
10,1084.94,95.706,12.287,0.004,0.452,0.007,-0.045,0.006,0.298,0.005,0.627,0.007
11,876.463,1292.74,12.321,0.002,0.608,0.003,0.031,0.003,0.402,0.003,0.758,0.004
12,949.975,39.103,12.501,0.004,0.573,0.007,0.2,0.006,0.364,0.005,0.779,0.007
13,1516.44,452.924,12.72,0.004,0.476,0.006,0.182,0.006,0.311,0.005,0.654,0.007
14,1010.47,1353.04,12.752,0.003,0.343,0.003,-0.317,0.003,0.29,0.003,0.565,0.004
15,1217.04,580.889,12.788,0.004,0.715,0.007,0.096,0.006,0.448,0.005,0.869,0.006
16,641.307,954.167,12.875,0.002,0.325,0.004,0.136,0.005,0.224,0.004,0.43,0.005
17,1183.51,1263.14,12.938,0.002,0.493,0.003,0.356,0.004,0.342,0.003,0.684,0.004
18,673.437,1151.02,12.951,0.005,0.483,0.007,-0.007,0.005,0.342,0.007,0.684,0.008
19,512.309,1509.83,12.967,0.003,0.237,0.004,0.137,0.004,0.177,0.004,0.33,0.006
20,742.949,1735.59,13.034,0.004,1.417,0.006,1.092,0.01,0.811,0.005,1.578,0.006
21,961.483,1219.37,13.047,0.002,0.413,0.003,-0.057,0.004,0.298,0.004,0.603,0.004
22,576.255,115.932,13.185,0.005,1.522,0.01,1.32,0.015,0.825,0.006,1.65,0.007
23,1312.81,696.345,13.189,0.004,0.431,0.007,0.313,0.007,0.279,0.006,0.583,0.008
24,823.927,1582.19,13.251,0.004,0.375,0.005,0.012,0.004,0.273,0.005,0.531,0.007
25,1230.67,626.704,13.336,0.005,0.348,0.008,0.062,0.006,0.255,0.006,0.484,0.009
26,1375.36,888.124,13.376,0.005,0.401,0.007,0.252,0.007,0.269,0.007,0.527,0.009
27,299.279,1769.41,13.42,0.005,0.595,0.007,-0.01,0.006,0.385,0.007,0.736,0.009
28,1601.21,1904.72,13.511,0.005,2.05,0.006,2.149,0.054,1.191,0.006,2.337,0.007
29,1107.21,1042.4,13.522,0.003,0.368,0.005,0.059,0.005,0.262,0.005,0.5,0.005
30,608.547,248.865,13.524,0.005,0.636,0.009,0.595,0.009,0.374,0.007,0.805,0.009
31,1154.92,1262.67,13.531,0.003,1.237,0.004,0.716,0.01,0.748,0.004,1.476,0.005
32,1112.56,1670.15,13.546,0.004,0.487,0.005,0.382,0.005,0.314,0.005,0.63,0.006
33,1316.69,1922.33,13.617,0.007,2.213,0.011,2.237,0.085,1.447,0.008,3.09,0.01
34,981.478,1723.47,13.637,0.005,0.551,0.006,-0.041,0.005,0.376,0.005,0.708,0.007
35,480.791,385.99,13.683,0.006,0.73,0.009,0.165,0.009,0.433,0.007,0.838,0.01
36,508.073,1645.46,13.686,0.004,0.444,0.006,-0.061,0.005,0.323,0.006,0.612,0.007
37,1703.18,1516.26,13.752,0.003,0.777,0.005,-0.051,0.005,0.524,0.005,1.08,0.006
38,2021.15,685.639,13.778,0.007,0.501,0.011,0.326,0.01,0.515,0.009,1.177,0.011
39,1046.87,1295.96,13.829,0.003,0.579,0.004,0.004,0.005,0.386,0.004,0.724,0.017
40,1016.65,1283.99,13.85,0.002,0.452,0.003,-0.032,0.004,0.323,0.004,0.649,0.005
41,667.852,755.865,13.902,0.005,0.573,0.009,-0.109,0.008,0.378,0.007,0.784,0.009
42,1908.87,410.398,13.907,0.007,1.529,0.012,1.087,0.019,0.877,0.009,1.766,0.01
43,1665.28,1642.24,13.933,0.005,1.356,0.006,99,99,0.817,0.006,1.637,0.007
44,1144.68,1256.33,13.936,0.002,0.51,0.003,-0.046,0.005,0.347,0.004,0.706,0.004
45,1919.56,544.841,13.947,0.007,0.584,0.01,-0.03,0.009,0.374,0.009,0.739,0.011
46,925.486,1477.33,13.948,0.003,0.605,0.004,0.008,0.005,0.41,0.004,0.805,0.005
47,1171.71,1345.61,13.953,0.003,0.489,0.004,0.112,0.005,0.334,0.004,0.685,0.005
48,1087.81,1301.08,13.955,0.005,0.572,0.006,0.173,0.006,0.376,0.012,0.889,0.018
49,516.393,965.37,13.977,0.006,0.434,0.009,-0.003,0.007,0.301,0.009,0.569,0.011
50,986.433,1938.77,14.074,0.009,0.709,0.012,0.142,0.014,0.447,0.01,0.859,0.012
51,93.548,70.125,14.151,0.008,1.945,0.014,99,99,1.062,0.01,2.176,0.012
52,959.166,630.597,14.159,0.007,0.527,0.01,0.414,0.009,0.327,0.008,0.685,0.011
53,891.591,217.295,14.167,0.007,0.754,0.011,0.562,0.011,0.437,0.009,0.901,0.012
54,613.466,551.928,14.181,0.006,0.696,0.01,0.197,0.01,0.417,0.008,0.795,0.009
55,1842.26,568.211,14.256,0.007,0.691,0.011,0.091,0.01,0.428,0.01,0.839,0.011
56,287.978,1848.06,14.262,0.007,1.432,0.01,0.981,0.021,0.81,0.009,1.62,0.011
57,1157.14,1404.28,14.28,0.003,0.43,0.004,0.063,0.005,0.305,0.004,0.594,0.005
58,703.137,905.657,14.306,0.006,0.47,0.009,0.137,0.01,0.31,0.008,0.638,0.009
59,952.987,556.945,14.328,0.007,1.679,0.01,1.204,0.029,0.975,0.008,1.954,0.009
60,474.293,1113.34,14.363,0.003,0.542,0.005,0.36,0.007,0.334,0.005,0.701,0.007
61,1557.19,1281.66,14.368,0.003,0.767,0.005,0.298,0.008,0.474,0.005,0.89,0.005
62,934.587,1227.5,14.42,0.003,0.518,0.004,0.301,0.007,0.338,0.004,0.695,0.005
64,734.894,1378.63,14.427,0.003,0.885,0.004,0.462,0.009,0.531,0.004,0.996,0.005
63,746.077,1599.43,14.427,0.004,0.528,0.006,-0.013,0.006,0.358,0.005,0.676,0.006
65,1960.05,610.401,14.433,0.007,0.67,0.011,0.139,0.011,0.412,0.01,0.789,0.011
66,1399.23,1101.44,14.437,0.003,0.722,0.005,0.118,0.008,0.47,0.005,0.919,0.005
67,1893.19,824.771,14.461,0.007,0.703,0.011,0.598,0.013,0.424,0.01,0.902,0.011
68,305.535,1640.36,14.538,0.006,0.753,0.008,0.237,0.009,0.468,0.008,0.882,0.01
69,1065.1,65.936,14.581,0.008,1.769,0.011,99,99,1.022,0.01,2.06,0.011
70,1088.1,276.45,14.617,0.008,0.746,0.012,0.173,0.012,0.454,0.01,0.883,0.012
71,1882.91,752.568,14.626,0.007,0.617,0.011,0.345,0.012,0.388,0.01,0.83,0.011
72,1677.65,1446.03,14.638,0.003,0.59,0.005,0.096,0.008,0.4,0.005,0.783,0.006
73,485.53,791.292,14.683,0.005,0.826,0.009,0.407,0.013,0.491,0.007,0.919,0.01
74,1933.95,1063.52,14.771,0.004,0.863,0.007,0.46,0.014,0.519,0.006,0.97,0.007
75,1303.75,1097.09,14.891,0.003,0.679,0.005,0.192,0.009,0.43,0.004,0.805,0.006
76,1577.58,49.646,14.892,0.007,0.561,0.012,-0.022,0.012,0.361,0.01,0.715,0.011
77,78.148,707.573,14.917,0.006,0.702,0.011,0.485,0.016,0.41,0.01,0.884,0.011
78,1625.6,1036.38,14.931,0.003,0.615,0.006,0.44,0.01,0.383,0.006,0.811,0.006
79,1210.56,1660.86,14.946,0.004,0.575,0.006,-0.012,0.008,0.384,0.006,0.731,0.007
80,1070.97,1455.09,14.954,0.004,0.503,0.006,0.359,0.01,0.307,0.005,0.632,0.006
81,666.187,224.009,14.98,0.006,0.63,0.01,-0.049,0.013,0.415,0.009,0.839,0.01
82,348.757,850.469,15.014,0.005,0.746,0.008,0.205,0.014,0.476,0.008,0.975,0.009
83,1752.73,308.387,15.02,0.006,0.593,0.01,-0.014,0.012,0.381,0.009,0.745,0.011
84,1157.03,1751.09,15.026,0.005,0.636,0.007,0.485,0.013,0.393,0.006,0.797,0.008
85,821.309,1132.87,15.067,0.003,0.577,0.005,0.428,0.012,0.355,0.004,0.755,0.006
86,896.187,1635.43,15.102,0.004,0.621,0.006,0.011,0.008,0.406,0.005,0.77,0.007
87,1048.58,870.993,15.116,0.006,0.686,0.01,0.145,0.018,0.445,0.009,0.831,0.01
88,115.319,1624.18,15.139,0.006,0.691,0.009,0.433,0.014,0.411,0.009,0.863,0.011
89,684.492,1692.29,15.14,0.004,0.559,0.006,0.432,0.013,0.344,0.006,0.709,0.007
90,1124.2,915.644,15.156,0.005,0.702,0.008,0.422,0.016,0.445,0.008,0.882,0.009
91,627.586,1587.38,15.163,0.004,0.787,0.006,0.281,0.014,0.493,0.005,0.937,0.006
93,1022.61,1971.48,15.172,0.004,0.644,0.006,0.059,0.011,0.414,0.006,0.788,0.007
92,1964.1,1422.19,15.172,0.004,0.718,0.006,0.161,0.013,0.473,0.006,0.96,0.007
94,1222.23,800.85,15.183,0.006,0.755,0.009,0.655,0.028,0.472,0.009,0.996,0.01
95,1746.54,204.051,15.188,0.006,0.759,0.01,0.531,0.02,0.442,0.01,0.965,0.011
96,931.343,1471.29,15.192,0.005,0.602,0.006,0.409,0.012,0.355,0.006,0.731,0.008
97,503.83,534.944,15.206,0.005,0.598,0.009,-0.047,0.013,0.399,0.008,0.787,0.009
98,381.983,1622.13,15.217,0.005,0.856,0.008,0.347,0.017,0.556,0.007,1.07,0.011
99,670.782,1828.14,15.221,0.006,0.787,0.009,0.188,0.012,0.534,0.008,1.029,0.012
100,1158.44,1097.58,15.232,0.004,0.604,0.007,0.404,0.013,0.376,0.005,0.787,0.007
101,1628.96,1766.05,15.244,0.005,0.77,0.007,0.203,0.011,0.511,0.007,1.017,0.008
102,1656.3,236.741,15.248,0.007,0.694,0.011,0.072,0.016,0.433,0.01,0.852,0.011
103,935.064,1124.59,15.277,0.004,0.547,0.006,0.41,0.014,0.323,0.005,0.678,0.006
104,1421.67,463.021,15.297,0.006,0.668,0.01,0.033,0.012,0.413,0.009,0.811,0.011
105,1499.29,790.48,15.308,0.006,0.801,0.009,0.517,0.029,0.502,0.009,1.04,0.011
106,362.413,1645.87,15.325,0.005,0.593,0.008,0.432,0.015,0.358,0.008,0.743,0.01
107,780.08,1300.39,15.369,0.003,0.78,0.005,0.21,0.014,0.51,0.004,1.018,0.006
108,737.443,632.824,15.397,0.004,0.834,0.008,0.36,0.019,0.514,0.007,1.055,0.008
109,1560.22,340.201,15.407,0.007,0.73,0.011,0.187,0.016,0.457,0.013,0.83,0.011
110,1055.21,1430.9,15.413,0.004,0.572,0.006,0.454,0.015,0.358,0.005,0.72,0.007
111,1844.8,1415.87,15.43,0.004,0.732,0.006,0.597,0.023,0.449,0.006,0.939,0.007
112,89.597,35.507,15.441,0.007,1.885,0.013,99,99,0.979,0.011,2.114,0.013
113,1065.83,1700.18,15.452,0.007,0.69,0.009,0.092,0.014,0.447,0.008,0.845,0.009
114,2015.19,1797.25,15.462,0.005,0.555,0.007,99,99,0.58,0.006,1.346,0.008
115,1066.97,444.737,15.472,0.005,0.795,0.009,0.38,0.02,0.504,0.008,1.069,0.009
116,718.104,651.056,15.486,0.005,0.654,0.009,0.511,0.023,0.383,0.008,0.81,0.009
117,173.004,904.375,15.489,0.006,0.918,0.009,0.43,0.022,0.565,0.009,1.159,0.011
118,1518.1,1267.81,15.494,0.004,0.895,0.007,0.571,0.025,0.564,0.006,1.171,0.007
120,1610.54,215.491,15.53,0.006,1.769,0.012,99,99,1.027,0.009,2.073,0.011
121,1279.27,1565.3,15.536,0.005,1.629,0.009,99,99,0.977,0.006,1.924,0.008
122,148.439,313.083,15.562,0.006,0.663,0.011,0.089,0.018,0.405,0.01,0.8,0.013
123,853.751,1233.74,15.567,0.004,0.619,0.006,0.472,0.018,0.372,0.005,0.786,0.007
124,1261.69,775.601,15.573,0.005,0.646,0.009,0.561,0.019,0.394,0.008,0.812,0.01
125,1371.85,400.09,15.594,0.005,0.719,0.008,0.106,0.015,0.449,0.008,0.874,0.009
126,1542.72,1311.32,15.602,0.007,0.656,0.009,0.481,0.021,0.395,0.01,0.822,0.013
127,35.8,14.519,15.604,0.01,1.196,0.015,99,99,0.461,0.014,1.129,0.017
128,1719.14,637.745,15.608,0.005,0.783,0.009,0.245,0.023,0.456,0.008,0.87,0.008
129,1333.43,1250.99,15.63,0.004,0.674,0.006,0.521,0.018,0.413,0.006,0.867,0.008
130,1079.78,1178.89,15.639,0.004,0.792,0.006,0.541,0.023,0.486,0.006,0.988,0.006
131,501.272,158.9,15.64,0.009,0.878,0.014,0.369,0.025,0.499,0.014,0.989,0.018
132,1249.54,1378.77,15.643,0.004,0.669,0.006,0.031,0.014,0.445,0.006,0.859,0.008
133,746.119,1067.19,15.651,0.004,0.83,0.007,0.294,0.02,0.515,0.005,0.977,0.006
134,1396.09,373.072,15.662,0.006,0.722,0.01,0.561,0.024,0.421,0.01,0.876,0.011
135,1397.94,1200.64,15.665,0.004,0.647,0.006,0.506,0.021,0.398,0.006,0.825,0.008
136,1876.06,526.411,15.679,0.006,1.821,0.014,99,99,1.04,0.009,2.085,0.01
137,478.068,1068.44,15.683,0.004,0.66,0.006,0.515,0.02,0.394,0.006,0.825,0.007
138,831.476,897.25,15.752,0.006,0.728,0.011,0.617,0.035,0.447,0.008,0.927,0.012
139,1513.8,1257.98,15.816,0.004,0.735,0.006,0.135,0.02,0.475,0.006,0.904,0.007
140,1518.67,988.262,15.824,0.007,0.719,0.012,0.616,0.032,0.431,0.01,0.902,0.012
141,1896.82,341.487,15.825,0.008,0.819,0.012,99,99,0.501,0.011,1.044,0.013
142,845.496,1645.4,15.848,0.005,0.783,0.008,0.151,0.019,0.494,0.006,0.984,0.008
143,780.156,1590.68,15.849,0.005,0.857,0.008,0.183,0.022,0.574,0.006,1.132,0.008
144,99.505,1957.31,15.854,0.01,0.863,0.015,0.174,0.026,0.504,0.013,1.071,0.016
145,834.591,1780.67,15.872,0.006,0.769,0.009,0.222,0.019,0.5,0.007,1,0.009
146,128.402,1751.44,15.885,0.006,1.205,0.011,99,99,0.803,0.01,1.514,0.013
147,1078.33,538.011,15.913,0.006,0.939,0.011,0.63,0.035,0.554,0.008,1.026,0.011
148,1578.76,1353.98,15.941,0.005,1.221,0.009,0.634,0.051,0.763,0.007,1.512,0.008
149,774.497,144.353,15.967,0.006,0.943,0.011,0.487,0.038,0.552,0.009,1.141,0.01
150,1483.87,1336.2,15.982,0.004,2.876,0.021,99,99,1.974,0.006,4.132,0.006
151,1847.64,1255.33,15.982,0.005,0.732,0.008,0.537,0.028,0.455,0.008,0.929,0.009
152,277.976,932.476,15.987,0.006,0.872,0.01,0.278,0.029,0.54,0.01,1.062,0.013
153,1614.41,1579.55,15.995,0.005,0.903,0.008,0.242,0.026,0.584,0.006,1.171,0.008
154,168.781,147.336,16.001,0.007,0.757,0.012,0.243,0.024,0.43,0.011,0.888,0.014
155,1611.12,246.482,16.035,0.007,0.833,0.012,0.506,0.047,0.521,0.011,1.069,0.012
156,371.304,1384.31,16.037,0.005,1.171,0.009,0.971,0.065,0.725,0.007,1.511,0.008
157,460.278,71.674,16.065,0.007,1.157,0.012,99,99,0.726,0.01,1.386,0.012
158,144.646,949.157,16.068,0.006,0.868,0.01,0.476,0.032,0.543,0.01,1.018,0.012
159,1787.42,67.241,16.071,0.006,0.835,0.011,99,99,0.495,0.01,0.953,0.012
160,1046.02,1467.75,16.08,0.006,0.767,0.009,0.464,0.034,0.494,0.007,0.991,0.009
161,404.478,1976.03,16.087,0.007,1.039,0.011,0.671,0.05,0.669,0.01,1.286,0.012
162,1268.37,32.742,16.088,0.008,1.049,0.012,0.879,0.056,0.629,0.011,1.334,0.012
163,624.906,1197.88,16.092,0.005,0.757,0.008,0.423,0.036,0.48,0.006,0.977,0.008
164,145.365,373.595,16.103,0.007,0.78,0.012,0.26,0.024,0.459,0.01,0.908,0.014
165,296.893,1135.2,16.104,0.004,0.869,0.008,0.294,0.025,0.551,0.007,1.121,0.009
166,1283.77,242.508,16.106,0.006,1.05,0.01,0.359,0.034,0.644,0.009,1.331,0.01
168,1144.01,952.985,16.131,0.008,0.899,0.012,0.785,0.051,0.569,0.01,1.169,0.012
323,1501.62,1634.97,17.182,0.033,1.078,0.037,0.314,0.095,0.503,0.032,1.112,0.037
169,124.165,493.358,16.141,0.007,0.748,0.012,0.188,0.027,0.449,0.011,0.892,0.015
170,1065.66,1096.58,16.144,0.004,0.872,0.008,0.371,0.037,0.553,0.006,1.14,0.008
171,951.889,112.821,16.176,0.006,0.831,0.01,99,99,0.46,0.009,0.982,0.012
172,113.555,851.055,16.179,0.007,1.183,0.013,99,99,0.69,0.01,1.405,0.012
173,589.847,1191.79,16.186,0.005,0.701,0.008,0.087,0.025,0.443,0.006,0.856,0.009
174,1136.14,1000.4,16.199,0.005,1.957,0.014,99,99,1.158,0.007,2.324,0.007
175,1043.33,1716.31,16.209,0.005,2.823,0.024,99,99,1.693,0.006,3.334,0.007
177,1197.92,506.424,16.237,0.006,0.788,0.01,0.092,0.039,0.501,0.009,1.009,0.01
176,1380.09,293.722,16.237,0.007,2.048,0.018,99,99,1.174,0.01,2.34,0.011
178,1452.1,1844.36,16.242,0.007,0.793,0.01,99,99,0.551,0.008,1.086,0.01
179,1556.65,810.459,16.253,0.006,0.783,0.011,0.214,0.029,0.462,0.01,0.906,0.011
180,1539.42,1027.62,16.266,0.005,1.892,0.013,99,99,1.161,0.007,2.32,0.008
181,331.065,1286.93,16.286,0.005,1.283,0.01,0.646,0.065,0.819,0.007,1.662,0.009
182,175.172,690.165,16.297,0.008,1.928,0.017,99,99,1.14,0.011,2.278,0.012
183,988.012,1304.54,16.299,0.006,0.784,0.01,0.448,0.035,0.502,0.007,1.006,0.01
184,1802.06,970.596,16.304,0.008,0.917,0.013,0.349,0.06,0.597,0.012,1.197,0.013
185,634.451,1215.97,16.319,0.006,0.788,0.01,0.418,0.04,0.494,0.008,1.005,0.009
186,839.069,1359.68,16.329,0.006,0.898,0.009,0.269,0.036,0.567,0.007,1.126,0.009
187,1106.2,1526.09,16.329,0.006,0.811,0.009,0.596,0.042,0.486,0.007,1.006,0.01
188,1309.64,1092.01,16.33,0.007,0.829,0.012,0.339,0.036,0.528,0.009,1.072,0.011
189,1026.61,943.812,16.331,0.008,0.948,0.013,99,99,0.622,0.01,1.155,0.012
190,1705.52,110.009,16.342,0.007,0.808,0.013,0.272,0.033,0.482,0.011,0.928,0.013
191,579.982,1440.54,16.349,0.005,0.884,0.009,0.405,0.038,0.546,0.007,1.056,0.009
192,142.799,632.714,16.351,0.009,1,0.014,0.354,0.043,0.607,0.012,1.273,0.014
193,435.898,1484.58,16.356,0.007,0.979,0.011,0.592,0.063,0.615,0.008,1.271,0.011
194,1763.27,749.681,16.371,0.008,0.926,0.013,0.268,0.04,0.595,0.011,1.201,0.013
195,978.774,1286.66,16.373,0.006,0.899,0.011,0.248,0.035,0.598,0.008,1.164,0.01
196,831.443,720.008,16.392,0.006,0.822,0.011,0.285,0.035,0.524,0.009,0.993,0.014
198,971.644,986.301,16.406,0.011,0.834,0.017,99,99,0.488,0.013,0.988,0.017
197,722.628,1502.94,16.406,0.008,1.069,0.012,0.302,0.047,0.807,0.011,1.71,0.016
199,306.22,1742.05,16.407,0.008,1.009,0.015,0.849,0.094,0.609,0.011,1.29,0.013
200,1398.56,439.944,16.416,0.007,0.931,0.011,0.573,0.047,0.572,0.01,1.056,0.012
201,70.559,1535.65,16.429,0.017,1.392,0.022,99,99,0.96,0.019,1.985,0.021
202,86.7,1198.04,16.442,0.005,1.014,0.011,0.343,0.05,0.605,0.009,1.265,0.01
203,1216.36,317.912,16.45,0.007,1.069,0.013,99,99,0.66,0.01,1.369,0.012
204,605.99,1823.61,16.455,0.007,1.86,0.017,99,99,1.187,0.009,2.41,0.011
205,1036,678.925,16.457,0.007,1.063,0.013,99,99,0.675,0.009,1.264,0.012
206,220.099,1234.27,16.49,0.007,1.046,0.013,0.293,0.05,0.627,0.01,1.237,0.012
207,860.143,1240.37,16.511,0.008,0.871,0.011,0.232,0.039,0.576,0.009,1.167,0.012
208,502.461,488.269,16.515,0.008,0.835,0.013,0.387,0.057,0.547,0.011,1.114,0.014
209,782.313,350.816,16.521,0.007,1.174,0.013,99,99,0.707,0.01,1.431,0.011
210,822.888,1542.9,16.553,0.006,0.936,0.011,0.547,0.055,0.615,0.008,1.228,0.009
211,803.801,655.241,16.555,0.007,1.124,0.013,99,99,0.682,0.01,1.369,0.012
212,193.734,672.452,16.582,0.007,1.228,0.014,99,99,0.782,0.01,1.478,0.012
213,503.954,1331.11,16.596,0.006,1.981,0.017,99,99,1.162,0.008,2.314,0.008
214,1184.5,1194.15,16.62,0.006,0.959,0.012,0.437,0.056,0.62,0.008,1.265,0.011
215,738.548,1404.08,16.625,0.005,0.832,0.009,0.368,0.047,0.555,0.007,1.083,0.009
216,923.046,1507.01,16.628,0.007,0.821,0.011,0.361,0.05,0.547,0.009,1.092,0.01
217,1284.81,1857.32,16.637,0.008,0.926,0.012,0.359,0.05,0.583,0.01,1.117,0.011
218,1170.56,1880.23,16.65,0.007,0.955,0.013,0.34,0.052,0.629,0.008,1.236,0.012
219,2017.95,460.926,16.659,0.009,0.607,0.016,99,99,0.539,0.012,1.417,0.015
220,267.852,198.014,16.66,0.008,1.01,0.014,0.267,0.056,0.596,0.012,1.242,0.014
221,1992.83,1648.79,16.67,0.009,1.039,0.014,0.174,0.047,0.667,0.011,1.31,0.012
222,127.756,1935.62,16.674,0.021,1.025,0.036,99,99,0.586,0.029,1.234,0.037
223,147.365,437.416,16.678,0.008,0.987,0.014,99,99,0.561,0.012,1.223,0.015
224,419.861,1354.59,16.679,0.007,0.944,0.013,0.428,0.063,0.582,0.01,1.122,0.012
225,1839.96,1732.61,16.687,0.009,0.905,0.013,99,99,0.578,0.011,1.169,0.012
226,1582.81,1575.52,16.693,0.007,1.089,0.013,0.218,0.053,0.666,0.009,1.35,0.01
227,1664.99,559.909,16.708,0.009,1.359,0.016,99,99,0.873,0.011,1.804,0.013
228,1480.49,1843.78,16.721,0.009,0.887,0.013,0.161,0.038,0.569,0.01,1.145,0.014
229,279.963,690.606,16.729,0.008,1.018,0.017,0.214,0.059,0.623,0.012,1.269,0.015
230,982.633,909,16.73,0.008,1.051,0.017,99,99,0.625,0.01,1.269,0.014
231,1249.74,567.65,16.746,0.009,0.915,0.016,99,99,0.576,0.012,1.164,0.015
233,618.033,1660.26,16.751,0.008,0.848,0.012,0.149,0.037,0.558,0.01,1.119,0.012
232,1405.75,505.271,16.751,0.008,1.261,0.018,99,99,0.825,0.011,1.654,0.013
234,655.677,235.911,16.757,0.008,1.168,0.017,99,99,0.681,0.011,1.433,0.012
235,723.795,535.467,16.763,0.009,3.037,0.048,99,99,1.825,0.011,3.611,0.013
236,1546.8,1955.77,16.773,0.009,1.679,0.017,99,99,1.076,0.01,2.127,0.012
237,518.448,402.844,16.779,0.01,0.996,0.017,99,99,0.577,0.012,1.088,0.015
238,949.788,1344.02,16.78,0.007,0.847,0.012,0.306,0.056,0.575,0.009,1.138,0.011
239,415.492,855.904,16.781,0.011,1.786,0.023,99,99,1.064,0.012,2.116,0.014
240,625.244,1355.98,16.788,0.008,0.931,0.012,99,99,0.611,0.009,1.234,0.012
241,514.229,1086.45,16.8,0.008,0.935,0.012,0.215,0.055,0.591,0.01,1.189,0.012
242,2006.73,1170.41,16.805,0.008,1.054,0.016,99,99,0.696,0.01,1.379,0.012
243,867.228,1260.75,16.807,0.007,0.88,0.011,0.257,0.061,0.551,0.009,1.134,0.012
244,1825.41,524.758,16.811,0.012,0.971,0.018,99,99,0.593,0.015,1.225,0.018
245,908.573,1365.62,16.815,0.008,0.909,0.013,0.159,0.042,0.583,0.009,1.156,0.012
246,1876.61,1958.6,16.816,0.009,0.666,0.015,0.714,0.09,0.626,0.012,1.445,0.015
247,378.508,1104.59,16.817,0.007,0.96,0.012,0.249,0.062,0.577,0.009,1.212,0.012
248,1708.48,1563.51,16.819,0.015,1.009,0.021,0.28,0.074,0.643,0.018,1.289,0.018
249,1148.33,1053.42,16.827,0.008,1.094,0.013,99,99,0.69,0.01,1.418,0.012
250,1838.06,981.535,16.828,0.01,1.287,0.02,99,99,0.814,0.012,1.72,0.019
251,466.14,1476.6,16.831,0.008,0.984,0.014,0.262,0.066,0.619,0.01,1.232,0.012
252,412.999,1098.47,16.839,0.007,1.426,0.014,99,99,0.906,0.009,1.85,0.01
253,1908.37,1842.65,16.845,0.008,2.149,0.031,99,99,1.245,0.01,2.498,0.01
254,1386.03,882.744,16.847,0.01,1.157,0.023,99,99,0.704,0.013,1.443,0.015
255,23.787,1718.61,16.858,0.01,2.179,0.025,99,99,1.284,0.013,2.569,0.015
256,969.006,588.266,16.869,0.01,1.242,0.019,99,99,0.775,0.013,1.548,0.016
257,1719.04,1579.41,16.876,0.008,0.982,0.015,99,99,0.643,0.01,1.275,0.012
258,1296.45,1908.88,16.877,0.009,1.052,0.015,99,99,0.708,0.011,1.426,0.012
259,1433.56,49.043,16.877,0.01,1.14,0.018,99,99,0.698,0.013,1.472,0.015
260,264.37,1900.01,16.886,0.01,0.953,0.016,0.373,0.063,0.575,0.013,1.205,0.017
261,1053.68,435.266,16.894,0.009,0.95,0.018,0.433,0.11,0.554,0.011,1.108,0.015
262,46.401,622.878,16.898,0.012,1.328,0.023,99,99,0.767,0.015,1.547,0.018
263,1271.06,1452.41,16.899,0.007,0.939,0.013,0.234,0.057,0.585,0.009,1.218,0.012
264,411.386,1325.55,16.9,0.008,0.915,0.014,99,99,0.587,0.01,1.18,0.013
265,1320.41,1000.75,16.902,0.007,1.291,0.015,99,99,0.793,0.009,1.6,0.011
266,694.448,1548.78,16.904,0.011,1.205,0.019,99,99,0.802,0.014,1.53,0.019
267,1630.12,508.267,16.908,0.01,1.214,0.018,99,99,0.773,0.013,1.446,0.015
268,1723.7,832.225,16.913,0.011,0.984,0.017,99,99,0.609,0.014,1.114,0.017
269,1749.06,1108.94,16.933,0.008,0.951,0.014,99,99,0.614,0.01,1.244,0.013
270,239.73,192.79,16.942,0.012,1.076,0.021,99,99,0.684,0.017,1.382,0.018
271,13.708,647.716,16.945,0.009,1.241,0.018,99,99,0.721,0.014,1.492,0.015
272,1254.71,1606.49,16.947,0.009,0.963,0.016,99,99,0.654,0.011,1.222,0.015
273,661.278,1483.79,16.948,0.008,1.008,0.014,0.271,0.074,0.62,0.01,1.242,0.012
274,199.72,142.099,16.948,0.01,1.16,0.017,99,99,0.671,0.016,1.442,0.018
275,393.968,549.09,16.949,0.012,0.922,0.017,99,99,0.575,0.015,1.199,0.018
276,1416.83,1019.07,16.952,0.008,0.932,0.015,0.367,0.062,0.597,0.012,1.226,0.018
277,789.88,836.585,16.953,0.009,1.192,0.016,99,99,0.739,0.011,1.428,0.014
278,364.093,188.628,16.956,0.01,0.972,0.016,99,99,0.574,0.013,1.169,0.016
279,864.357,1633.76,16.967,0.01,2.117,0.027,99,99,1.274,0.011,2.552,0.012
280,325.232,479.492,16.967,0.011,1.044,0.017,99,99,0.623,0.014,1.31,0.016
281,1103.82,1371.03,16.97,0.014,1.079,0.02,99,99,0.773,0.025,99,99
282,629.794,685.859,16.971,0.01,1.006,0.019,99,99,0.64,0.012,1.227,0.015
283,1639.43,261.706,16.976,0.011,1.13,0.018,99,99,0.684,0.014,1.383,0.018
284,900.036,1307.05,16.983,0.009,0.978,0.014,0.309,0.076,0.612,0.011,1.185,0.013
285,1327.5,1567.15,16.986,0.009,1.041,0.016,99,99,0.661,0.01,1.339,0.013
286,689.761,974.91,16.991,0.011,1.052,0.019,99,99,0.584,0.013,1.117,0.016
287,1428.22,151.369,16.997,0.016,1.088,0.029,99,99,0.68,0.019,1.332,0.023
289,662.674,1928.12,17.001,0.034,0.948,0.049,99,99,0.615,0.045,0.416,0.108
288,1038.71,457.719,17.001,0.01,1.37,0.022,99,99,0.855,0.013,1.773,0.015
290,849.98,1240.67,17.013,0.009,0.801,0.016,0.247,0.058,0.491,0.012,0.959,0.015
291,1031.55,1888.85,17.02,0.01,0.905,0.016,0.235,0.062,0.564,0.012,1.076,0.015
292,1976.91,1792.29,17.022,0.01,0.908,0.017,99,99,0.605,0.012,1.114,0.013
293,491.664,1307.86,17.024,0.008,0.928,0.015,0.236,0.066,0.592,0.01,1.196,0.012
294,444.889,1994.64,17.029,0.01,2.226,0.031,99,99,1.308,0.012,2.648,0.013
295,1677.95,1809.04,17.03,0.01,1.05,0.016,99,99,0.652,0.012,1.279,0.014
296,1755.54,1717.79,17.032,0.013,1.027,0.019,99,99,0.596,0.015,1.195,0.017
297,1091.32,322.239,17.035,0.009,0.992,0.017,99,99,0.592,0.014,1.195,0.015
298,1253.7,1465.01,17.041,0.008,0.934,0.014,0.306,0.073,0.594,0.01,1.214,0.012
299,877.344,674.022,17.043,0.01,0.943,0.017,0.307,0.073,0.596,0.012,1.21,0.018
300,674.081,689.218,17.052,0.01,1.052,0.016,99,99,0.637,0.012,1.266,0.017
301,24.354,259.823,17.059,0.01,1.016,0.017,99,99,0.562,0.014,1.291,0.018
302,887.163,1899.39,17.062,0.009,1.037,0.017,99,99,0.713,0.01,1.45,0.014
303,1140.08,262.965,17.062,0.011,1.07,0.019,99,99,0.645,0.014,1.236,0.017
304,1069.19,568.367,17.065,0.011,0.967,0.022,99,99,0.573,0.016,1.15,0.018
306,570.718,1159.46,17.068,0.009,0.959,0.016,99,99,0.606,0.012,1.193,0.013
305,1946.98,1799.94,17.068,0.009,1.298,0.018,99,99,0.841,0.011,1.674,0.013
307,447.191,735.268,17.074,0.009,1.007,0.016,0.146,0.059,0.611,0.011,1.267,0.014
308,1114.73,1074.94,17.077,0.008,1.138,0.017,99,99,0.73,0.01,1.476,0.012
309,632.735,1815.82,17.083,0.009,1.003,0.016,99,99,0.619,0.011,1.213,0.014
310,612.228,1434.55,17.088,0.007,2.384,0.033,99,99,1.412,0.008,2.802,0.009
311,1418.89,260.522,17.093,0.01,1.138,0.021,99,99,0.678,0.013,1.373,0.018
312,1705.96,1056.26,17.095,0.009,0.989,0.015,99,99,0.612,0.011,1.261,0.014
313,272.55,619.037,17.098,0.01,1.148,0.02,99,99,0.68,0.013,1.382,0.018
314,1079.05,651.287,17.099,0.009,1.05,0.019,99,99,0.65,0.012,1.286,0.015
315,1133.73,1221.79,17.102,0.009,1.069,0.016,0.379,0.082,0.699,0.011,1.395,0.013
316,432.346,1330.01,17.104,0.009,1.197,0.017,99,99,0.778,0.011,1.585,0.013
317,1746.01,1246.79,17.111,0.009,1.04,0.017,99,99,0.693,0.011,1.376,0.014
318,995.793,109.027,17.118,0.011,0.963,0.019,99,99,0.629,0.013,1.25,0.017
319,117.206,1425.6,17.13,0.01,1.213,0.018,99,99,0.729,0.013,1.48,0.015
320,929.622,640.482,17.138,0.011,0.946,0.018,99,99,0.599,0.014,1.227,0.018
321,1523.85,938.926,17.168,0.011,1.068,0.019,99,99,0.691,0.014,1.367,0.018
322,206.976,255.169,17.181,0.01,3.167,0.085,99,99,1.9,0.012,3.839,0.015
324,1636.85,1054.35,17.185,0.01,1.033,0.019,99,99,0.674,0.012,1.358,0.015
325,728.989,1693.36,17.202,0.01,0.92,0.018,99,99,0.574,0.012,1.157,0.015
326,1449.78,1770.16,17.216,0.012,1.154,0.02,99,99,0.747,0.014,1.508,0.017
328,1306.18,996.996,17.22,0.01,0.958,0.016,0.164,0.075,0.61,0.013,1.24,0.016
327,317.428,1267.56,17.22,0.011,1,0.018,99,99,0.659,0.014,1.347,0.015
329,748.325,1054.63,17.227,0.009,1.013,0.017,99,99,0.625,0.011,1.248,0.014
330,1658.75,495.484,17.233,0.016,1.087,0.025,99,99,0.656,0.018,1.354,0.021
331,1215.57,386.731,17.234,0.011,1.232,0.02,99,99,0.739,0.013,1.438,0.017
332,853.345,915.581,17.242,0.01,1.245,0.026,99,99,0.847,0.013,1.549,0.016
333,427.943,354.808,17.249,0.013,1.074,0.022,99,99,0.634,0.015,1.302,0.018
334,1742.91,33.494,17.251,0.015,1.153,0.026,99,99,0.665,0.018,1.429,0.021
335,192.595,1120.75,17.252,0.011,2.965,0.057,99,99,2.121,0.012,4.415,0.014
336,915.714,1743.07,17.254,0.015,0.971,0.025,99,99,0.642,0.017,1.24,0.021
337,794.088,1084.62,17.256,0.01,1.1,0.02,99,99,0.682,0.012,1.383,0.015
338,847.171,1387,17.264,0.011,0.983,0.018,0.013,0.07,0.647,0.012,1.31,0.015
339,477.03,1913.93,17.265,0.012,1.151,0.021,99,99,0.666,0.014,1.332,0.017
340,1520.2,1969.97,17.276,0.012,1.062,0.021,99,99,0.703,0.015,1.405,0.017
341,581.602,1085.59,17.279,0.009,0.975,0.017,99,99,0.616,0.011,1.199,0.015
342,1675.41,1858.52,17.283,0.011,1.046,0.018,99,99,0.671,0.013,1.259,0.015
343,443.988,1107.46,17.289,0.01,1.045,0.019,99,99,0.645,0.012,1.276,0.015
344,1193.87,511.403,17.29,0.012,1.919,0.039,99,99,1.249,0.015,2.49,0.018
345,1116.75,925.453,17.305,0.012,1.012,0.02,99,99,0.631,0.015,1.276,0.018
346,1676.81,1250.43,17.306,0.011,1.144,0.02,99,99,0.698,0.013,1.404,0.015
347,826.082,990.144,17.313,0.016,1.152,0.031,99,99,0.773,0.02,1.582,0.024
349,132.926,824.396,17.313,0.011,1.009,0.018,99,99,0.63,0.014,1.221,0.02
348,1872.48,96.221,17.313,0.014,1.127,0.026,99,99,0.655,0.017,1.286,0.021
350,1033.89,621.751,17.314,0.012,1.098,0.022,99,99,0.688,0.015,1.364,0.019
351,24.076,1790.52,17.331,0.014,1.087,0.023,99,99,0.674,0.018,1.447,0.021
352,1517.92,293.351,17.337,0.011,1.031,0.019,99,99,0.647,0.014,1.314,0.016
353,700.64,593.016,17.341,0.01,1.043,0.018,99,99,0.646,0.013,1.183,0.017
355,1072.56,1395.76,17.35,0.01,1.052,0.018,99,99,0.717,0.014,1.397,0.018
354,577.239,1825.57,17.35,0.011,3.226,0.077,99,99,2.541,0.012,5.163,0.013
356,9.314,59.762,17.352,0.02,1.398,0.029,99,99,0.655,0.024,1.597,0.026
357,34.351,777.847,17.361,0.016,1.039,0.025,99,99,0.659,0.023,1.266,0.025
358,949.546,1363.28,17.383,0.012,0.953,0.019,99,99,0.613,0.015,1.239,0.018
359,1024.56,430.613,17.391,0.013,1.123,0.022,99,99,0.708,0.016,1.429,0.018
360,489.281,1895.32,17.393,0.017,1.292,0.033,99,99,0.78,0.021,1.694,0.024
361,827.328,1222.48,17.407,0.011,1.049,0.021,99,99,0.644,0.013,1.266,0.018
362,712.16,824.509,17.409,0.013,1.515,0.023,99,99,0.952,0.015,1.892,0.018
363,63.528,557.157,17.423,0.013,1.026,0.026,99,99,0.594,0.019,1.18,0.021
364,489.86,800.854,17.425,0.024,1.48,0.045,99,99,0.995,0.027,2.098,0.03
365,524.005,524.891,17.427,0.013,1.012,0.025,99,99,0.652,0.015,1.295,0.02
366,476.839,485.686,17.43,0.012,1.163,0.024,99,99,0.749,0.016,1.51,0.019
367,989.956,1264.21,17.437,0.011,1.056,0.021,0.503,0.131,0.695,0.013,1.368,0.016
368,912.008,1155.21,17.438,0.011,1.006,0.02,99,99,0.646,0.013,1.349,0.016
369,1388.64,1608.86,17.45,0.021,1.259,0.034,99,99,0.798,0.029,1.561,0.033
370,1920.73,1145.18,17.451,0.012,1.147,0.024,99,99,0.727,0.015,1.48,0.016
371,1065.51,1232.56,17.452,0.01,1.13,0.021,99,99,0.732,0.012,1.529,0.015
372,1964.38,1756.13,17.453,0.012,1.105,0.022,99,99,0.713,0.015,1.392,0.017
373,780.06,696.346,17.454,0.012,1.14,0.024,99,99,0.75,0.015,1.477,0.018
374,899.113,1385.92,17.459,0.011,1.112,0.021,99,99,0.738,0.013,1.469,0.017
375,740.846,1121.6,17.462,0.01,1.183,0.021,99,99,0.698,0.013,1.391,0.015
376,1277.39,1386.77,17.465,0.013,2.703,0.062,99,99,1.662,0.014,3.283,0.015
377,851.629,766.803,17.466,0.013,1.251,0.032,99,99,0.82,0.016,1.617,0.019
378,36.254,432.754,17.474,0.015,1.343,0.038,99,99,0.782,0.02,1.662,0.023
379,500.625,1266.5,17.475,0.011,1.128,0.023,99,99,0.783,0.014,1.506,0.018
380,47.753,1928.88,17.48,0.041,1.423,0.062,99,99,0.823,0.054,1.427,0.09
381,1983.82,645.393,17.485,0.015,1.34,0.03,99,99,0.776,0.018,1.644,0.021
382,1275.47,1738,17.487,0.01,1.149,0.02,99,99,0.796,0.013,1.509,0.015
383,602.38,1506.9,17.497,0.039,1.432,0.052,99,99,0.428,0.039,1.047,0.045
384,986.904,1185.66,17.506,0.014,1.469,0.028,99,99,0.936,0.015,1.946,0.018
385,1061.23,1877.52,17.513,0.012,1.031,0.022,99,99,0.652,0.014,1.288,0.018
386,574.067,1153.59,17.527,0.013,1.291,0.026,99,99,0.802,0.014,1.669,0.017
387,443.412,858.051,17.528,0.016,1.012,0.029,99,99,0.593,0.019,1.158,0.024
388,1610.04,1101.44,17.531,0.016,1.25,0.027,99,99,0.77,0.017,1.655,0.02
389,306.754,1348.81,17.531,0.012,1.154,0.024,99,99,0.695,0.014,1.412,0.018
390,1157.26,1122.32,17.534,0.015,1.116,0.027,99,99,0.71,0.017,1.452,0.021
391,635.113,1292.11,17.546,0.011,1.089,0.021,99,99,0.659,0.013,1.307,0.018
392,449.892,1676.04,17.552,0.019,1.203,0.029,99,99,0.777,0.025,1.577,0.027
393,1413.51,1284.86,17.557,0.011,2.562,0.058,99,99,1.586,0.012,3.183,0.013
394,864.62,1870.49,17.557,0.016,1.157,0.029,99,99,0.776,0.018,1.464,0.021
395,59.081,1772.52,17.558,0.013,1.101,0.022,99,99,0.698,0.017,1.435,0.021
396,1299.23,737.224,17.56,0.015,1.3,0.028,99,99,0.902,0.017,1.809,0.019
397,551.949,1573.58,17.57,0.012,1.107,0.024,99,99,0.709,0.015,1.411,0.018
398,1444.11,921.15,17.578,0.016,1.334,0.032,99,99,0.834,0.018,1.706,0.024
399,481.089,497.106,17.579,0.017,1.106,0.028,99,99,0.683,0.022,1.387,0.024
401,149.683,1309.47,17.587,0.012,1.026,0.02,99,99,0.635,0.016,1.285,0.018
400,823.891,48.618,17.587,0.013,1.064,0.033,99,99,0.668,0.017,1.339,0.021
402,987.174,1685.89,17.588,0.013,1.059,0.024,99,99,0.718,0.015,1.387,0.018
403,1890.34,1988.5,17.593,0.015,0.426,0.026,99,99,0.716,0.018,1.788,0.021
404,1823.17,1657.55,17.597,0.014,1.097,0.023,99,99,0.694,0.017,1.392,0.019
405,352.913,1667.49,17.601,0.014,1.102,0.027,99,99,0.761,0.016,1.434,0.02
406,829.429,1205.59,17.607,0.014,1.104,0.022,99,99,0.704,0.016,1.357,0.019
408,1183.88,1245.3,17.609,0.014,1.058,0.027,99,99,0.658,0.016,1.291,0.02
407,425.153,7.734,17.609,0.013,1.352,0.027,99,99,0.738,0.017,1.576,0.019
409,464.587,1613.98,17.614,0.014,1.026,0.026,99,99,0.656,0.016,1.312,0.019
410,1749.36,324.043,17.618,0.015,1.069,0.026,99,99,0.691,0.018,1.315,0.021
411,288.525,1992.99,17.619,0.014,1.079,0.025,99,99,0.679,0.017,1.423,0.023
412,545.481,20.463,17.62,0.014,2.154,0.064,99,99,1.229,0.016,2.494,0.018
413,1170.93,1188.51,17.626,0.012,1.02,0.024,99,99,0.669,0.015,1.351,0.018
414,668.672,1495.83,17.627,0.014,1.108,0.024,99,99,0.687,0.016,1.342,0.02
415,393.901,191.862,17.628,0.033,1.479,0.052,99,99,0.865,0.043,1.81,0.05
416,191.84,1400.89,17.637,0.013,1.01,0.024,99,99,0.648,0.016,1.22,0.024
417,1530.64,1817.41,17.644,0.014,1.196,0.026,99,99,0.806,0.016,1.624,0.019
418,1719.02,515.752,17.648,0.016,1.198,0.038,99,99,0.716,0.019,1.429,0.022
419,1400.99,1666.63,17.651,0.012,1.141,0.025,99,99,0.726,0.015,1.458,0.018
420,149.904,924.919,17.654,0.015,1.208,0.026,99,99,0.745,0.018,1.503,0.021
421,1969.79,1127.56,17.655,0.016,1.304,0.03,99,99,0.824,0.018,1.63,0.02
422,498.739,1067.79,17.657,0.015,1.085,0.028,99,99,0.659,0.017,1.377,0.021
423,1184.1,1751.82,17.662,0.013,1.036,0.023,99,99,0.651,0.015,1.322,0.021
424,568.435,1199.64,17.666,0.014,1.471,0.03,99,99,0.952,0.016,1.97,0.018
425,100.856,1911.72,17.67,0.016,1.012,0.026,99,99,0.641,0.019,1.342,0.024
426,1696.16,1694.81,17.678,0.014,1.102,0.025,99,99,0.689,0.016,1.398,0.02
427,1502.01,1409.54,17.686,0.012,1.173,0.026,99,99,0.719,0.015,1.468,0.017
428,850.994,790.804,17.703,0.013,1.13,0.038,99,99,0.734,0.017,1.385,0.02
429,1007.46,1944.63,17.71,0.015,1.126,0.027,99,99,0.683,0.018,1.396,0.022
430,1001.52,1769.01,17.712,0.014,2.863,0.075,99,99,1.726,0.015,3.409,0.016
431,1415.79,39.367,17.724,0.013,1.242,0.03,99,99,0.752,0.017,1.603,0.019
433,793.821,926.515,17.726,0.013,1.093,0.024,99,99,0.728,0.017,1.333,0.023
432,2001.94,1552.52,17.726,0.015,1.1,0.029,99,99,0.689,0.019,1.346,0.021
434,1446.25,1938.22,17.727,0.016,1.178,0.03,99,99,0.699,0.018,1.439,0.022
435,1194.95,701.87,17.728,0.016,1.241,0.029,99,99,0.82,0.019,1.654,0.022
436,1027.65,879.624,17.73,0.017,1.13,0.029,99,99,0.794,0.02,1.423,0.025
437,894.363,592.36,17.737,0.012,1.056,0.023,99,99,0.699,0.016,1.405,0.021
438,2016.34,1223.4,17.738,0.015,1.123,0.026,99,99,0.705,0.018,1.563,0.021
439,1228.84,566.99,17.745,0.014,1.258,0.03,99,99,0.796,0.016,1.615,0.019
440,231.06,730.388,17.746,0.017,1.14,0.033,99,99,0.788,0.02,1.624,0.024
441,1129.56,1629.96,17.755,0.016,1.149,0.028,99,99,0.722,0.018,1.464,0.024
442,1701.06,1265.86,17.756,0.012,1.255,0.028,99,99,0.791,0.014,1.532,0.018
443,135.629,1225.24,17.761,0.017,2.351,0.063,99,99,1.321,0.019,2.696,0.02
444,1568.45,1676.67,17.762,0.016,1.355,0.031,99,99,0.822,0.021,1.61,0.028
445,1226.62,1043.38,17.763,0.014,1.141,0.025,99,99,0.711,0.016,1.33,0.021
446,102.98,1938.85,17.765,0.025,1.045,0.037,99,99,0.624,0.033,1.245,0.037
447,1258.34,905.011,17.769,0.015,1.177,0.03,99,99,0.7,0.018,1.373,0.024
448,419.995,109.487,17.774,0.031,1.284,0.045,99,99,0.707,0.04,1.492,0.046
449,1245.65,39.697,17.778,0.013,1.322,0.031,99,99,0.742,0.018,1.508,0.021
450,1213.9,602.125,17.782,0.013,1.277,0.034,99,99,0.837,0.017,1.723,0.02
451,967.718,1669.77,17.785,0.017,1.264,0.029,99,99,0.806,0.019,1.575,0.022
452,755.632,1816.8,17.785,0.015,1.009,0.028,99,99,0.638,0.018,1.274,0.023
453,1496.67,1995.75,17.796,0.018,1.14,0.032,99,99,0.69,0.022,1.358,0.029
454,422.992,1660.05,17.813,0.014,1.267,0.029,99,99,0.742,0.016,1.481,0.021
455,573.058,423.317,17.815,0.025,1.116,0.036,99,99,0.655,0.026,1.307,0.033
456,1941.82,1012.52,17.817,0.015,1.144,0.03,99,99,0.755,0.018,1.552,0.021
457,784.99,1421.24,17.823,0.017,1.077,0.03,99,99,0.658,0.019,1.3,0.024
458,1175.96,1121.31,17.84,0.014,1.156,0.029,99,99,0.697,0.016,1.439,0.019
459,1200.11,1155.59,17.842,0.015,1.075,0.026,99,99,0.7,0.019,1.393,0.024
460,866.25,1528.36,17.848,0.015,2.615,0.078,99,99,1.505,0.016,2.99,0.018
461,1173.73,1976.07,17.852,0.017,1.115,0.032,99,99,0.713,0.02,1.455,0.024
463,1289.59,1153.34,17.858,0.016,1.053,0.03,99,99,0.653,0.019,1.359,0.026
462,1858.08,776.144,17.858,0.018,1.199,0.039,99,99,0.751,0.022,1.449,0.026
464,346.029,865.812,17.865,0.022,1.18,0.037,99,99,0.781,0.025,1.577,0.029
465,1020.1,1137.46,17.867,0.017,1.512,0.035,99,99,0.97,0.018,2.051,0.021
466,286.457,1151.21,17.881,0.017,1.199,0.032,99,99,0.852,0.02,1.653,0.024
467,1704.62,1980.52,17.884,0.017,1.169,0.037,99,99,0.767,0.02,1.513,0.024
468,1493.78,844.151,17.889,0.019,1.119,0.038,99,99,0.707,0.023,1.387,0.027
469,866.12,1308.46,17.896,0.019,0.942,0.031,99,99,0.672,0.021,1.34,0.026
470,208.167,396.258,17.907,0.017,1.298,0.036,99,99,0.862,0.021,1.642,0.026
471,1515.21,734.66,17.91,0.017,1.456,0.034,99,99,0.879,0.02,1.742,0.023
472,334.965,1015.48,17.913,0.013,1.234,0.029,99,99,0.805,0.016,1.572,0.021
473,1938.65,1534.32,17.918,0.018,1.074,0.03,99,99,0.652,0.021,1.314,0.025
474,1464,1142.02,17.92,0.015,2.632,0.077,99,99,1.603,0.016,3.206,0.018
476,1161.07,1304.44,17.927,0.015,1.12,0.029,99,99,0.765,0.019,1.613,0.022
475,303.73,1883.63,17.927,0.018,1.73,0.043,99,99,1.007,0.02,2.05,0.023
477,164.836,1758.21,17.931,0.018,1.233,0.034,99,99,0.748,0.022,1.514,0.026
478,1342.81,1310.75,17.937,0.015,1.068,0.026,99,99,0.694,0.019,1.417,0.022
479,151.037,1791.55,17.945,0.017,1.261,0.037,99,99,0.749,0.021,1.552,0.024
480,1097.84,801.198,17.946,0.017,1.192,0.035,99,99,0.684,0.021,1.362,0.024
481,1665.83,957.803,17.962,0.025,1.374,0.04,99,99,0.845,0.027,1.701,0.031
482,1496.93,1426.44,17.964,0.017,1.082,0.033,99,99,0.706,0.02,1.468,0.024
483,740.951,171.62,17.964,0.019,1.161,0.04,99,99,0.697,0.022,1.438,0.029
484,309.037,1760.33,17.975,0.031,1.15,0.049,99,99,0.602,0.033,1.251,0.04
485,683.494,578.219,17.985,0.016,1.232,0.038,99,99,0.803,0.019,1.617,0.024
486,482.112,1675.62,17.994,0.023,1.258,0.039,99,99,0.776,0.031,1.583,0.034
487,78.717,1661.27,17.997,0.018,1.448,0.043,99,99,0.901,0.021,1.865,0.025
488,1002.6,1076.6,18.001,0.015,1.16,0.033,99,99,0.727,0.019,1.418,0.024
489,1387.6,1067.23,18.001,0.016,1.099,0.033,99,99,0.678,0.02,1.387,0.023
490,880.102,723.026,18.01,0.014,1.286,0.038,99,99,0.776,0.017,1.495,0.028
491,1139.42,1892.46,18.012,0.019,2.23,0.064,99,99,1.353,0.022,2.701,0.025
492,1947.69,1766.1,18.015,0.023,1.139,0.037,99,99,0.774,0.025,1.402,0.03
493,806.185,266.522,18.02,0.02,1.326,0.037,99,99,0.794,0.027,1.681,0.027
494,965.145,883.192,18.022,0.022,1.253,0.044,99,99,0.719,0.024,1.464,0.031
495,1770.68,2000.99,18.032,0.02,1.205,0.041,99,99,0.732,0.024,1.46,0.028
496,818.894,1657.66,18.035,0.019,1.654,0.042,99,99,1.102,0.02,2.159,0.023
498,933.768,1150.91,18.038,0.018,1.188,0.034,99,99,0.709,0.021,1.404,0.025
497,383.855,536.774,18.038,0.029,1.188,0.042,99,99,0.741,0.031,1.54,0.035
499,736.272,955.993,18.043,0.018,1.126,0.033,99,99,0.773,0.022,1.51,0.027
500,551.937,643.053,18.046,0.032,1.395,0.055,99,99,0.773,0.032,1.665,0.037
501,1342.71,123.243,18.047,0.016,2.78,0.145,99,99,1.754,0.018,3.482,0.02
502,1624.51,1690.03,18.049,0.018,1.14,0.032,99,99,0.756,0.021,1.467,0.025
504,1648.43,879.16,18.051,0.023,1.183,0.035,99,99,0.721,0.026,1.455,0.034
503,641.879,317.164,18.051,0.019,1.217,0.036,99,99,0.734,0.023,1.485,0.03
505,520.385,444.978,18.065,0.019,1.211,0.046,99,99,0.732,0.023,1.534,0.026
506,495.468,466.861,18.071,0.023,1.698,0.05,99,99,1.059,0.026,2.102,0.028
507,1550.33,1713.45,18.073,0.018,1.155,0.034,99,99,0.71,0.02,1.431,0.025
508,552.311,523.5,18.079,0.018,1.418,0.058,99,99,0.936,0.02,1.889,0.025
509,1442.39,1578.68,18.081,0.018,1.042,0.031,99,99,0.696,0.02,1.381,0.027
510,1983.54,1404.69,18.082,0.02,1.098,0.036,99,99,0.733,0.023,1.416,0.03
511,1091.57,1518.97,18.085,0.019,1.131,0.037,99,99,0.731,0.022,1.476,0.025
512,1951.82,944.406,18.087,0.024,1.279,0.061,99,99,0.832,0.028,1.686,0.031
513,1902.41,1729.58,18.088,0.019,1.187,0.032,99,99,0.788,0.021,1.514,0.026
514,1157.69,1142.67,18.097,0.019,1.104,0.037,99,99,0.707,0.022,1.425,0.027
515,836.718,1745.25,18.102,0.022,1.118,0.038,99,99,0.649,0.025,1.303,0.032
516,1750.7,1824.34,18.119,0.018,1.429,0.04,99,99,0.92,0.02,1.912,0.023
517,862.819,941.017,18.135,0.018,1.57,0.07,99,99,1.037,0.021,2.174,0.025
518,1122.29,883.435,18.137,0.02,1.212,0.041,99,99,0.761,0.025,1.486,0.027
519,547.877,1242.53,18.139,0.019,1.522,0.046,99,99,1.006,0.022,2.027,0.024
520,433.08,1680,18.139,0.019,1.117,0.036,99,99,0.717,0.022,1.45,0.028
521,1213.07,255.321,18.14,0.021,1.23,0.047,99,99,0.772,0.025,1.59,0.027
522,546.801,1346.47,18.141,0.018,1.141,0.035,99,99,0.657,0.021,1.339,0.024
523,1321.14,1621.25,18.144,0.021,2.145,0.069,99,99,1.367,0.022,2.684,0.024
524,1140.62,1996.46,18.144,0.021,1.222,0.04,99,99,0.705,0.024,1.402,0.029
525,617.67,1272.01,18.147,0.02,1.353,0.048,99,99,0.823,0.022,1.668,0.025
526,939.795,815.324,18.148,0.02,1.185,0.036,99,99,0.745,0.025,1.388,0.032
527,867.675,872.255,18.151,0.02,1.211,0.054,99,99,0.73,0.023,1.413,0.032
528,376.505,1649.4,18.152,0.022,1.183,0.042,99,99,0.748,0.026,1.454,0.031
529,1735.41,1350.93,18.158,0.021,1.221,0.041,99,99,0.749,0.024,1.539,0.027
530,1462.89,1602.8,18.159,0.019,1.442,0.041,99,99,0.918,0.021,1.923,0.026
531,521.547,1606.37,18.161,0.019,1.212,0.04,99,99,0.779,0.022,1.451,0.026
532,1448.7,1526.79,18.166,0.019,1.188,0.037,99,99,0.699,0.023,1.482,0.028
533,391.543,1396.55,18.168,0.019,1.15,0.038,99,99,0.763,0.022,1.53,0.029
534,554.768,807.97,18.182,0.032,1.384,0.068,99,99,0.89,0.032,1.758,0.037
535,1723.32,1753.65,18.182,0.024,1.221,0.04,99,99,0.771,0.027,1.479,0.032
536,252.033,1522.58,18.183,0.021,1.123,0.036,99,99,0.76,0.024,1.415,0.027
537,910.54,1337.67,18.184,0.024,1.234,0.044,99,99,0.773,0.028,1.496,0.032
538,1839.26,1648.3,18.19,0.025,1.722,0.06,99,99,1.093,0.027,2.26,0.03
539,254.891,60.753,18.19,0.023,1.332,0.04,99,99,0.823,0.026,1.778,0.032
540,521.799,1951.82,18.191,0.021,1.189,0.047,99,99,0.818,0.024,1.678,0.029
541,477.264,733.172,18.196,0.025,1.221,0.039,99,99,0.821,0.027,1.623,0.034
542,868.876,1319.48,18.197,0.022,1.1,0.041,99,99,0.637,0.025,1.269,0.03
543,1254.28,1512.12,18.211,0.021,1.217,0.041,99,99,0.796,0.024,1.56,0.029
544,1182.64,1367.99,18.214,0.022,1.286,0.044,99,99,0.87,0.024,1.537,0.029
545,1875.79,1001.29,18.215,0.02,1.227,0.039,99,99,0.775,0.023,1.555,0.026
546,179.317,1481.32,18.222,0.018,1.261,0.04,99,99,0.765,0.022,1.554,0.024
547,1710.89,980.1,18.224,0.027,1.204,0.049,99,99,0.771,0.031,1.466,0.036
548,1643.69,598.381,18.227,0.022,1.228,0.044,99,99,0.785,0.026,1.606,0.033
549,1670.15,879.914,18.232,0.026,1.199,0.044,99,99,0.681,0.03,1.422,0.036
550,13.868,1751.85,18.233,0.027,1.472,0.059,99,99,0.941,0.03,1.917,0.035
551,2021.15,533.832,18.244,0.026,0.955,0.06,99,99,0.772,0.031,1.877,0.035
553,1138.06,1489.07,18.247,0.023,1.162,0.039,99,99,0.72,0.025,1.411,0.03
552,1745.55,1270.75,18.247,0.021,1.148,0.041,99,99,0.767,0.025,1.522,0.029
554,1101.7,527.372,18.261,0.025,1.284,0.049,99,99,0.79,0.027,1.603,0.031
555,1028.03,1741.02,18.262,0.02,1.228,0.038,99,99,0.769,0.023,1.483,0.026
556,1708.29,404.315,18.263,0.025,1.165,0.046,99,99,0.789,0.029,1.552,0.035
557,1373.13,603.75,18.27,0.022,1.262,0.057,99,99,0.782,0.026,1.65,0.031
558,1529.15,101.76,18.271,0.023,1.233,0.041,99,99,0.781,0.027,1.532,0.031
559,1249.03,1868.59,18.273,0.021,1.434,0.047,99,99,0.901,0.023,1.89,0.027
560,1375.24,450.587,18.274,0.02,1.443,0.059,99,99,0.863,0.022,1.841,0.028
561,1444.62,408.197,18.275,0.025,1.226,0.055,99,99,0.74,0.028,1.465,0.039
562,66.485,789.061,18.277,0.027,1.172,0.047,99,99,0.676,0.031,1.405,0.037
563,598.581,275.189,18.278,0.027,1.4,0.047,99,99,0.831,0.031,1.673,0.037
564,886.218,1106.23,18.295,0.022,1.384,0.05,99,99,0.728,0.025,1.517,0.029
565,660.977,630.39,18.301,0.024,1.433,0.048,99,99,0.89,0.026,1.83,0.03
566,338.725,1271.45,18.303,0.02,2.188,0.075,99,99,1.365,0.021,2.769,0.026
567,1775.13,1446.88,18.306,0.02,1.444,0.05,99,99,0.91,0.023,1.851,0.026
568,1467.14,1419.25,18.308,0.019,1.172,0.044,99,99,0.821,0.021,1.595,0.026
569,1375.3,72.526,18.311,0.021,1.302,0.063,99,99,0.746,0.026,1.483,0.033
570,1646.31,1545.8,18.313,0.02,1.264,0.046,99,99,0.802,0.025,1.534,0.029
571,891.966,1383.22,18.321,0.022,1.189,0.049,99,99,0.74,0.025,1.409,0.031
572,841.875,739.555,18.323,0.025,1.291,0.067,99,99,0.883,0.036,1.732,0.039
573,144.76,1404.27,18.328,0.024,2.335,0.088,99,99,1.429,0.025,2.906,0.028
574,452.457,944.424,18.332,0.034,1.423,0.072,99,99,0.811,0.039,1.585,0.048
575,295.599,1232.47,18.334,0.024,1.278,0.045,99,99,0.712,0.027,1.506,0.031
576,905.741,67.303,18.337,0.025,1.639,0.048,99,99,0.99,0.027,2.024,0.033
577,86.993,401.54,18.34,0.026,1.449,0.05,99,99,0.702,0.03,1.542,0.037
578,1635.84,640.088,18.341,0.027,1.134,0.044,99,99,0.801,0.029,1.491,0.038
579,1150.59,869.401,18.345,0.022,1.204,0.048,99,99,0.773,0.056,1.395,0.031
580,829.262,1949.08,18.347,0.021,1.312,0.051,99,99,0.833,0.024,1.583,0.03
581,1530.26,1257.09,18.348,0.025,1.188,0.045,99,99,0.757,0.028,1.542,0.032
582,1663.81,1948.05,18.355,0.024,1.258,0.047,99,99,0.821,0.027,1.523,0.032
583,1460.65,1211.9,18.368,0.022,1.241,0.052,99,99,0.778,0.025,1.565,0.029
584,1363.29,355.194,18.37,0.02,1.356,0.058,99,99,0.865,0.023,1.792,0.03
585,770.996,1914.58,18.379,0.026,1.383,0.054,99,99,0.822,0.04,1.631,0.036
586,1419.68,1773.2,18.382,0.026,1.241,0.054,99,99,0.769,0.029,1.499,0.035
587,667.739,1005.87,18.383,0.024,1.384,0.052,99,99,0.789,0.027,1.529,0.034
588,636.901,1164.24,18.385,0.023,1.167,0.049,99,99,0.729,0.027,1.499,0.031
589,1182.95,1710.42,18.385,0.025,1.124,0.046,99,99,0.737,0.028,1.417,0.035
590,645.758,1697.48,18.387,0.023,1.215,0.041,99,99,0.815,0.026,1.651,0.032
591,1152.48,1549.59,18.401,0.022,1.286,0.049,99,99,0.763,0.025,1.523,0.031
592,1002.47,1451.12,18.402,0.02,1.306,0.044,99,99,0.874,0.023,1.808,0.028
593,756.974,1482.84,18.408,0.025,1.211,0.05,99,99,0.769,0.028,1.483,0.033
594,199.706,725.069,18.413,0.024,1.081,0.049,99,99,0.726,0.033,1.46,0.037
595,1616.85,1903.3,18.418,0.031,1.258,0.056,99,99,0.851,0.032,1.722,0.037
596,1800.12,997.014,18.423,0.023,1.594,0.061,99,99,0.946,0.026,2,0.029
597,578.144,1006.39,18.429,0.024,1.322,0.054,99,99,0.972,0.027,1.961,0.03
598,510.181,1796.97,18.431,0.022,1.319,0.051,99,99,0.826,0.025,1.689,0.031
599,850.906,822.198,18.436,0.024,1.486,0.096,99,99,0.959,0.028,1.931,0.031
600,1179.56,959.061,18.438,0.031,1.281,0.058,99,99,0.778,0.035,1.544,0.043
601,5.933,1932.47,18.441,0.027,1.318,0.054,99,99,0.679,0.033,1.424,0.043
602,1199.37,726.358,18.444,0.031,1.316,0.06,99,99,0.793,0.035,1.56,0.041
603,211.599,789.353,18.444,0.027,1.191,0.062,99,99,0.752,0.032,1.519,0.039
604,1676.56,830.656,18.452,0.033,1.45,0.053,99,99,0.873,0.034,1.701,0.043
605,562.227,1632.75,18.457,0.025,1.279,0.051,99,99,0.853,0.027,1.673,0.032
606,1552.42,1302.82,18.465,0.025,1.222,0.051,99,99,0.698,0.029,1.43,0.035
607,751.134,1911.48,18.473,0.027,1.187,0.055,99,99,0.818,0.03,1.515,0.036
608,1725.92,916.602,18.475,0.029,1.247,0.055,99,99,0.816,0.032,1.61,0.039
609,1216.58,1327.92,18.476,0.025,1.504,0.062,99,99,0.995,0.027,2.035,0.031
610,464.488,1253.4,18.476,0.027,1.481,0.062,99,99,0.924,0.029,1.903,0.032
611,977.742,1204.82,18.48,0.026,1.125,0.049,99,99,0.694,0.03,1.496,0.034
612,709.2,1616.88,18.489,0.025,1.126,0.049,99,99,0.719,0.028,99,99
615,1052.68,1615.93,18.491,0.027,1.178,0.05,99,99,0.708,0.03,1.484,0.036
613,1346.96,1609.8,18.491,0.025,1.552,0.057,99,99,1.009,0.027,2.032,0.031
614,263.48,1682.06,18.491,0.031,1.218,0.054,99,99,0.787,0.033,1.623,0.039
616,1714.24,1305.03,18.492,0.026,1.284,0.052,99,99,0.779,0.029,1.556,0.032
617,215.68,705.931,18.496,0.034,1.092,0.061,99,99,0.727,0.04,1.5,0.044
618,1352.09,657.439,18.503,0.025,1.306,0.07,99,99,0.845,0.028,1.727,0.033
619,1493.52,1465.13,18.505,0.028,1.853,0.085,99,99,1.317,0.03,2.725,0.032
621,592.13,1296.29,18.507,0.029,1.155,0.052,99,99,0.727,0.033,1.446,0.037
620,1612.59,859.471,18.507,0.025,1.509,0.064,99,99,1.021,0.027,1.97,0.032
622,509.963,1368.27,18.508,0.026,1.167,0.048,99,99,0.747,0.029,1.489,0.036
623,75.542,863.247,18.51,0.029,1.261,0.054,99,99,0.777,0.031,1.579,0.038
624,647.739,1762.05,18.524,0.026,1.164,0.051,99,99,0.777,0.029,1.491,0.035
625,1519.74,1925.08,18.527,0.027,1.161,0.053,99,99,0.825,0.029,1.624,0.036
626,109.92,2004.74,18.53,0.029,1.578,0.077,99,99,0.921,0.032,1.866,0.037
627,1750.29,1379.46,18.539,0.027,1.594,0.063,99,99,1.02,0.03,2.06,0.033
628,157.227,496.276,18.554,0.034,1.359,0.057,99,99,0.825,0.036,1.816,0.041
629,223.161,562.585,18.555,0.026,1.265,0.054,99,99,0.767,0.033,1.581,0.04
630,595.911,643.631,18.563,0.04,1.26,0.065,99,99,0.681,0.044,1.395,0.054
631,1069.37,824.568,18.565,0.033,1.503,0.095,99,99,1.085,0.039,2.069,0.044
632,1398.74,175.492,18.572,0.033,1.806,0.109,99,99,1.132,0.039,2.183,0.039
633,1518.02,809.514,18.573,0.025,1.324,0.059,99,99,0.84,0.03,1.694,0.034
635,1189.48,1330.4,18.574,0.031,1.423,0.059,99,99,0.934,0.034,1.769,0.043
634,172.409,1427.05,18.574,0.028,1.389,0.066,99,99,0.919,0.03,1.845,0.035
636,460.069,956.611,18.575,0.026,1.331,0.063,99,99,0.849,0.031,1.71,0.039
637,1181.52,1073.27,18.582,0.029,1.162,0.053,99,99,0.759,0.031,1.468,0.038
638,1916.19,1428.15,18.583,0.029,1.374,0.066,99,99,0.929,0.031,1.863,0.035
639,714.361,1391.11,18.587,0.029,1.279,0.059,99,99,0.813,0.031,1.631,0.036
640,1174.27,7.719,18.589,0.033,1.245,0.058,99,99,0.876,0.035,1.814,0.041
641,70.692,332.751,18.59,0.028,1.983,0.098,99,99,1.296,0.031,2.791,0.033
642,653.541,1657.93,18.593,0.032,1.211,0.059,99,99,0.806,0.034,1.613,0.04
644,1376.33,932.02,18.598,0.026,1.359,0.069,99,99,0.897,0.03,1.763,0.037
643,1673.03,1967.94,18.598,0.033,1.41,0.081,99,99,0.908,0.034,1.804,0.04
646,619.458,853.085,18.608,0.036,1.179,0.057,99,99,0.755,0.04,1.525,0.044
645,362.525,380.483,18.608,0.049,1.855,0.092,99,99,1.185,0.05,2.351,0.057
647,454.305,368.519,18.612,0.03,1.267,0.065,99,99,0.893,0.034,1.666,0.038
648,1031.49,1994.02,18.613,0.031,1.175,0.056,99,99,0.764,0.034,1.482,0.041
649,111.294,1360.31,18.616,0.029,1.517,0.072,99,99,0.801,0.032,1.603,0.038
650,810.191,687.88,18.617,0.032,1.274,0.063,99,99,0.798,0.038,1.52,0.044
651,1795.56,1175.73,18.618,0.025,1.628,0.086,99,99,1.009,0.028,2.244,0.031
652,38.738,1489.56,18.622,0.031,1.29,0.056,99,99,0.854,0.034,1.684,0.04
653,949.496,1770.45,18.628,0.029,1.174,0.055,99,99,0.798,0.031,1.507,0.038
654,200.386,1717.28,18.629,0.031,1.344,0.061,99,99,0.853,0.034,1.695,0.039
655,519.586,1733.32,18.639,0.027,1.327,0.059,99,99,0.91,0.031,1.893,0.036
656,1958.49,668.866,18.639,0.033,1.369,0.084,99,99,0.86,0.036,1.604,0.041
657,1789.84,1199.19,18.646,0.026,1.458,0.062,99,99,0.879,0.029,1.773,0.035
659,1909.64,1921.29,18.652,0.035,0.724,0.061,99,99,0.74,0.037,1.596,0.044
658,140.971,134.52,18.652,0.042,1.558,0.074,99,99,0.891,0.044,1.922,0.05
660,527.947,1157,18.657,0.03,1.523,0.073,99,99,1.004,0.031,1.996,0.034
661,1718.2,1210.62,18.666,0.027,1.148,0.054,99,99,0.808,0.032,1.673,0.035
662,944.126,1848.59,18.669,0.038,1.444,0.072,99,99,0.695,0.041,1.599,0.047
663,2028.49,630.252,18.672,0.034,0.649,0.063,99,99,0.823,0.041,99,99
664,198.548,1378.49,18.673,0.03,1.151,0.059,99,99,0.775,0.032,1.574,0.039
665,1186.28,1174.64,18.674,0.03,1.211,0.062,99,99,0.747,0.034,1.475,0.04
666,1884.36,1439.5,18.679,0.028,1.625,0.077,99,99,1.104,0.03,2.478,0.032
667,1322.1,1777.44,18.682,0.027,1.245,0.064,99,99,0.834,0.032,1.594,0.039
668,1107.69,1476.46,18.685,0.029,1.539,0.069,99,99,1.025,0.031,2.103,0.034
669,1925.08,1971.04,18.685,0.032,0.355,0.067,-0.076,0.286,0.781,0.036,1.927,0.047
670,1573.37,159.285,18.691,0.033,1.617,0.092,99,99,1.015,0.034,2.099,0.039
671,1603.38,1574.52,18.694,0.03,1.151,0.059,99,99,0.825,0.033,1.573,0.041
672,221.966,1705.85,18.705,0.04,1.684,0.086,99,99,0.976,0.053,2.038,0.067
673,1309.85,629.481,18.708,0.028,1.383,0.072,99,99,0.821,0.031,1.739,0.033
674,279.995,1083.04,18.709,0.032,1.57,0.073,99,99,0.873,0.034,1.861,0.039
675,409.916,1684.84,18.71,0.036,1.356,0.07,99,99,0.84,0.04,1.523,0.045
676,925.425,1023.3,18.716,0.031,1.416,0.067,99,99,0.821,0.034,1.682,0.04
677,1996.38,1428.89,18.719,0.033,1.36,0.073,99,99,0.826,0.035,1.596,0.043
678,1011.2,1196.99,18.723,0.033,1.454,0.066,99,99,0.833,0.035,1.755,0.041
679,684.231,1469.04,18.725,0.028,1.293,0.073,99,99,0.777,0.032,1.502,0.038
680,1715.7,806.174,18.727,0.033,1.251,0.059,99,99,0.81,0.038,1.662,0.045
681,1179.74,840.275,18.748,0.029,1.291,0.07,99,99,0.818,0.033,1.556,0.04
682,137.911,729.065,18.75,0.037,1.384,0.072,99,99,0.892,0.039,1.798,0.049
683,594.812,312.213,18.755,0.036,1.59,0.083,99,99,0.926,0.039,1.908,0.045
684,349.957,1235.86,18.756,0.035,1.226,0.064,99,99,0.805,0.039,1.642,0.043
685,193.454,86.774,18.759,0.032,1.281,0.064,99,99,0.739,0.041,1.584,0.045
686,1143.01,983.008,18.768,0.034,1.233,0.06,99,99,0.811,0.037,1.526,0.045
687,922.965,1426.87,18.769,0.032,1.149,0.062,99,99,0.802,0.035,1.521,0.042
688,1503.46,1346.69,18.771,0.031,1.381,0.077,99,99,0.823,0.034,1.767,0.04
689,40.646,539.978,18.774,0.039,1.422,0.102,99,99,0.828,0.045,1.606,0.05
690,1595.44,903.241,18.777,0.031,1.511,0.093,99,99,1.071,0.033,2.25,0.037
691,1896.27,1423.24,18.79,0.033,1.348,0.072,99,99,0.831,0.036,1.685,0.043
692,1741.95,120.294,18.797,0.045,1.359,0.097,99,99,0.962,0.048,1.902,0.054
695,93.541,1141.95,18.811,0.033,1.277,0.077,99,99,0.822,0.035,1.679,0.044
696,715.827,1609.58,18.822,0.035,1.337,0.069,99,99,0.871,0.037,1.712,0.046
697,917.019,162.373,18.831,0.035,1.449,0.082,99,99,0.932,0.038,1.94,0.043
698,131.966,1106.3,18.833,0.036,1.643,0.085,99,99,1.204,0.038,2.809,0.042
699,1799.08,879.557,18.844,0.041,1.246,0.083,99,99,0.795,0.045,1.573,0.055
700,268.624,1742.92,18.859,0.04,1.357,0.083,99,99,0.814,0.042,1.577,0.05
701,1004.21,979.163,18.877,0.034,1.304,0.091,99,99,0.893,0.037,1.769,0.045
702,840.052,1635.02,18.877,0.035,1.083,0.068,99,99,0.858,0.039,1.592,0.049
703,1591.96,770.217,18.884,0.031,1.425,0.099,99,99,0.969,0.034,1.775,0.042
704,1428.77,549.893,18.885,0.035,1.499,0.1,99,99,0.906,0.04,1.796,0.05
706,856.266,1164.49,18.887,0.046,1.202,0.078,99,99,0.825,0.053,1.655,0.06
705,464.296,303.902,18.887,0.041,1.351,0.079,99,99,0.838,0.044,1.761,0.049
707,1684.88,1589.25,18.889,0.038,1.373,0.083,99,99,0.974,0.04,1.974,0.046
708,305.532,1521.3,18.893,0.041,1.511,0.091,99,99,0.903,0.042,1.856,0.048
709,991.102,641.074,18.895,0.043,1.112,0.075,99,99,0.847,0.046,1.618,0.056
710,52.334,335.07,18.898,0.039,1.286,0.089,99,99,0.981,0.045,1.88,0.054
711,1859.71,1784.76,18.902,0.042,1.377,0.083,99,99,0.833,0.045,1.68,0.051
712,1166.86,693.14,18.917,0.039,1.257,0.088,99,99,0.765,0.045,1.555,0.05
713,406.538,412.906,18.918,0.039,1.47,0.086,99,99,0.966,0.043,2.002,0.047
714,804.188,1604.76,18.923,0.033,1.254,0.066,99,99,0.856,0.037,1.648,0.046
715,1991.72,1063.05,18.932,0.034,1.326,0.077,99,99,0.794,0.038,1.618,0.047
716,1544.51,1703,18.936,0.036,1.371,0.08,99,99,0.859,0.038,1.739,0.045
717,1356.06,50.717,18.942,0.04,1.733,0.129,99,99,0.906,0.044,1.901,0.05
718,495.927,1824.92,18.948,0.036,1.379,0.078,99,99,0.9,0.04,1.693,0.047
719,1194.57,1339.57,18.954,0.031,1.204,0.07,99,99,0.932,0.036,1.799,0.044
720,1984.57,1611.34,18.969,0.04,1.508,0.112,99,99,1.019,0.042,2.025,0.049
721,540.058,1702.49,18.978,0.042,1.54,0.104,99,99,1.053,0.044,1.983,0.05
722,1231.47,1377.16,18.986,0.045,1.24,0.079,99,99,0.886,0.048,1.706,0.055
723,1302.36,1312.98,18.989,0.04,1.276,0.073,99,99,0.803,0.044,1.586,0.053
724,678.388,413.452,18.991,0.039,1.277,0.1,99,99,0.779,0.044,1.668,0.052
725,801.611,1988.28,18.992,0.044,1.161,0.091,99,99,0.693,0.049,1.341,0.062
726,1518.16,964.625,18.993,0.043,1.405,0.108,99,99,0.828,0.045,1.573,0.055
727,649.02,1643.35,19.012,0.047,1.332,0.084,99,99,0.941,0.056,1.775,0.058
728,1752.87,1942.88,19.014,0.041,1.323,0.089,99,99,0.802,0.047,1.628,0.052
729,1115.49,1780.75,19.017,0.04,1.265,0.073,99,99,0.764,0.043,1.488,0.056
730,723.328,1842.76,19.021,0.043,1.238,0.072,99,99,0.81,0.047,1.579,0.053
731,544.911,1819.26,19.031,0.04,1.285,0.082,99,99,0.784,0.044,1.654,0.05
732,1211.38,1198.1,19.033,0.043,1.157,0.076,99,99,0.853,0.046,1.647,0.053
733,1024.06,1907.15,19.035,0.043,1.555,0.108,99,99,1.034,0.045,2.143,0.05
734,1446.46,1180.41,19.037,0.039,1.411,0.087,99,99,0.85,0.042,1.661,0.052
735,1869.25,1817.73,19.037,0.039,1.368,0.094,99,99,99,99,1.653,0.05
736,709.032,1544.95,19.042,0.038,1.312,0.091,99,99,0.976,0.039,1.88,0.045
737,624.861,1252.67,19.046,0.038,1.688,0.099,99,99,1.028,0.04,2.129,0.045
738,430.425,929.452,19.057,0.056,1.267,0.117,99,99,0.89,0.059,1.709,0.068
739,1162.96,812.652,19.061,0.044,1.276,0.095,99,99,0.882,0.048,1.712,0.053
740,1333.79,1584.85,19.064,0.045,1.469,0.098,99,99,0.944,0.046,1.97,0.053
741,510.265,1437.72,19.064,0.04,1.312,0.1,99,99,0.875,0.044,1.785,0.049
743,522.582,1447.88,19.065,0.046,1.171,0.095,99,99,0.931,0.051,1.851,0.066
742,221.548,240.4,19.065,0.041,1.325,0.096,99,99,0.902,0.047,1.785,0.052
744,1920.52,1534.76,19.079,0.042,1.428,0.086,99,99,0.767,0.047,1.655,0.056
745,188.8,1351.35,19.1,0.038,1.41,0.099,99,99,0.887,0.042,1.802,0.047
746,836.538,1075.87,19.11,0.044,1.412,0.094,99,99,1.069,0.045,2.2,0.051
747,196.42,1013.72,19.11,0.048,1.388,0.097,99,99,0.744,0.054,1.524,0.063
748,1036.12,1767.15,19.111,0.044,1.333,0.086,99,99,0.799,0.048,1.884,0.055
749,1084.93,1498.83,19.114,0.039,1.034,0.07,99,99,0.843,0.042,1.553,0.052
750,516.62,201.615,19.128,0.05,1.189,0.1,99,99,0.896,0.054,1.908,0.059
751,721.475,1546.07,19.151,0.049,1.405,0.102,99,99,0.897,0.052,1.916,0.057
752,1065.57,1154.2,19.169,0.044,1.255,0.095,99,99,0.894,0.047,1.762,0.055
753,393.692,1709.18,19.177,0.044,1.388,0.097,99,99,0.933,0.046,1.823,0.054
754,2018.71,1525.34,19.196,0.047,1.453,0.113,99,99,0.947,0.05,1.899,0.062
755,147.903,1346.53,19.198,0.054,1.346,0.096,99,99,0.826,0.056,1.664,0.069
756,553.575,1106.44,19.228,0.043,1.234,0.089,99,99,0.909,0.049,1.899,0.053
757,1200.16,1733.74,19.33,0.053,1.422,0.123,99,99,0.967,0.057,1.928,0.063
758,761.645,1508.05,19.411,0.061,1.327,0.128,99,99,0.908,0.066,1.794,0.073
759,1195.49,1317.27,19.564,0.059,1.086,0.123,99,99,1.077,0.064,1.702,0.08
760,1485.55,124.781,19.626,0.099,1.59,0.229,99,99,1.097,0.101,2.242,0.113
119,1514.87,1274.47,15.513,0.005,0.658,0.007,0.531,0.022,0.441,0.007,0.912,0.009
167,1491.13,1634.9,16.131,0.006,0.792,0.009,0.358,0.03,0.531,0.008,1.054,0.009
694,1746.11,135.038,18.804,0.049,1.65,0.109,99,99,0.955,0.054,1.87,0.058
