ID,x,y,V,Verr,BV,BVerr,UB,UBerr,VR,VRerr,VI,VIerr
1,1677.45,1806.21,10.503,0.009,1.587,0.012,1.389,0.008,0.893,0.011,1.667,0.014
2,776.072,736.189,10.958,0.009,0.168,0.01,-0.199,0.004,0.161,0.012,0.306,0.009
3,980.709,1320.05,11.359,0.006,1.153,0.008,0.692,0.004,0.668,0.008,1.234,0.009
4,1645.62,163.641,11.424,0.013,0.322,0.015,-0.152,0.008,0.269,0.014,0.521,0.014
5,2006.3,1521.5,11.443,0.011,0.134,0.012,-0.567,0.006,0.146,0.012,0.279,0.012
6,126.966,741.611,11.763,0.004,1.188,0.007,0.832,0.008,0.665,0.013,1.267,0.009
7,1127.1,1091.13,11.79,0.003,1.663,0.005,1.397,0.007,0.943,0.005,1.741,0.006
8,1112.42,1401.71,11.801,0.005,0.727,0.007,0.019,0.005,0.498,0.008,0.897,0.007
9,1969.23,475.273,11.861,0.005,1.277,0.008,1.005,0.008,0.725,0.011,1.337,0.023
10,215.193,1393.05,12.231,0.007,0.279,0.01,0.018,0.008,0.208,0.011,0.409,0.011
11,1958.83,680.844,12.475,0.004,0.712,0.006,0.154,0.007,0.458,0.007,0.873,0.006
12,1482.67,190.52,12.522,0.007,1.68,0.01,1.877,0.017,0.927,0.012,1.737,0.009
13,159.644,730.295,12.568,0.004,0.737,0.007,0.072,0.008,0.454,0.01,0.881,0.008
14,1288.24,1207.39,12.803,0.004,1.234,0.006,0.642,0.007,0.746,0.006,1.404,0.006
15,1878.43,1523.54,12.917,0.006,1.351,0.008,1.18,0.009,0.788,0.008,1.45,0.007
16,246.646,548.707,12.98,0.005,0.549,0.008,0.37,0.008,0.348,0.009,0.693,0.01
17,551.302,344.857,13.025,0.006,1.625,0.01,1.315,0.015,0.92,0.008,1.752,0.008
18,781.311,872.633,13.026,0.003,1.321,0.007,1.057,0.01,0.745,0.005,1.391,0.004
19,361.391,52.735,13.063,0.007,0.364,0.009,0.124,0.009,0.208,0.011,0.458,0.012
20,662.855,1153.58,13.078,0.006,0.751,0.009,0.171,0.007,0.491,0.01,0.915,0.011
21,1187.61,686.567,13.094,0.004,0.705,0.006,0.14,0.007,0.455,0.006,0.864,0.007
22,1181.43,1423.26,13.102,0.006,1.456,0.009,1.354,0.015,0.83,0.007,1.523,0.008
23,1300.31,1234.14,13.148,0.004,0.417,0.006,0.274,0.005,0.27,0.006,0.519,0.006
24,1411.44,74.974,13.151,0.007,0.344,0.01,-0.039,0.008,0.225,0.009,0.448,0.011
25,1293.33,1667.12,13.162,0.007,0.311,0.009,0.225,0.007,0.211,0.008,0.401,0.01
26,1314.24,1631.18,13.242,0.006,2.113,0.01,1.916,0.033,1.756,0.008,3.712,0.011
27,1749.73,293.373,13.297,0.007,0.659,0.01,0.428,0.01,0.414,0.009,0.81,0.01
28,1589.38,367.777,13.354,0.008,0.642,0.011,0.082,0.01,0.39,0.011,0.764,0.014
29,107.061,1120.53,13.391,0.004,1.468,0.008,1.221,0.016,0.855,0.01,1.611,0.009
30,1543.03,1609.47,13.41,0.006,0.629,0.01,0.365,0.008,0.451,0.009,0.854,0.009
31,1204.94,1588.19,13.467,0.006,0.589,0.009,0.033,0.007,0.41,0.008,0.766,0.009
32,1911.18,1421.66,13.488,0.005,0.725,0.008,0.019,0.006,0.484,0.007,0.91,0.007
33,1358.97,649.728,13.494,0.006,0.924,0.009,0.215,0.009,0.578,0.008,1.097,0.009
34,2021.77,611.705,13.69,0.009,0.288,0.013,0.326,0.011,0.456,0.013,1.079,0.013
35,1560.9,171.139,13.75,0.007,0.382,0.01,0.123,0.009,0.248,0.01,0.5,0.013
36,999.678,1764.81,13.818,0.008,0.709,0.011,0.081,0.009,0.494,0.01,0.932,0.011
37,1379.19,1114.29,13.93,0.004,1.696,0.006,1.647,0.03,0.966,0.007,1.812,0.006
38,122.551,798.203,13.956,0.006,1.455,0.01,1.163,0.023,0.833,0.011,1.592,0.01
39,374.264,1917.64,14.005,0.012,0.907,0.016,0.359,0.014,0.575,0.016,1.074,0.019
40,2026.53,1357.39,14.017,0.004,0.438,0.007,-0.066,0.007,0.386,0.007,0.87,0.008
41,466.592,1440.03,14.058,0.007,0.854,0.01,0.261,0.009,0.537,0.009,1,0.011
42,166.161,1795.7,14.082,0.011,0.543,0.017,0.32,0.014,0.351,0.016,0.716,0.018
43,1779.39,671.375,14.093,0.009,1.451,0.013,1.122,0.025,0.844,0.011,1.588,0.012
44,1709.22,926.013,14.094,0.008,1.152,0.012,0.881,0.015,0.69,0.011,1.254,0.011
45,1457.73,1648.72,14.17,0.007,0.668,0.011,0.465,0.01,0.45,0.009,0.864,0.011
46,1300.83,504.057,14.256,0.009,0.479,0.013,0.358,0.012,0.314,0.013,0.633,0.013
47,1991.3,1109.47,14.27,0.004,1.989,0.008,99,99,1.16,0.007,2.205,0.007
48,743.722,906.418,14.272,0.007,0.727,0.011,0.03,0.01,0.483,0.01,0.91,0.011
49,1257.07,218.376,14.29,0.01,1.46,0.015,1.225,0.032,0.847,0.013,1.581,0.014
50,874.246,1963.33,14.325,0.009,0.558,0.013,0.284,0.01,0.371,0.011,0.698,0.013
51,969.019,752.745,14.366,0.011,1.522,0.017,99,99,0.882,0.013,1.666,0.014
52,1716.14,419.519,14.396,0.01,0.851,0.014,0.211,0.013,0.531,0.013,1.006,0.014
53,743.791,137.776,14.398,0.01,0.831,0.014,0.256,0.014,0.533,0.013,1.033,0.015
54,1267.24,1277.63,14.4,0.004,1.498,0.006,1.218,0.03,0.885,0.007,1.661,0.007
55,970.433,621.893,14.412,0.009,0.592,0.012,0.501,0.013,0.375,0.012,0.743,0.013
57,74.025,402.692,14.43,0.009,0.577,0.013,0.3,0.014,0.318,0.016,0.683,0.015
58,1673.42,323.713,14.461,0.01,0.54,0.014,0.402,0.013,0.338,0.014,0.691,0.016
59,701.957,950.872,14.47,0.008,0.562,0.011,0.262,0.012,0.388,0.011,0.767,0.012
60,1238.43,975.935,14.511,0.008,1.701,0.013,1.777,0.055,1.008,0.011,1.894,0.011
61,1477.02,368.58,14.537,0.01,0.767,0.015,0.545,0.016,0.498,0.013,0.997,0.015
62,1677.71,1299.07,14.569,0.004,1.44,0.007,1.134,0.026,0.837,0.008,1.583,0.007
63,277.777,2006.29,14.572,0.011,2.279,0.016,99,99,1.339,0.019,2.683,0.029
64,1784.29,1646.59,14.606,0.008,1.511,0.011,1.259,0.037,0.855,0.011,1.615,0.011
65,1430.7,892.85,14.615,0.008,0.484,0.011,0.362,0.012,0.299,0.013,0.609,0.013
66,1864.95,345.847,14.634,0.011,1.462,0.016,1.084,0.032,0.858,0.014,1.648,0.015
67,1483.61,1319.53,14.7,0.005,0.711,0.007,0.333,0.012,0.491,0.008,0.94,0.008
68,1683.99,1870.18,14.713,0.01,0.746,0.015,0.138,0.013,0.505,0.012,0.964,0.014
69,1315.71,1517.61,14.754,0.007,0.729,0.01,0.159,0.011,0.486,0.009,0.908,0.01
70,886.273,1431.08,14.761,0.006,1.329,0.009,1.122,0.035,0.88,0.007,1.577,0.009
71,95.947,2001.72,14.765,0.012,0.874,0.019,0.375,0.029,0.507,0.019,1.131,0.02
943,498.408,94.324,18.537,0.026,1.166,0.049,99,99,0.775,0.034,1.423,0.039
73,923.603,829.449,14.826,0.009,0.613,0.014,0.494,0.015,0.407,0.013,0.81,0.013
74,683.965,941.123,14.832,0.008,0.811,0.012,0.476,0.017,0.556,0.011,1.077,0.011
75,775.307,1561.29,14.876,0.026,0.924,0.037,0.361,0.033,0.527,0.035,1.037,0.041
76,430.738,1432.85,14.88,0.007,2.27,0.011,99,99,1.372,0.009,2.613,0.01
77,1369.45,612.642,14.936,0.01,1.108,0.014,0.707,0.024,0.691,0.014,1.265,0.014
78,1024.13,847.463,14.94,0.009,1.611,0.014,99,99,0.931,0.012,1.745,0.013
79,480.814,591.117,14.94,0.008,0.781,0.012,0.125,0.016,0.497,0.013,0.957,0.012
80,700.098,853.53,14.995,0.009,0.78,0.012,0.237,0.016,0.507,0.013,0.977,0.013
81,1541.56,1226.38,15.018,0.003,1.588,0.006,1.357,0.062,0.941,0.007,1.76,0.006
82,1742.71,790.576,15.019,0.009,0.918,0.013,0.208,0.016,0.596,0.014,1.178,0.014
83,267.624,1806.4,15.03,0.012,1.613,0.017,1.291,0.054,0.964,0.016,1.838,0.018
84,1556.78,461.246,15.033,0.012,1.475,0.02,0.836,0.044,0.93,0.017,1.804,0.017
85,1305.59,1558.43,15.054,0.026,0.797,0.043,0.044,0.057,0.522,0.037,1,0.04
86,1314.53,1825.46,15.066,0.009,1.126,0.014,1.016,0.027,0.759,0.011,1.491,0.013
87,92.709,341.107,15.067,0.008,0.909,0.013,0.315,0.019,0.516,0.016,1.027,0.014
88,286.708,1550.79,15.071,0.009,0.583,0.013,0.445,0.016,0.407,0.013,0.795,0.014
89,1741.58,119.403,15.09,0.01,0.591,0.014,0.44,0.018,0.34,0.015,0.702,0.014
90,1374.09,1219.89,15.094,0.004,0.918,0.006,0.667,0.022,0.585,0.007,1.129,0.006
91,304.55,233.426,15.097,0.009,1.565,0.014,1.282,0.067,0.907,0.015,1.769,0.014
92,1033.55,1116.65,15.097,0.004,0.975,0.006,0.35,0.015,0.623,0.006,1.156,0.006
93,714.56,738.748,15.121,0.009,1.718,0.015,99,99,1.001,0.013,1.895,0.013
94,136.82,795.57,15.158,0.008,0.903,0.011,0.225,0.018,0.568,0.014,1.099,0.013
95,1049.88,761.872,15.158,0.008,0.604,0.013,0.505,0.019,0.377,0.013,0.754,0.012
96,1569.99,1501.82,15.169,0.006,0.762,0.009,0.07,0.013,0.51,0.009,0.943,0.01
97,271.058,1630.39,15.182,0.008,1.674,0.014,99,99,0.974,0.012,1.834,0.013
98,1711.84,1387.68,15.199,0.005,0.707,0.008,0.149,0.013,0.473,0.008,0.885,0.008
99,1707.95,1871.2,15.214,0.01,0.683,0.014,0.125,0.015,0.477,0.013,0.915,0.015
100,691.444,1753.58,15.215,0.01,0.774,0.015,0.16,0.015,0.528,0.012,0.986,0.015
101,267.432,56.089,15.227,0.009,0.797,0.014,0.097,0.018,0.446,0.015,0.936,0.015
102,708.337,914.733,15.254,0.008,0.993,0.013,0.517,0.025,0.591,0.012,1.094,0.012
103,1056.19,1279.82,15.257,0.005,0.738,0.007,0.123,0.014,0.484,0.006,0.927,0.008
104,1659.05,1106.22,15.268,0.004,1.518,0.008,1.42,0.077,0.878,0.008,1.627,0.007
105,323.169,1576.24,15.268,0.008,0.805,0.013,0.333,0.017,0.539,0.012,1.035,0.013
106,321.638,942.631,15.275,0.009,2.381,0.016,99,99,1.422,0.014,2.738,0.014
107,957.442,624.171,15.286,0.008,1.105,0.012,0.549,0.034,0.691,0.013,1.329,0.011
108,553.846,1613.57,15.306,0.008,0.697,0.012,0.354,0.016,0.46,0.011,0.877,0.011
109,1446.25,1930.79,15.311,0.026,0.678,0.032,0.316,0.021,0.47,0.036,0.849,0.045
110,919.859,1709.8,15.321,0.009,0.656,0.013,0.231,0.018,0.457,0.011,0.865,0.013
111,1604.84,20.158,15.324,0.012,1.758,0.016,99,99,0.987,0.017,1.904,0.016
112,1993.85,963.524,15.324,0.009,0.735,0.014,0.054,0.017,0.482,0.015,0.918,0.014
113,416.117,365.865,15.349,0.008,0.863,0.013,0.206,0.022,0.524,0.014,1.015,0.013
114,1796.37,685.182,15.365,0.008,0.811,0.013,0.173,0.017,0.518,0.015,1.029,0.013
115,904.839,1344.16,15.375,0.006,0.776,0.009,0.079,0.015,0.521,0.008,0.972,0.008
116,29.943,1191.04,15.377,0.006,1.007,0.01,0.38,0.02,0.638,0.012,1.221,0.012
117,1526.2,1789.66,15.377,0.009,0.952,0.013,0.423,0.022,0.591,0.012,1.078,0.013
118,66.146,964.64,15.398,0.009,1.017,0.014,0.535,0.03,0.668,0.015,1.3,0.015
119,1761.53,1292.3,15.419,0.004,0.657,0.007,0.198,0.014,0.444,0.008,0.853,0.007
120,407.684,84.871,15.433,0.009,0.721,0.013,0.338,0.03,0.419,0.013,0.863,0.013
121,703.872,36.916,15.446,0.01,0.802,0.013,0.192,0.021,0.507,0.014,0.98,0.013
122,703.933,110.837,15.457,0.009,0.752,0.013,0.345,0.021,0.47,0.014,0.933,0.013
123,501.057,405.426,15.481,0.008,0.705,0.013,0.269,0.02,0.449,0.013,0.899,0.013
124,1049.81,279.628,15.484,0.011,0.753,0.015,0.642,0.025,0.459,0.015,0.936,0.014
125,1500.24,1431.56,15.486,0.006,0.588,0.009,0.325,0.018,0.396,0.009,0.769,0.01
126,34.982,1402.53,15.496,0.009,0.898,0.013,0.196,0.023,0.568,0.014,1.11,0.015
127,1069.11,1841.04,15.501,0.012,0.841,0.018,0.12,0.019,0.552,0.015,1.041,0.017
128,401.41,445.278,15.505,0.009,0.606,0.012,0.341,0.02,0.372,0.013,0.754,0.013
129,553.305,844.154,15.515,0.007,0.779,0.012,0.385,0.023,0.494,0.012,0.961,0.012
130,1186.79,1036.97,15.532,0.005,0.887,0.008,0.175,0.016,0.549,0.007,1.043,0.008
131,1751.04,1166.88,15.542,0.004,0.642,0.008,0.277,0.018,0.437,0.009,0.842,0.007
132,928.522,629.026,15.55,0.009,0.932,0.013,0.314,0.028,0.574,0.013,1.075,0.012
133,1265.93,1587.79,15.556,0.007,0.84,0.012,0.16,0.017,0.553,0.009,1.026,0.011
134,1280.59,429.654,15.564,0.01,0.709,0.014,0.413,0.025,0.438,0.014,0.874,0.014
135,797.496,1475.11,15.592,0.007,0.898,0.012,0.648,0.03,0.611,0.009,1.211,0.01
136,1117.68,1005.9,15.619,0.012,0.89,0.017,0.153,0.02,0.558,0.017,1.068,0.02
137,107.529,1934.15,15.624,0.019,0.64,0.043,0.459,0.051,0.399,0.027,0.845,0.028
138,905.024,1070.81,15.634,0.005,2.356,0.012,99,99,1.406,0.007,2.671,0.007
139,1425.51,1050.58,15.636,0.004,1.442,0.009,99,99,0.842,0.008,1.582,0.007
140,1149.65,76.02,15.666,0.008,1.006,0.014,0.417,0.036,0.618,0.014,1.198,0.013
141,1420.22,855.778,15.668,0.01,1.5,0.015,99,99,0.994,0.015,1.827,0.014
142,756.036,1488.89,15.675,0.007,0.942,0.012,0.225,0.045,0.608,0.009,1.145,0.011
143,1132.5,255.865,15.705,0.01,0.752,0.014,0.311,0.033,0.469,0.015,0.939,0.015
144,98.398,1720.43,15.738,0.012,0.682,0.017,0.402,0.023,0.446,0.017,0.904,0.019
145,238.587,100.869,15.758,0.008,1.002,0.014,0.495,0.039,0.563,0.015,1.118,0.016
146,1449.43,984.729,15.776,0.01,1.007,0.014,0.482,0.032,0.598,0.015,1.129,0.014
147,333.261,349.732,15.78,0.009,0.864,0.013,0.19,0.02,0.497,0.013,1.001,0.012
148,1639.2,1059.37,15.787,0.005,0.819,0.008,0.106,0.018,0.539,0.008,1.021,0.008
149,1787.02,1376.1,15.8,0.006,1.876,0.013,99,99,1.088,0.009,2.03,0.009
359,1314.7,790.318,17.045,0.011,0.821,0.018,99,99,0.518,0.014,1.037,0.019
151,70.425,661.294,15.822,0.009,1.522,0.014,99,99,0.877,0.015,1.682,0.014
152,1652.33,662.295,15.829,0.007,1.003,0.014,0.438,0.036,0.621,0.013,1.175,0.012
153,1957.77,726.718,15.84,0.01,0.753,0.015,0.55,0.038,0.477,0.016,0.953,0.015
154,839.62,1791.98,15.84,0.01,0.681,0.015,0.315,0.025,0.45,0.012,0.858,0.015
155,1157.64,1464.89,15.852,0.006,0.808,0.01,0.158,0.02,0.54,0.008,1.005,0.01
156,761.182,653.54,15.853,0.008,1.895,0.013,99,99,1.128,0.013,2.116,0.012
157,1470.58,1388.96,15.873,0.006,0.936,0.01,0.364,0.028,0.605,0.008,1.127,0.009
158,1146.54,1535.38,15.881,0.007,0.871,0.011,0.764,0.037,0.593,0.009,1.173,0.01
159,998.275,48.226,15.885,0.008,1.506,0.016,99,99,0.873,0.013,1.686,0.013
160,1479.69,328.498,15.892,0.01,0.865,0.014,0.187,0.031,0.544,0.015,1.056,0.015
161,877.514,14.999,15.913,0.007,0.896,0.013,0.441,0.03,0.568,0.012,1.123,0.011
162,1387.71,1938.94,15.914,0.01,0.629,0.014,0.383,0.029,0.433,0.012,0.836,0.013
163,690.903,483.802,15.915,0.009,0.872,0.013,0.254,0.033,0.554,0.013,1.072,0.013
164,1060.73,524.868,15.926,0.01,0.844,0.014,0.718,0.053,0.546,0.014,1.084,0.013
165,1320.02,710.235,15.938,0.009,0.918,0.015,0.41,0.03,0.601,0.014,1.166,0.014
166,1306.07,1046.25,15.941,0.004,1.78,0.011,99,99,1.038,0.008,1.971,0.006
167,906.116,34.32,15.944,0.009,0.853,0.014,0.056,0.028,0.55,0.013,1.088,0.013
168,1409.29,1146.15,15.945,0.004,0.913,0.007,0.211,0.024,0.598,0.008,1.118,0.008
169,1875.02,757.87,15.951,0.01,0.689,0.015,0.394,0.032,0.43,0.015,0.858,0.015
170,452.783,524.448,15.952,0.007,0.79,0.012,0.215,0.025,0.496,0.013,0.977,0.015
628,552.577,1742.58,17.817,0.033,1.747,0.062,99,99,1.088,0.037,2.042,0.041
172,800.028,728.563,15.974,0.011,0.992,0.018,0.464,0.042,0.638,0.015,1.213,0.016
173,151.555,1412.82,15.977,0.009,0.9,0.012,-0.02,0.065,0.573,0.014,1.104,0.014
1051,1873.61,1371.14,18.722,0.031,1.153,0.053,99,99,0.745,0.035,1.363,0.042
175,1709.21,700.228,15.98,0.007,0.901,0.014,99,99,0.588,0.014,1.16,0.013
176,1960.89,1362.48,15.985,0.005,2.449,0.015,99,99,1.59,0.009,3.181,0.008
177,1336.24,1718.79,16.005,0.009,0.874,0.014,0.221,0.027,0.58,0.011,1.089,0.013
178,1973.6,1333.56,16.021,0.006,0.894,0.01,0.256,0.032,0.576,0.009,1.068,0.009
179,1340.44,1474.74,16.034,0.006,0.648,0.01,0.338,0.024,0.448,0.008,0.846,0.01
180,1205.02,571.865,16.049,0.009,1.101,0.013,0.723,0.052,0.683,0.013,1.229,0.013
181,39.31,374.121,16.049,0.009,1.203,0.016,0.848,0.076,0.667,0.017,1.311,0.016
182,293.103,1834.44,16.054,0.023,1.376,0.035,0.811,0.071,0.799,0.027,1.655,0.035
183,268.459,144.081,16.061,0.007,0.941,0.014,0.582,0.051,0.562,0.014,1.143,0.016
184,1332.12,498.195,16.067,0.008,1.328,0.014,99,99,0.798,0.014,1.524,0.013
185,1433.74,1426.66,16.073,0.009,0.796,0.012,0.06,0.022,0.537,0.011,1.022,0.015
723,589.664,53.262,18.045,0.023,2.301,0.072,99,99,1.336,0.028,2.547,0.028
187,1091.09,126.067,16.083,0.009,1.71,0.017,99,99,1.021,0.015,2.001,0.014
188,1728.3,496.791,16.086,0.011,1.761,0.018,99,99,1.031,0.016,1.992,0.015
189,1923.91,549.069,16.086,0.011,0.723,0.015,0.562,0.043,0.457,0.017,0.918,0.015
733,719.672,316.802,18.075,0.021,1.105,0.039,99,99,0.716,0.027,1.377,0.029
191,581.606,1131.02,16.106,0.005,0.855,0.009,0.227,0.027,0.551,0.008,1.069,0.008
192,1676.73,1570.02,16.111,0.009,0.755,0.012,0.27,0.025,0.521,0.011,0.978,0.012
193,525.931,1827.83,16.115,0.012,1.966,0.019,99,99,1.164,0.015,2.192,0.016
194,1322.69,1371.74,16.133,0.006,0.806,0.01,0.14,0.027,0.553,0.008,1.032,0.009
195,672.53,413.777,16.139,0.009,0.997,0.014,0.361,0.044,0.605,0.012,1.187,0.014
196,1615.12,773.456,16.157,0.009,0.873,0.014,0.25,0.041,0.541,0.014,1.048,0.014
197,2015.18,165.814,16.161,0.011,0.871,0.017,0.851,0.084,0.79,0.016,1.754,0.016
198,1662.72,1989.48,16.175,0.009,0.783,0.013,0.105,0.031,0.539,0.011,1.025,0.013
199,1603.31,1602.93,16.183,0.007,1.973,0.015,99,99,1.175,0.01,2.202,0.011
200,1299.22,660.09,16.187,0.009,0.676,0.014,0.552,0.039,0.418,0.013,0.855,0.015
201,1182.47,1277.82,16.189,0.006,0.819,0.01,0.059,0.027,0.558,0.014,1.037,0.009
202,1917.75,1138.05,16.199,0.006,1.01,0.011,0.503,0.04,0.672,0.01,1.275,0.009
569,383.858,1887.29,17.685,0.019,1.007,0.03,99,99,0.624,0.027,1.19,0.028
204,58.342,575.68,16.217,0.01,0.886,0.016,0.164,0.042,0.514,0.018,1.037,0.018
205,876.65,1157.98,16.224,0.006,0.886,0.009,0.645,0.046,0.546,0.008,1.107,0.01
206,1714.42,1380.54,16.225,0.007,0.852,0.012,0.26,0.03,0.565,0.01,1.064,0.01
207,1420.68,1440.31,16.227,0.007,0.853,0.011,0.177,0.024,0.588,0.01,1.097,0.012
208,1080.98,11.781,16.246,0.008,0.985,0.014,0.379,0.042,0.63,0.028,1.163,0.014
209,1551.73,597.716,16.282,0.01,0.771,0.015,0.462,0.035,0.49,0.016,0.964,0.016
210,495.527,732.202,16.283,0.009,0.875,0.015,0.245,0.042,0.535,0.013,1.07,0.015
211,587.992,501.847,16.288,0.012,0.885,0.028,0.537,0.049,0.647,0.017,1.261,0.018
212,1785.99,602.878,16.303,0.01,0.989,0.014,0.761,0.06,0.652,0.014,1.286,0.014
213,618.298,472.364,16.317,0.009,1.064,0.016,0.34,0.062,0.648,0.013,1.284,0.013
214,1465.66,620.425,16.323,0.01,1.085,0.016,0.549,0.055,0.676,0.016,1.284,0.016
215,1690.96,357.162,16.325,0.01,0.985,0.016,0.312,0.036,0.616,0.016,1.19,0.015
283,505.015,1619.68,16.695,0.012,0.937,0.016,0.26,0.048,0.61,0.014,1.167,0.016
217,1151.87,963.182,16.33,0.011,0.953,0.016,0.269,0.048,0.619,0.015,1.157,0.015
218,941.209,1026.87,16.332,0.005,1.871,0.014,99,99,1.107,0.007,2.092,0.007
219,982.568,1492.66,16.338,0.007,0.844,0.012,0.171,0.034,0.568,0.008,1.053,0.011
220,1798.44,391.124,16.344,0.055,0.945,0.074,0.32,0.06,0.133,0.058,0.682,0.061
221,277.778,1627.29,16.348,0.015,1.016,0.022,0.367,0.055,0.615,0.021,1.177,0.026
222,1824.95,1157.09,16.35,0.019,0.74,0.022,0.51,0.043,0.409,0.022,0.854,0.023
223,216.709,1822.74,16.356,0.015,0.747,0.021,0.586,0.037,0.507,0.021,1.011,0.022
224,1279.23,882.598,16.358,0.011,0.887,0.016,0.283,0.048,0.588,0.015,1.14,0.015
225,586.695,696.272,16.365,0.009,1.87,0.018,99,99,1.126,0.013,2.169,0.012
226,300.21,166.579,16.368,0.009,0.981,0.016,0.25,0.046,0.577,0.016,1.156,0.016
227,1659.31,603.447,16.373,0.011,0.936,0.015,99,99,0.616,0.016,1.202,0.017
228,229.084,147.956,16.387,0.011,0.867,0.015,0.064,0.038,0.524,0.017,1.073,0.017
229,350.003,1234.93,16.388,0.007,0.865,0.011,0.499,0.047,0.552,0.01,1.093,0.013
230,1251.08,1363.11,16.389,0.006,1.077,0.01,0.611,0.061,0.679,0.008,1.226,0.01
231,1830.86,806.926,16.398,0.01,0.834,0.015,0.194,0.04,0.549,0.015,1.049,0.015
232,791.579,1960.86,16.402,0.011,0.869,0.015,0.107,0.035,0.58,0.013,1.132,0.015
233,418.452,1093.62,16.419,0.006,1.065,0.01,99,99,0.63,0.009,1.18,0.01
234,36.852,55.647,16.419,0.014,1.189,0.021,0.064,0.053,0.501,0.018,1.25,0.021
235,1830.8,970.884,16.432,0.012,0.865,0.019,99,99,0.551,0.017,1.081,0.018
236,729.784,1040.79,16.436,0.006,0.959,0.009,0.23,0.037,0.628,0.008,1.186,0.009
237,1390.46,1105.19,16.439,0.006,1.703,0.014,99,99,1.027,0.01,1.949,0.009
238,1171.98,1625.51,16.439,0.01,0.954,0.014,0.35,0.044,0.616,0.012,1.134,0.015
239,948.535,1742.15,16.442,0.014,0.849,0.019,0.194,0.044,0.543,0.016,1.034,0.019
240,572.24,1902.43,16.451,0.014,0.96,0.021,0.326,0.048,0.597,0.017,1.122,0.019
241,414.033,941.602,16.462,0.018,1.049,0.025,99,99,0.661,0.026,1.274,0.029
242,539.398,1845.73,16.469,0.013,0.949,0.019,0.248,0.045,0.633,0.016,1.221,0.019
243,1504.98,1628.61,16.469,0.007,0.888,0.012,0.26,0.042,0.604,0.01,1.139,0.012
244,1679.5,1197.89,16.471,0.006,0.891,0.011,0.346,0.041,0.581,0.011,1.081,0.012
245,384.629,1819.19,16.472,0.011,0.909,0.018,0.201,0.036,0.601,0.016,1.146,0.018
246,373.164,1170.91,16.474,0.006,1.133,0.012,99,99,0.751,0.01,1.481,0.01
247,1970.98,1654.79,16.477,0.009,1.915,0.017,99,99,1.154,0.011,2.174,0.012
248,1535.55,861.542,16.481,0.011,2.189,0.023,99,99,1.297,0.016,2.481,0.015
249,1044.77,1156.72,16.488,0.005,1.081,0.01,0.599,0.067,0.713,0.008,1.355,0.009
250,27.667,1921.35,16.497,0.016,1.08,0.024,99,99,0.629,0.023,1.284,0.027
251,1938.46,627.673,16.501,0.009,0.952,0.014,0.146,0.051,0.609,0.015,1.171,0.014
252,1365.92,878.703,16.511,0.011,1.025,0.015,0.467,0.059,0.642,0.015,1.217,0.016
253,1785.53,1422,16.527,0.006,1.168,0.013,99,99,0.75,0.01,1.417,0.009
254,392.822,1661.76,16.528,0.011,1.139,0.017,0.463,0.06,0.701,0.014,1.326,0.016
255,1580.82,560.594,16.532,0.01,1.014,0.016,0.416,0.054,0.638,0.015,1.262,0.015
256,1469.96,608.267,16.538,0.011,1.302,0.018,99,99,0.806,0.015,1.569,0.016
257,1931.01,781.517,16.542,0.013,0.873,0.019,0.237,0.043,0.597,0.018,1.142,0.018
258,467.817,254.839,16.558,0.01,0.918,0.016,0.332,0.06,0.579,0.015,1.171,0.016
259,1202.63,135.394,16.575,0.01,1.092,0.016,99,99,0.667,0.015,1.337,0.014
260,1233.99,902.433,16.58,0.021,1.052,0.029,0.349,0.058,0.664,0.033,1.313,0.035
261,439.606,1304.55,16.586,0.006,1.536,0.013,99,99,0.919,0.009,1.741,0.01
262,1885.54,197.426,16.587,0.012,1.029,0.018,0.369,0.065,0.624,0.018,1.226,0.018
263,1762.91,181.545,16.588,0.01,1.041,0.016,0.517,0.051,0.625,0.016,1.194,0.015
264,1375.24,1143.34,16.589,0.007,0.902,0.013,0.29,0.051,0.587,0.01,1.105,0.011
265,1534.81,436.607,16.594,0.011,1.283,0.017,99,99,0.796,0.015,1.527,0.016
266,1877.76,399.621,16.604,0.01,1.068,0.016,0.324,0.053,0.68,0.015,1.345,0.015
267,1604.49,1162.9,16.604,0.006,0.804,0.009,0.126,0.036,0.551,0.009,1.039,0.011
268,1379.06,668.904,16.604,0.008,1.04,0.015,99,99,0.652,0.014,1.229,0.014
269,580.328,664.1,16.612,0.009,1.023,0.016,99,99,0.62,0.013,1.179,0.015
270,1523.8,275.778,16.63,0.012,0.999,0.017,0.439,0.065,0.622,0.018,1.223,0.018
271,233.074,1993.05,16.632,0.015,0.987,0.022,99,99,0.633,0.02,1.265,0.022
272,1726.19,1229.95,16.637,0.007,0.918,0.012,0.249,0.04,0.608,0.01,1.163,0.011
273,1777.81,1618.63,16.639,0.009,1.119,0.014,0.486,0.066,0.75,0.013,1.428,0.014
274,1968.61,1782.97,16.645,0.01,0.829,0.014,99,99,0.547,0.013,1.043,0.015
275,44.309,1759.01,16.645,0.015,1.012,0.021,0.227,0.051,0.608,0.021,1.195,0.022
276,1930.38,659.373,16.65,0.015,1.933,0.023,99,99,1.154,0.02,2.172,0.019
690,1873.34,1675.93,17.984,0.02,1.126,0.034,99,99,0.708,0.024,1.329,0.027
278,595.398,2006.95,16.651,0.015,0.921,0.022,99,99,0.592,0.021,1.096,0.024
279,1498.45,1295.77,16.661,0.006,0.821,0.01,0.184,0.042,0.561,0.008,1.059,0.01
280,855.141,744.654,16.681,0.009,2.293,0.028,99,99,1.35,0.013,2.541,0.013
281,1249.02,1272.94,16.684,0.007,1.909,0.019,99,99,1.181,0.01,2.224,0.009
282,1717.02,342.809,16.687,0.012,1.371,0.02,99,99,0.817,0.017,1.54,0.017
284,1059.29,1399.09,16.716,0.009,0.809,0.013,0.474,0.049,0.559,0.01,1.054,0.013
285,1748.81,63.315,16.724,0.012,1.036,0.017,0.245,0.065,0.655,0.018,1.291,0.017
286,590.179,1280.78,16.737,0.01,1.154,0.014,0.416,0.076,0.753,0.011,1.439,0.013
287,865.059,434.874,16.74,0.011,0.957,0.017,0.251,0.065,0.59,0.015,1.139,0.018
288,514.549,1008.58,16.746,0.007,0.953,0.013,0.465,0.074,0.63,0.01,1.265,0.011
289,1753.42,327.054,16.75,0.011,0.966,0.017,0.302,0.057,0.612,0.017,1.17,0.016
290,781.24,193.948,16.753,0.013,2.01,0.028,99,99,1.176,0.018,2.235,0.017
291,1287.08,867.622,16.76,0.011,1.92,0.023,99,99,1.149,0.015,2.14,0.015
292,296.535,849.013,16.761,0.011,1.094,0.019,99,99,0.684,0.015,1.307,0.017
293,1387.06,712.026,16.762,0.012,1.358,0.019,99,99,0.896,0.016,1.753,0.016
294,153.707,1745.92,16.767,0.012,1.209,0.02,99,99,0.761,0.017,1.543,0.018
797,92.325,955.378,18.195,0.023,1.268,0.042,99,99,0.762,0.032,1.42,0.035
296,506.5,331.913,16.774,0.011,1.442,0.02,99,99,0.9,0.015,1.679,0.015
297,200.747,1730.44,16.777,0.013,0.989,0.019,0.367,0.066,0.606,0.018,1.161,0.021
298,707.582,682.615,16.781,0.011,1.204,0.018,99,99,0.757,0.014,1.379,0.017
299,1731.91,1906.03,16.782,0.011,0.914,0.017,0.163,0.048,0.633,0.013,1.158,0.019
300,1380.17,618.204,16.785,0.011,0.96,0.016,0.222,0.052,0.606,0.015,1.144,0.016
301,1395.24,1095.4,16.789,0.006,1.317,0.014,99,99,0.848,0.011,1.584,0.011
302,1138.84,1256.05,16.794,0.006,0.871,0.012,0.239,0.047,0.586,0.009,1.111,0.012
303,170.016,262.821,16.796,0.011,0.971,0.02,0.28,0.091,0.586,0.018,1.013,0.016
304,602.096,533.037,16.803,0.013,1.04,0.021,99,99,0.64,0.017,1.331,0.018
305,284.78,895.775,16.808,0.015,0.943,0.022,0.382,0.075,0.597,0.019,1.166,0.022
306,1072.23,1769.13,16.81,0.012,1.003,0.016,0.416,0.072,0.637,0.013,1.168,0.017
307,1442.46,997.504,16.816,0.009,0.885,0.013,0.195,0.054,0.606,0.011,1.177,0.012
790,288.063,1703.81,18.187,0.02,1.168,0.034,99,99,0.748,0.025,1.382,0.032
309,662.056,1346.61,16.825,0.009,0.985,0.013,0.425,0.073,0.664,0.01,1.305,0.013
1024,603.945,175.447,18.679,0.034,1.324,0.067,99,99,0.77,0.042,1.57,0.043
311,1709.59,1422.32,16.829,0.009,0.995,0.013,0.317,0.067,0.647,0.011,1.199,0.013
312,796.934,1168.64,16.831,0.009,1.033,0.013,99,99,0.64,0.01,1.237,0.012
313,834.724,1136.52,16.839,0.007,1.038,0.013,0.379,0.082,0.656,0.009,1.253,0.01
314,1538.54,1456.15,16.841,0.007,0.939,0.012,0.355,0.051,0.63,0.01,1.178,0.013
315,1542.79,1103.85,16.843,0.009,2.408,0.03,99,99,1.445,0.012,2.719,0.011
316,1982.4,372.278,16.844,0.018,1.372,0.029,99,99,0.861,0.031,1.669,0.028
317,941.719,1876.8,16.848,0.013,0.942,0.019,0.266,0.057,0.628,0.014,1.176,0.018
318,714.57,630.747,16.848,0.013,0.97,0.019,99,99,0.634,0.016,1.228,0.018
319,521.087,1305.48,16.858,0.009,1.231,0.018,99,99,0.764,0.011,1.496,0.014
320,814.921,112.37,16.858,0.011,0.994,0.017,99,99,0.64,0.015,1.276,0.017
321,778.583,308.285,16.858,0.011,0.98,0.016,99,99,0.649,0.015,1.241,0.017
322,1833.46,678.321,16.859,0.012,0.978,0.018,99,99,0.619,0.018,1.244,0.016
323,1569.22,1684.82,16.862,0.01,2.054,0.026,99,99,1.228,0.012,2.274,0.013
324,1917.65,470.038,16.864,0.012,0.948,0.019,99,99,0.583,0.018,1.154,0.016
325,1039.2,1575.99,16.873,0.011,0.965,0.015,99,99,0.632,0.013,1.219,0.015
326,1020.48,1367.15,16.892,0.009,0.992,0.014,99,99,0.667,0.01,1.313,0.018
327,1305.17,1770.92,16.9,0.012,1.184,0.02,99,99,0.782,0.013,1.494,0.016
328,120.139,1463.7,16.9,0.011,1.129,0.016,99,99,0.719,0.015,1.35,0.018
329,1558.71,1370.15,16.905,0.011,0.88,0.014,0.266,0.06,0.595,0.014,1.131,0.015
330,1369.8,1265.9,16.909,0.009,1.209,0.015,99,99,0.788,0.012,1.494,0.012
331,1390.92,434.32,16.915,0.011,0.967,0.016,99,99,0.627,0.015,1.212,0.017
332,485.654,1300.44,16.916,0.008,1.959,0.02,99,99,1.164,0.009,2.245,0.01
333,309.063,665.723,16.917,0.012,0.948,0.019,99,99,0.61,0.016,1.158,0.019
334,97.481,1071.45,16.919,0.007,1.126,0.015,99,99,0.729,0.014,1.402,0.014
335,1679.13,1137.02,16.928,0.008,1.147,0.015,99,99,0.732,0.012,1.365,0.012
336,1066.82,1884.83,16.931,0.014,1.022,0.019,0.627,0.1,0.666,0.017,1.27,0.019
337,629.794,1705.49,16.936,0.012,0.972,0.019,99,99,0.602,0.015,1.164,0.018
338,220.96,743.048,16.943,0.013,1.074,0.02,99,99,0.626,0.018,1.187,0.02
339,183.71,1482.22,16.948,0.012,0.955,0.016,0.179,0.059,0.596,0.017,1.149,0.018
340,477.313,1069.87,16.951,0.007,1.047,0.014,99,99,0.718,0.01,1.412,0.01
341,481.841,1762.74,16.951,0.011,1.08,0.02,99,99,0.694,0.014,1.275,0.018
342,1520.04,1220.18,16.957,0.01,1.591,0.017,99,99,0.94,0.012,1.735,0.013
343,613.626,385.008,16.96,0.012,1.065,0.019,99,99,0.665,0.016,1.285,0.017
344,1078.75,1195.44,16.966,0.01,0.933,0.015,99,99,0.616,0.012,1.159,0.013
345,1450.83,914.121,16.968,0.014,0.935,0.019,0.222,0.069,0.591,0.019,1.13,0.02
346,1469.89,1728.13,16.97,0.012,1.005,0.018,99,99,0.661,0.014,1.291,0.017
347,1568.58,1939.65,16.973,0.01,0.849,0.016,99,99,0.558,0.012,1.067,0.015
348,1350.78,1901.89,16.984,0.013,1.095,0.019,99,99,0.688,0.014,1.253,0.018
349,2000.72,1939.6,16.985,0.011,-0.539,0.096,0.677,0.114,0.651,0.014,99,99
350,542.212,1763.9,16.986,0.012,2.902,0.058,99,99,1.74,0.014,3.315,0.016
351,1876.94,1722.91,16.989,0.011,0.884,0.016,0.197,0.056,0.617,0.013,1.144,0.016
352,5.997,386.101,17.004,0.011,2.379,0.034,99,99,1.337,0.017,2.781,0.016
353,1452.98,1007.22,17.008,0.01,0.981,0.014,0.181,0.063,0.635,0.012,1.19,0.013
354,811.903,930.452,17.015,0.014,1.359,0.02,99,99,0.819,0.017,1.569,0.018
355,1982.63,610.228,17.022,0.014,0.89,0.02,99,99,0.612,0.019,1.176,0.019
356,2011.46,1312.19,17.031,0.01,2.035,0.027,99,99,1.199,0.013,2.365,0.013
357,1770.69,1081.43,17.042,0.011,1.327,0.019,99,99,0.847,0.015,1.578,0.015
358,945.618,1534.67,17.043,0.029,1.164,0.034,99,99,0.705,0.03,1.399,0.033
360,1608.3,948.216,17.054,0.014,1.036,0.022,99,99,0.687,0.019,1.287,0.02
361,2014.36,900.033,17.059,0.013,1.077,0.021,99,99,0.778,0.019,1.588,0.019
362,1927.64,1742.87,17.06,0.011,0.836,0.018,99,99,0.55,0.014,1.047,0.015
363,1206.38,1492.21,17.074,0.01,0.972,0.016,99,99,0.626,0.012,1.165,0.014
364,1811.84,1534.16,17.075,0.01,1.014,0.015,99,99,0.644,0.013,1.213,0.015
365,1139.07,1873.71,17.076,0.014,1.575,0.023,99,99,1.01,0.016,1.928,0.017
366,1588.07,280.227,17.081,0.013,0.953,0.019,99,99,0.627,0.018,1.219,0.019
367,1767.71,507.249,17.094,0.012,1.152,0.019,99,99,0.717,0.018,1.375,0.018
368,918.396,1007.17,17.1,0.011,0.919,0.015,99,99,0.591,0.014,1.159,0.014
369,1190.32,1263.11,17.104,0.011,1.242,0.019,99,99,0.775,0.016,1.485,0.014
370,1567.42,1220.43,17.104,0.008,1.073,0.016,99,99,0.684,0.012,1.259,0.013
371,988.115,1167.91,17.107,0.012,1.104,0.019,99,99,0.74,0.013,1.444,0.014
372,879.713,729.61,17.109,0.013,2.203,0.035,99,99,1.28,0.016,2.462,0.017
373,1336.36,1305.97,17.13,0.009,0.911,0.015,0.251,0.069,0.617,0.011,1.16,0.012
374,1500.93,1577.58,17.131,0.01,1.036,0.016,99,99,0.694,0.013,1.327,0.015
375,1370.15,1427.1,17.132,0.01,1.071,0.016,99,99,0.696,0.012,1.299,0.014
376,701.81,6.657,17.133,0.013,1.83,0.026,99,99,1.064,0.016,2.082,0.017
377,1474.69,1260.69,17.133,0.01,1.001,0.016,99,99,0.613,0.013,1.152,0.014
378,1638.25,377.82,17.135,0.012,1.05,0.02,99,99,0.658,0.018,1.277,0.019
379,790.635,1698.59,17.135,0.01,0.983,0.016,99,99,0.626,0.013,1.166,0.016
380,939.354,1287.22,17.141,0.01,0.953,0.016,0.292,0.09,0.627,0.012,1.204,0.013
381,693.563,26.427,17.144,0.052,1.404,0.062,99,99,-0.988,0.187,1.213,0.067
382,1700.94,1167.72,17.148,0.01,1.147,0.017,99,99,0.751,0.013,1.383,0.013
383,502.726,502.946,17.148,0.012,0.946,0.021,99,99,0.607,0.017,1.159,0.018
384,1946.26,1778.19,17.15,0.01,0.934,0.016,99,99,0.608,0.013,1.128,0.015
385,1204.9,197.613,17.151,0.013,1.165,0.019,99,99,0.731,0.018,1.367,0.018
386,1276.55,7.726,17.153,0.013,1.178,0.018,99,99,0.72,0.017,1.43,0.018
1031,1594.5,414.816,18.689,0.033,1.393,0.053,99,99,0.912,0.037,1.629,0.042
388,874.181,613.029,17.157,0.013,1.155,0.022,99,99,0.712,0.018,1.357,0.019
389,904.775,1698.85,17.159,0.01,0.895,0.018,0.214,0.061,0.591,0.012,1.116,0.016
390,809.9,1188.2,17.161,0.01,1.911,0.026,99,99,1.145,0.011,2.174,0.012
391,1067.77,1498.74,17.161,0.01,0.942,0.016,99,99,0.603,0.012,1.123,0.015
392,1607.51,1668.89,17.162,0.011,1.315,0.02,99,99,0.799,0.013,1.491,0.015
393,1767.22,485.056,17.163,0.011,1.093,0.02,99,99,0.682,0.018,1.308,0.016
394,392.389,27.188,17.167,0.013,0.979,0.02,99,99,0.555,0.02,1.131,0.02
395,1835.65,1039.15,17.168,0.011,1.864,0.026,99,99,1.12,0.014,2.098,0.013
396,2028.92,1318.94,17.17,0.01,0.763,0.016,99,99,0.658,0.014,1.403,0.015
397,790.845,1414.71,17.17,0.011,0.991,0.016,99,99,0.703,0.012,1.359,0.015
398,1555.19,845.421,17.174,0.013,1.13,0.019,99,99,0.712,0.018,1.354,0.02
399,1840.78,1621.1,17.176,0.013,0.933,0.019,99,99,0.622,0.015,1.145,0.019
400,958.723,1260.86,17.18,0.012,2.062,0.028,99,99,1.254,0.014,2.378,0.014
401,1183.38,101.518,17.182,0.012,1.092,0.022,99,99,0.719,0.018,1.372,0.018
402,1924.11,690.864,17.185,0.017,1.973,0.032,99,99,1.205,0.023,2.286,0.021
403,146.851,197.531,17.191,0.013,1.948,0.031,99,99,1.075,0.018,2.166,0.019
404,548.078,1195.03,17.192,0.009,1.052,0.014,99,99,0.712,0.011,1.35,0.014
405,483.352,1817.52,17.199,0.014,2.183,0.033,99,99,1.231,0.017,2.342,0.018
406,159.125,579.182,17.201,0.013,1.049,0.022,99,99,0.634,0.021,1.151,0.019
407,308.287,145.646,17.202,0.013,1.14,0.022,99,99,0.697,0.018,1.31,0.021
408,141.273,926.738,17.205,0.015,1.788,0.027,99,99,1.112,0.019,2.123,0.02
409,1681.95,460.468,17.211,0.012,1.092,0.019,99,99,0.687,0.018,1.333,0.018
410,2010.92,1057.56,17.216,0.013,0.817,0.019,0.101,0.081,0.605,0.016,1.257,0.016
411,113.615,1962.97,17.231,0.02,1.178,0.027,99,99,0.666,0.025,1.253,0.029
890,1910.48,187.021,18.419,0.034,1.314,0.062,99,99,0.839,0.042,1.63,0.046
413,1033.06,1700.8,17.238,0.013,0.907,0.019,0.166,0.069,0.614,0.015,1.207,0.019
414,185.049,186.921,17.242,0.013,1.057,0.019,99,99,0.652,0.021,1.336,0.019
415,1480.45,244.879,17.245,0.014,1.286,0.023,99,99,0.789,0.019,1.527,0.02
416,996.552,71.274,17.25,0.012,1.081,0.021,99,99,0.668,0.017,1.255,0.018
417,853.064,1708.02,17.252,0.013,1.109,0.02,99,99,0.728,0.016,1.355,0.018
418,481.697,1473.59,17.257,0.011,1.478,0.023,99,99,0.97,0.012,1.784,0.015
419,123.848,174.644,17.263,0.016,1.126,0.025,99,99,0.664,0.023,1.34,0.023
420,267.297,697.233,17.266,0.014,2.068,0.038,99,99,1.193,0.019,2.331,0.019
421,83.531,302.643,17.266,0.014,0.934,0.022,99,99,0.56,0.021,1.162,0.022
422,578.009,1404.63,17.271,0.013,2.084,0.027,99,99,1.261,0.014,2.386,0.015
423,1804.33,1687.87,17.272,0.01,0.827,0.018,99,99,0.587,0.014,1.096,0.017
424,1745.97,970.322,17.273,0.016,1.165,0.023,99,99,0.749,0.02,1.409,0.02
425,1713.67,1638.7,17.273,0.011,1.065,0.02,99,99,0.653,0.015,1.206,0.016
426,1276.69,1517.36,17.274,0.012,2.028,0.028,99,99,1.234,0.014,2.321,0.014
427,1894.36,1669.6,17.274,0.021,1.551,0.039,99,99,0.962,0.027,1.784,0.031
428,38.343,1624.33,17.281,0.014,1.043,0.021,99,99,0.704,0.02,1.343,0.022
429,323.978,954.036,17.281,0.018,1.039,0.026,99,99,0.671,0.025,1.285,0.029
430,27.276,1221.4,17.291,0.013,1.041,0.023,99,99,0.675,0.019,1.285,0.02
431,605.443,453.22,17.291,0.013,1.04,0.023,99,99,0.657,0.017,1.249,0.02
432,1810.98,891.609,17.294,0.015,1.255,0.025,99,99,0.775,0.02,1.449,0.021
433,1241.58,1599.3,17.298,0.011,1.126,0.017,99,99,0.73,0.013,1.348,0.016
434,1664.33,1861.43,17.309,0.015,1.122,0.022,99,99,0.768,0.018,1.405,0.021
956,1626.41,1056.98,18.565,0.024,1.355,0.05,99,99,0.804,0.028,1.527,0.032
436,82.617,1841.06,17.311,0.019,1.038,0.03,99,99,0.648,0.027,1.233,0.029
437,1315.01,1130.22,17.314,0.012,1.02,0.018,99,99,0.663,0.014,1.254,0.016
438,1711.39,984.68,17.315,0.016,1.015,0.026,99,99,0.707,0.021,1.322,0.024
439,459.436,1489.32,17.316,0.012,1.041,0.019,99,99,0.667,0.014,1.303,0.016
440,812.497,1800.14,17.321,0.014,0.86,0.075,99,99,0.804,0.016,1.409,0.018
441,517.223,1594.1,17.323,0.013,0.972,0.019,0.092,0.085,0.622,0.015,1.201,0.019
442,831.609,14.614,17.328,0.013,1.048,0.022,99,99,0.629,0.018,1.224,0.022
443,543.178,526.831,17.329,0.013,1.327,0.026,99,99,0.852,0.016,1.714,0.02
444,1960.1,1627.24,17.33,0.012,0.979,0.018,99,99,0.695,0.016,1.309,0.018
445,1571.15,1441.48,17.333,0.017,1.026,0.024,99,99,0.64,0.02,1.206,0.021
446,1882.01,639.932,17.339,0.013,1.165,0.025,99,99,0.723,0.02,1.409,0.02
447,1469.66,257.182,17.347,0.014,1.17,0.022,99,99,0.684,0.019,1.349,0.022
448,540.806,865.751,17.349,0.016,2.17,0.039,99,99,1.307,0.019,2.519,0.019
449,712.734,1957.68,17.351,0.014,1.022,0.024,99,99,0.646,0.017,1.268,0.019
450,929.331,1077.53,17.352,0.013,1.02,0.023,99,99,0.683,0.015,1.288,0.019
451,40.746,1284.79,17.355,0.013,1.051,0.022,99,99,0.618,0.018,1.219,0.02
452,1145.59,281.272,17.356,0.029,1.117,0.043,99,99,0.695,0.049,1.371,0.056
453,1400.91,1054.6,17.357,0.013,1.046,0.02,99,99,0.684,0.015,1.272,0.019
454,76.776,423.458,17.357,0.015,0.935,0.024,99,99,0.578,0.026,1.199,0.025
455,1670.94,41.21,17.358,0.012,1.052,0.022,99,99,0.613,0.018,1.269,0.019
456,514.531,804.109,17.362,0.012,1.062,0.022,99,99,0.731,0.017,1.397,0.019
457,395.843,376.493,17.366,0.017,1.231,0.026,99,99,0.72,0.023,1.444,0.026
458,1377.8,44.926,17.366,0.013,1.121,0.024,99,99,0.669,0.018,1.289,0.019
459,1810.69,258.93,17.366,0.032,1.034,0.043,99,99,0.73,0.061,1.005,0.043
460,1622.3,1693.91,17.37,0.014,0.887,0.021,0.113,0.072,0.626,0.017,1.163,0.02
461,1219.99,1260.67,17.374,0.011,0.996,0.018,99,99,0.65,0.014,1.199,0.015
462,254.904,1862.25,17.376,0.019,1.164,0.029,99,99,0.759,0.024,1.466,0.024
463,1655.79,1804.89,17.377,0.073,1.477,0.087,99,99,99,99,99,99
464,1988,628.656,17.387,0.013,1.048,0.024,99,99,0.68,0.021,1.28,0.023
465,1063.62,392.923,17.401,0.029,1.36,0.04,99,99,1.094,0.047,2.255,0.041
466,1159.21,843.361,17.408,0.015,2.346,0.056,99,99,1.388,0.019,2.608,0.019
467,218.161,1267.79,17.41,0.012,2.846,0.052,99,99,1.834,0.014,3.591,0.015
468,622.123,1005.65,17.412,0.013,1.143,0.022,99,99,0.72,0.015,1.348,0.018
469,1664.73,1490.01,17.412,0.017,0.855,0.025,99,99,0.55,0.019,1.121,0.025
470,1322.23,469.549,17.413,0.011,1.506,0.032,99,99,1.01,0.016,1.884,0.016
471,573.03,1530.08,17.414,0.01,1.35,0.02,99,99,0.858,0.012,1.662,0.015
472,855.672,1953.74,17.414,0.015,1.054,0.022,99,99,0.662,0.018,1.231,0.023
473,637.018,88.93,17.415,0.015,1.084,0.022,99,99,0.674,0.02,1.338,0.021
474,1989.79,751.268,17.419,0.013,1.135,0.025,99,99,0.722,0.018,1.376,0.02
475,141.63,1345.25,17.42,0.012,1.225,0.021,99,99,0.772,0.016,1.47,0.018
476,1958.24,1091.29,17.42,0.013,1.146,0.024,99,99,0.686,0.015,1.233,0.019
477,1034.24,285.771,17.421,0.013,1.061,0.019,99,99,0.721,0.018,1.394,0.021
478,927.91,85.727,17.423,0.014,2.266,0.042,99,99,1.322,0.018,2.508,0.018
479,1183.44,174.511,17.423,0.015,1.292,0.033,99,99,0.805,0.021,1.487,0.02
480,733.236,1354.05,17.427,0.013,0.985,0.019,99,99,0.661,0.015,1.285,0.019
481,1762.51,163.384,17.429,0.018,1.025,0.029,99,99,0.646,0.024,1.25,0.024
482,1910.48,1058.95,17.431,0.011,0.92,0.019,99,99,0.606,0.014,1.138,0.019
483,575.13,877.062,17.432,0.015,1.15,0.022,99,99,0.707,0.019,1.458,0.024
484,1259.66,1070.34,17.436,0.011,1.214,0.018,99,99,0.782,0.015,1.519,0.015
485,1908.81,1882.14,17.438,0.014,1.399,0.024,99,99,0.916,0.018,1.767,0.022
486,844.947,1586.91,17.443,0.012,0.995,0.019,0.355,0.113,0.667,0.014,1.239,0.017
487,249.366,1506.84,17.451,0.015,1.046,0.025,99,99,0.682,0.02,1.326,0.023
488,1917.73,352.345,17.455,0.017,0.939,0.026,99,99,0.621,0.022,1.262,0.024
489,1903.6,1799.19,17.462,0.013,1.943,0.033,99,99,1.145,0.016,2.169,0.016
490,1575.08,1910.64,17.473,0.013,1.139,0.023,99,99,0.732,0.016,1.281,0.018
491,140.843,484.42,17.486,0.015,1.038,0.027,99,99,0.583,0.023,1.22,0.025
492,1594.96,125.988,17.486,0.015,0.917,0.023,99,99,0.581,0.021,1.132,0.021
493,1340.72,1125.81,17.495,0.011,1.019,0.019,99,99,0.666,0.014,1.259,0.018
494,892.678,1823.78,17.497,0.016,0.925,0.024,99,99,0.569,0.019,1.128,0.025
495,187.914,1745.37,17.501,0.017,1.219,0.027,99,99,0.763,0.023,1.472,0.023
496,1816.55,147.305,17.503,0.016,1.619,0.036,99,99,0.934,0.022,1.798,0.021
497,1093.53,1165.54,17.517,0.013,1.012,0.02,99,99,0.683,0.016,1.331,0.018
498,567.487,157.65,17.53,0.014,2.47,0.044,99,99,1.461,0.018,2.828,0.017
499,1516.52,719.396,17.531,0.017,1.248,0.029,99,99,0.78,0.022,1.424,0.024
500,830.039,538.883,17.532,0.014,0.991,0.023,99,99,0.668,0.018,1.246,0.022
501,76.166,1324.83,17.534,0.015,2.518,0.046,99,99,1.537,0.018,2.923,0.02
502,522.924,1798.51,17.537,0.016,1.018,0.026,99,99,0.672,0.02,1.314,0.024
503,1502.66,49.101,17.542,0.017,1.08,0.027,99,99,0.674,0.024,1.308,0.026
504,1102.91,623.732,17.543,0.015,1.136,0.026,99,99,0.732,0.021,1.386,0.022
505,606.507,957.06,17.544,0.018,0.956,0.027,99,99,0.642,0.023,1.242,0.026
506,1282.42,1221.98,17.544,0.012,0.891,0.019,99,99,0.621,0.017,1.139,0.02
507,488.61,1508.42,17.547,0.016,1.247,0.026,99,99,0.796,0.018,1.429,0.02
508,893.953,1805.63,17.559,0.013,0.915,0.023,99,99,0.648,0.016,1.226,0.02
509,1186.08,674.701,17.56,0.015,1.335,0.032,99,99,0.806,0.019,1.52,0.022
510,712.838,1833.29,17.565,0.017,1.106,0.026,99,99,0.697,0.02,1.357,0.023
511,1173.38,222.526,17.571,0.014,1.339,0.028,99,99,0.854,0.019,1.66,0.02
512,1327.48,2003.93,17.573,0.014,1.035,0.025,99,99,0.681,0.016,1.281,0.02
513,1582.67,885.679,17.578,0.016,1.969,0.038,99,99,1.227,0.022,2.266,0.02
514,1960.81,1252.87,17.581,0.014,1.456,0.03,99,99,0.972,0.017,1.774,0.018
515,1013.81,1261.7,17.582,0.015,1.037,0.022,99,99,0.671,0.017,1.28,0.021
516,1626.58,1910.27,17.583,0.015,1.03,0.024,99,99,0.716,0.018,1.334,0.021
517,416.673,1487.74,17.584,0.016,1.082,0.027,99,99,0.763,0.02,1.449,0.022
518,1944.73,1550.05,17.584,0.013,0.867,0.019,99,99,0.62,0.016,1.125,0.021
519,264.998,1167.85,17.588,0.013,2.214,0.039,99,99,1.328,0.015,2.522,0.016
520,1309.88,1820.68,17.591,0.027,1.898,0.057,99,99,1.207,0.03,2.35,0.033
521,429.781,1863.3,17.592,0.013,1.209,0.024,99,99,0.742,0.017,1.468,0.019
522,1373.33,575.943,17.593,0.013,1.549,0.029,99,99,0.959,0.018,1.85,0.017
1156,1492.24,816.595,18.937,0.034,1.345,0.076,99,99,0.756,0.043,1.441,0.047
524,164.51,892.302,17.597,0.016,2.069,0.04,99,99,1.21,0.022,2.333,0.021
525,1403.48,953.003,17.599,0.016,0.987,0.026,99,99,0.624,0.023,1.216,0.025
526,568.01,1956.31,17.601,0.021,1.118,0.032,99,99,0.668,0.026,1.29,0.029
527,1023.87,1709.32,17.608,0.018,1.063,0.026,99,99,0.687,0.024,1.282,0.029
528,202.584,741.078,17.612,0.018,2.471,0.055,99,99,1.405,0.021,2.714,0.024
529,747.499,219.086,17.612,0.02,1.306,0.036,99,99,0.786,0.025,1.561,0.028
530,188.698,658.436,17.614,0.014,2.029,0.037,99,99,1.202,0.019,2.29,0.019
531,1170.38,1241.15,17.615,0.014,0.964,0.023,99,99,0.628,0.017,1.215,0.019
532,1318.26,1038.63,17.616,0.015,1.331,0.025,99,99,0.85,0.018,1.632,0.02
533,563.454,538.99,17.616,0.014,1.027,0.025,99,99,0.666,0.02,1.253,0.021
534,1959.74,1371.39,17.617,0.015,0.862,0.02,99,99,0.558,0.023,0.989,0.03
535,1614.81,432.266,17.619,0.015,0.973,0.026,99,99,0.62,0.019,1.229,0.023
536,1202.03,1135.48,17.62,0.012,1.181,0.022,99,99,0.793,0.014,1.534,0.018
537,79.801,628.816,17.621,0.015,1.095,0.029,99,99,0.602,0.022,1.184,0.024
538,1561.48,1662.09,17.622,0.014,1.292,0.027,99,99,0.894,0.017,1.707,0.017
539,1699.26,984.857,17.623,0.022,1.064,0.032,99,99,0.655,0.028,1.281,0.035
540,623.991,1248.64,17.627,0.016,1.035,0.023,99,99,0.637,0.018,1.216,0.022
541,903.704,1897.78,17.629,0.02,0.994,0.029,99,99,0.652,0.025,1.227,0.029
542,1037.77,547.025,17.63,0.015,2.048,0.041,99,99,1.202,0.019,2.288,0.019
543,765.409,1867.31,17.63,0.018,1.244,0.03,99,99,0.803,0.02,1.495,0.026
544,207.026,1328.23,17.63,0.014,1.251,0.023,99,99,0.775,0.017,1.476,0.021
545,366.685,1082.68,17.632,0.01,1.063,0.02,99,99,0.661,0.013,1.269,0.019
546,819.081,673.077,17.636,0.016,1.152,0.026,99,99,0.738,0.02,1.402,0.022
547,300.3,1357.03,17.636,0.014,1.152,0.025,99,99,0.675,0.017,1.359,0.02
548,1886.46,934.538,17.637,0.018,1.126,0.037,99,99,0.703,0.023,1.275,0.029
549,1239.06,328.557,17.641,0.014,0.966,0.025,99,99,0.637,0.019,1.216,0.021
550,2025.73,1811.2,17.643,0.014,0.454,0.022,99,99,0.702,0.016,1.562,0.022
551,73.374,934.957,17.644,0.019,2.011,0.041,99,99,1.176,0.025,2.294,0.028
552,1383.23,1466.3,17.644,0.013,1.128,0.022,99,99,0.738,0.016,1.419,0.019
553,1864.39,1761.19,17.645,0.014,0.883,0.024,99,99,0.613,0.017,1.145,0.022
554,1504.31,1855.84,17.649,0.016,0.912,0.023,99,99,0.639,0.019,1.197,0.023
555,1647.71,260.784,17.65,0.015,1.035,0.028,99,99,0.663,0.022,1.262,0.022
556,180.67,1803.68,17.652,0.015,1.61,0.034,99,99,0.953,0.021,1.853,0.023
557,352.34,1504.57,17.652,0.013,1.389,0.029,99,99,0.872,0.016,1.672,0.019
558,180.41,679.632,17.656,0.014,1.192,0.024,99,99,0.742,0.021,1.482,0.022
559,1780.21,733.9,17.662,0.015,1.246,0.029,99,99,0.777,0.02,1.467,0.022
560,871.469,1661.52,17.666,0.015,1.249,0.029,99,99,0.792,0.017,1.421,0.022
561,402.624,1914.82,17.666,0.017,1.163,0.031,99,99,0.728,0.021,1.436,0.023
562,1312.72,769.726,17.669,0.015,1.01,0.029,99,99,0.641,0.019,1.223,0.024
563,992.106,1390.12,17.67,0.014,0.946,0.022,99,99,0.657,0.016,1.29,0.02
564,217.436,1351.09,17.67,0.014,1.063,0.023,99,99,0.69,0.017,1.337,0.021
565,638.435,286.438,17.672,0.014,1.166,0.026,99,99,0.691,0.021,1.321,0.02
566,803.077,1738.47,17.677,0.014,1.181,0.024,99,99,0.754,0.016,1.387,0.022
567,358.689,593.133,17.68,0.016,1.07,0.031,99,99,0.648,0.022,1.203,0.024
568,660.588,1899.42,17.683,0.018,2.108,0.046,99,99,1.285,0.02,2.438,0.022
570,892.579,955.973,17.687,0.018,1.113,0.03,99,99,0.714,0.025,1.322,0.03
571,1022.72,6.12,17.688,0.014,1.138,0.024,99,99,0.692,0.021,1.38,0.02
572,788.542,1984.15,17.693,0.017,1.097,0.029,99,99,0.692,0.019,1.288,0.025
573,1327.72,880.337,17.698,0.013,1.324,0.026,99,99,0.87,0.02,1.562,0.02
574,649.799,793.086,17.7,0.018,2.109,0.047,99,99,1.222,0.021,2.362,0.022
576,1959.39,132.416,17.7,0.02,1.08,0.033,99,99,0.641,0.025,1.282,0.028
577,283.678,676.881,17.701,0.019,1.748,0.05,99,99,1.057,0.023,2.046,0.024
578,1156.68,1640.12,17.707,0.012,1.116,0.027,99,99,0.774,0.015,1.369,0.019
579,817.011,1694.73,17.709,0.016,1.004,0.026,99,99,0.663,0.018,1.209,0.023
580,1847.52,1536.77,17.712,0.014,1.082,0.023,99,99,0.678,0.017,1.28,0.02
581,1912.16,1778.67,17.712,0.013,0.985,0.021,99,99,0.673,0.016,1.203,0.02
582,613.091,340.76,17.712,0.016,1.086,0.028,99,99,0.634,0.021,1.22,0.024
583,1392.41,812.906,17.714,0.016,1.039,0.026,99,99,0.651,0.021,1.271,0.026
584,1956.73,1978.25,17.715,0.018,-0.157,0.202,99,99,0.692,0.022,99,99
585,359.344,1798.99,17.72,0.016,1.106,0.028,99,99,0.688,0.021,1.302,0.023
586,1647.9,1932.43,17.722,0.018,0.968,0.026,99,99,0.651,0.021,1.208,0.024
587,1588.84,84.891,17.722,0.015,1.064,0.025,99,99,0.631,0.021,1.218,0.022
588,654.157,497.966,17.731,0.017,1.278,0.03,99,99,0.832,0.022,1.559,0.025
589,14.711,1967.44,17.733,0.018,2.056,0.044,99,99,1.231,0.024,2.335,0.027
590,1369.34,1705.76,17.733,0.016,0.923,0.025,99,99,0.635,0.02,1.155,0.023
591,1479.41,1207.45,17.737,0.015,0.966,0.025,99,99,0.695,0.018,1.293,0.022
592,1766.94,1890.43,17.738,0.017,0.943,0.028,99,99,0.655,0.019,1.224,0.024
593,525.186,1680.2,17.743,0.015,1.303,0.028,99,99,0.844,0.018,1.514,0.022
594,1397.71,1021.82,17.744,0.015,1.02,0.024,99,99,0.669,0.018,1.286,0.02
595,66.867,194.812,17.745,0.018,1.121,0.031,99,99,0.619,0.026,1.345,0.028
596,1535.13,690.4,17.746,0.019,1.31,0.033,99,99,0.799,0.025,1.541,0.026
597,1982.04,566.091,17.747,0.019,1.038,0.032,99,99,0.673,0.025,1.281,0.027
598,699.962,653.791,17.747,0.02,1.006,0.03,99,99,0.666,0.025,1.295,0.029
599,1042.93,956.813,17.749,0.02,1.049,0.033,99,99,0.615,0.025,1.215,0.029
600,430.569,1496.13,17.75,0.019,1.126,0.028,99,99,0.712,0.022,1.4,0.026
601,1735.62,1510.87,17.751,0.015,1.026,0.024,99,99,0.674,0.018,1.253,0.021
602,68.17,219.51,17.761,0.017,1.03,0.032,99,99,0.551,0.024,1.203,0.032
603,1972.66,916.863,17.763,0.019,2.125,0.061,99,99,1.268,0.025,2.392,0.025
604,1221.93,432.674,17.768,0.016,1.126,0.028,99,99,0.719,0.021,1.416,0.023
605,53.325,1996.93,17.77,0.017,1.616,0.041,99,99,0.89,0.025,1.752,0.029
606,1358.19,1543.45,17.774,0.017,1.207,0.028,99,99,0.735,0.019,1.363,0.025
607,994.567,1215.68,17.778,0.015,1.122,0.024,99,99,0.732,0.018,1.451,0.02
608,359.366,1607.3,17.78,0.015,1.287,0.029,99,99,0.798,0.02,1.481,0.023
609,1628.18,1326.38,17.78,0.015,1.036,0.024,99,99,0.673,0.018,1.244,0.022
610,521.565,790.375,17.781,0.017,1.235,0.032,99,99,0.785,0.022,1.483,0.024
611,166.432,1519.73,17.781,0.014,1.115,0.029,99,99,0.682,0.021,1.29,0.022
612,1359.08,377.205,17.781,0.019,1.017,0.029,99,99,0.665,0.025,1.279,0.028
613,492.213,512.689,17.781,0.017,1.115,0.03,99,99,0.649,0.023,1.261,0.023
614,538.542,897.611,17.782,0.02,1.371,0.036,99,99,0.888,0.026,1.736,0.03
615,426.343,594.68,17.783,0.016,1.146,0.028,99,99,0.677,0.022,1.296,0.025
616,676.267,426.401,17.787,0.019,1.013,0.03,99,99,0.675,0.023,1.322,0.025
617,1995.56,1322.92,17.795,0.013,0.934,0.025,99,99,0.63,0.018,1.123,0.022
618,1032.41,560.328,17.796,0.017,1.207,0.031,99,99,0.713,0.022,1.389,0.023
619,334.744,448.019,17.798,0.017,1.089,0.031,99,99,0.709,0.022,1.434,0.023
620,285.24,738.579,17.798,0.019,1.154,0.036,99,99,0.74,0.025,1.411,0.027
621,1648.53,1857.28,17.798,0.016,1.012,0.027,99,99,0.692,0.019,1.302,0.025
622,2024.69,460.785,17.8,0.017,0.513,0.035,99,99,0.719,0.026,1.714,0.031
623,1827.99,785.68,17.805,0.017,1.041,0.033,99,99,0.685,0.023,1.289,0.026
624,391.307,1459.87,17.806,0.016,2.277,0.057,99,99,1.324,0.017,2.532,0.02
625,987.357,318.105,17.807,0.017,1.182,0.03,99,99,0.73,0.022,1.442,0.023
626,672.474,1183.97,17.811,0.015,1.068,0.024,99,99,0.663,0.018,1.319,0.02
627,1267.41,442.765,17.814,0.017,1.979,0.039,99,99,1.238,0.021,2.35,0.022
629,226.69,1738.66,17.817,0.019,1.33,0.038,99,99,0.813,0.023,1.576,0.026
630,346.242,21.351,17.818,0.015,1.494,0.031,99,99,0.854,0.021,1.669,0.02
631,1306.43,1013.02,17.818,0.016,1.081,0.026,99,99,0.718,0.019,1.379,0.022
632,219.188,913.621,17.819,0.021,1.711,0.049,99,99,1.147,0.026,2.278,0.028
633,1228.28,119.192,17.822,0.016,1.374,0.033,99,99,0.889,0.021,1.728,0.022
754,703.464,1918.04,18.115,0.026,1.279,0.039,99,99,0.847,0.031,1.604,0.037
635,324.609,1330.85,17.827,0.019,1.275,0.033,99,99,0.81,0.025,1.608,0.028
636,476.903,1137.02,17.841,0.014,1.236,0.026,99,99,0.765,0.017,1.412,0.019
637,1807.29,1605.38,17.844,0.016,0.939,0.026,99,99,0.61,0.02,1.19,0.025
638,800.276,324.469,17.847,0.015,1.458,0.03,99,99,0.873,0.02,1.741,0.021
639,493.377,1635.57,17.848,0.013,1.236,0.026,99,99,0.755,0.017,1.383,0.02
640,1147.84,1082.99,17.848,0.019,1.101,0.027,99,99,0.708,0.027,1.391,0.038
641,116.235,872.852,17.85,0.021,1.146,0.033,99,99,0.707,0.027,1.367,0.032
642,890.628,1305.3,17.854,0.014,1.338,0.026,99,99,0.918,0.017,1.769,0.018
643,1363.69,699.94,17.865,0.015,1.086,0.028,99,99,0.694,0.021,1.281,0.025
644,1918.18,457.426,17.866,0.024,2.103,0.053,99,99,1.323,0.028,2.481,0.028
1079,1988.98,686.399,18.765,0.038,1.118,0.068,99,99,0.712,0.048,1.411,0.056
646,1359.82,238.761,17.873,0.017,1.078,0.027,99,99,0.699,0.023,1.342,0.027
647,855.022,567.123,17.874,0.02,1.087,0.033,99,99,0.739,0.023,1.395,0.028
648,948.617,186.928,17.874,0.016,1.075,0.03,99,99,0.698,0.02,1.337,0.024
649,162.581,1007.58,17.878,0.015,1.142,0.027,99,99,0.686,0.019,1.284,0.026
650,745.651,9.57,17.879,0.018,1.108,0.033,99,99,0.676,0.024,1.327,0.026
651,1960.92,383.897,17.88,0.02,1.15,0.038,99,99,0.74,0.025,1.393,0.029
652,1443.79,1630.46,17.882,0.016,1.12,0.029,99,99,0.738,0.019,1.373,0.022
653,1618.06,1653.46,17.882,0.016,1.103,0.031,99,99,0.684,0.02,1.233,0.023
654,294.052,748.544,17.883,0.019,1.263,0.042,99,99,0.765,0.025,1.507,0.029
655,1678,841.834,17.884,0.016,1.245,0.034,99,99,0.769,0.022,1.501,0.022
656,617.901,1857.66,17.889,0.017,1.006,0.031,99,99,0.696,0.02,1.277,0.025
657,1956.46,48.181,17.894,0.016,0.831,0.052,99,99,0.648,0.025,1.306,0.031
658,1228.32,350.843,17.895,0.015,1.58,0.038,99,99,1.016,0.021,1.858,0.02
660,1882.98,1330.39,17.897,0.018,0.982,0.03,99,99,0.637,0.021,1.241,0.025
661,1891.9,962.952,17.902,0.022,1.132,0.038,99,99,0.704,0.031,1.347,0.033
662,663.363,116.505,17.902,0.018,1.107,0.031,99,99,0.644,0.026,1.282,0.03
663,1671.9,1673.17,17.904,0.016,1.06,0.029,99,99,0.721,0.019,1.374,0.022
664,628.017,1750.92,17.904,0.015,1.146,0.029,99,99,0.686,0.019,1.273,0.025
665,1841.32,130.345,17.909,0.017,1.081,0.028,99,99,0.682,0.023,1.296,0.026
666,1081.34,688.629,17.917,0.017,1.04,0.03,99,99,0.673,0.024,1.27,0.028
667,1287.2,1958.03,17.918,0.018,1.014,0.031,99,99,0.698,0.021,1.275,0.026
668,9.466,971.594,17.919,0.026,1.243,0.039,99,99,0.701,0.032,1.331,0.035
669,1139.69,743.435,17.923,0.019,1.244,0.034,99,99,0.822,0.024,1.544,0.026
670,1493.7,1759.23,17.924,0.018,1.119,0.03,99,99,0.682,0.022,1.275,0.023
671,7.251,941.028,17.925,0.022,1.126,0.032,99,99,0.751,0.028,1.425,0.03
672,759.251,1323.47,17.926,0.017,1.177,0.026,99,99,0.73,0.019,1.365,0.025
673,1945.43,1028.44,17.926,0.014,1.046,0.027,99,99,0.647,0.019,1.21,0.023
674,644.597,573.625,17.929,0.018,1.13,0.032,99,99,0.75,0.024,1.474,0.029
1046,812.71,1788.47,18.716,0.036,1.367,0.063,99,99,0.836,0.042,1.605,0.05
676,495.745,1916.53,17.933,0.017,1.031,0.029,99,99,0.643,0.022,1.205,0.025
677,1551.87,550.635,17.939,0.018,1.116,0.03,99,99,0.75,0.025,1.448,0.026
679,1932.71,560.395,17.944,0.023,1.222,0.042,99,99,0.683,0.034,1.322,0.033
680,1854.95,1883.06,17.949,0.019,1.368,0.032,99,99,0.925,0.021,1.643,0.025
681,1524.09,1677.71,17.954,0.016,1.169,0.032,99,99,0.756,0.02,1.441,0.025
682,161.584,1816.89,17.954,0.022,1.141,0.035,99,99,0.741,0.03,1.429,0.03
683,179.421,1542.64,17.955,0.02,1.122,0.033,99,99,0.666,0.025,1.34,0.027
684,1243.77,728.101,17.959,0.02,1.303,0.032,99,99,0.805,0.025,1.466,0.026
853,1997.39,1446.86,18.339,0.024,1.089,0.039,99,99,0.655,0.032,1.261,0.031
686,1905.04,623.169,17.965,0.021,1.266,0.039,99,99,0.758,0.027,1.402,0.032
687,995.064,471.645,17.967,0.017,2.484,0.058,99,99,1.415,0.021,2.721,0.021
688,945.75,1031.48,17.978,0.019,1.115,0.03,99,99,0.75,0.023,1.39,0.032
689,311.571,1435.24,17.979,0.017,1.184,0.032,99,99,0.791,0.022,1.522,0.026
691,1948.74,690.919,17.984,0.023,1.113,0.045,99,99,0.723,0.031,1.319,0.035
692,418.065,1990,17.985,0.022,1.273,0.037,99,99,0.76,0.027,1.46,0.03
693,1509.81,188.411,17.986,0.024,1.272,0.041,99,99,0.768,0.032,1.454,0.04
694,1612.93,1671.44,17.986,0.019,1.15,0.035,99,99,0.693,0.026,1.239,0.027
695,1723.31,980.14,17.987,0.023,1.268,0.037,99,99,0.784,0.029,1.5,0.03
696,117.961,1739.02,17.987,0.018,1.225,0.035,99,99,0.759,0.023,1.521,0.028
697,1356.41,917.164,17.989,0.027,1.104,0.041,99,99,0.637,0.043,1.282,0.045
698,1876.29,920.068,17.994,0.021,1.198,0.036,99,99,0.797,0.026,1.5,0.029
699,1135.36,309.252,17.998,0.02,1.149,0.033,99,99,0.728,0.025,1.391,0.028
700,1081.27,1825.51,17.999,0.018,1.517,0.035,99,99,0.946,0.02,1.865,0.024
701,78.708,1613.96,18,0.019,1.835,0.044,99,99,1.055,0.023,2.02,0.026
702,1000.9,905.958,18.001,0.02,1.062,0.034,99,99,0.703,0.025,1.341,0.029
703,442.249,1073.2,18.004,0.018,1.043,0.03,99,99,0.696,0.021,1.353,0.026
704,1683.37,879.892,18.006,0.02,1.354,0.034,99,99,0.857,0.026,1.695,0.027
705,472.864,794.635,18.006,0.02,1.155,0.033,99,99,0.771,0.027,1.529,0.031
706,900.224,1178,18.01,0.017,1.145,0.028,99,99,0.746,0.019,1.389,0.023
707,1465.15,498.84,18.013,0.018,1.174,0.036,99,99,0.795,0.024,1.537,0.024
708,1287.66,806.604,18.016,0.017,1.167,0.032,99,99,0.713,0.024,1.308,0.025
709,1061.24,1239.8,18.017,0.016,1.364,0.033,99,99,0.925,0.019,1.77,0.022
710,623.783,937.604,18.021,0.022,2.108,0.055,99,99,1.338,0.027,2.536,0.028
711,1319.29,765.443,18.022,0.019,1.167,0.036,99,99,0.711,0.025,1.339,0.028
712,1794.71,1537.09,18.025,0.017,1.694,0.038,99,99,1.157,0.022,2.485,0.024
713,30.688,965.49,18.025,0.022,1.209,0.038,99,99,0.78,0.03,1.466,0.035
714,865.047,1815.74,18.033,0.019,1.386,0.036,99,99,0.892,0.022,1.627,0.026
715,394.49,1696.39,18.033,0.018,1.224,0.034,99,99,0.713,0.024,1.384,0.027
716,1957.08,1267.54,18.034,0.018,2.481,0.084,99,99,1.523,0.021,2.883,0.021
717,401.902,794.91,18.035,0.02,1.084,0.032,99,99,0.652,0.025,1.291,0.033
718,2015.23,194.256,18.038,0.019,0.718,0.038,99,99,0.711,0.027,1.684,0.03
719,1602.3,1651.03,18.04,0.021,1.243,0.037,99,99,0.779,0.025,1.525,0.027
720,908.963,254.774,18.041,0.02,1.325,0.038,99,99,0.841,0.025,1.546,0.026
721,1143.29,1964.39,18.042,0.022,2.313,0.073,99,99,1.426,0.024,2.699,0.025
722,1794.55,1972.77,18.042,0.022,1.238,0.04,99,99,0.765,0.026,1.542,0.027
724,184.252,107.271,18.045,0.019,1.074,0.035,99,99,0.603,0.027,1.266,0.03
725,1743.84,1538.64,18.048,0.019,1.103,0.033,99,99,0.656,0.023,1.232,0.027
726,1765.27,1556.39,18.052,0.024,1.209,0.062,99,99,0.794,0.028,1.509,0.032
727,1969.3,361.166,18.055,0.022,1.28,0.051,99,99,0.829,0.028,1.509,0.032
728,2018.98,1078.66,18.059,0.02,0.881,0.033,99,99,0.616,0.025,1.345,0.027
729,1348.61,1312.92,18.061,0.017,1.158,0.034,99,99,0.798,0.021,1.438,0.025
730,1084.44,869.85,18.065,0.037,1.511,0.057,99,99,1.156,0.051,2.299,0.048
731,1866.37,664.086,18.07,0.022,1.007,0.039,99,99,0.656,0.028,1.251,0.032
732,896.813,448.807,18.072,0.016,1.166,0.037,99,99,0.722,0.022,1.411,0.024
734,1512.88,910.883,18.077,0.023,1.256,0.041,99,99,0.815,0.029,1.553,0.031
735,1040.44,1222.84,18.087,0.016,1.13,0.031,99,99,0.762,0.02,1.44,0.023
736,912.346,518.941,18.087,0.02,1.12,0.033,99,99,0.655,0.027,1.279,0.029
737,1332.38,1161.01,18.088,0.019,1.454,0.039,99,99,0.971,0.022,1.806,0.023
738,1781.01,1106.08,18.091,0.057,1.732,0.085,99,99,0.187,0.063,0.761,0.071
739,1567.74,407.26,18.092,0.025,2.148,0.066,99,99,1.287,0.03,2.455,0.03
740,140.981,1736.6,18.094,0.028,1.182,0.047,99,99,0.674,0.033,1.53,0.07
741,744.89,1306.66,18.095,0.019,1.331,0.036,99,99,0.843,0.022,1.607,0.026
742,226.49,1813.14,18.095,0.022,1.301,0.037,99,99,0.853,0.028,1.534,0.03
743,196.632,1893.32,18.097,0.028,1.189,0.052,99,99,0.723,0.039,1.421,0.043
744,349.447,1075.99,18.099,0.017,1.229,0.032,99,99,0.77,0.021,1.417,0.024
745,533.104,60.132,18.101,0.023,1.228,0.041,99,99,0.721,0.03,1.463,0.031
746,1913.48,864.727,18.104,0.023,0.945,0.035,99,99,0.634,0.031,1.232,0.035
747,1123.04,920.361,18.105,0.02,1.083,0.037,99,99,0.73,0.025,1.366,0.029
748,884.475,142.137,18.106,0.019,1.164,0.035,99,99,0.688,0.024,1.387,0.032
749,997.799,163.852,18.108,0.021,1.083,0.034,99,99,0.66,0.029,1.32,0.028
750,1257.2,1121.63,18.11,0.018,1.747,0.038,99,99,1.066,0.02,1.972,0.023
751,354.579,1132.35,18.11,0.017,1.29,0.036,99,99,0.789,0.021,1.449,0.023
752,1191.71,1722.9,18.11,0.019,1.123,0.036,99,99,0.783,0.026,1.457,0.026
755,1903.49,1282.62,18.118,0.019,1.086,0.032,99,99,0.649,0.022,1.252,0.027
756,75.096,1894.26,18.123,0.027,1.099,0.054,99,99,0.68,0.036,1.331,0.041
757,73.826,339.537,18.124,0.025,1.286,0.044,99,99,0.74,0.038,1.531,0.037
758,1655.9,86.168,18.128,0.023,1.196,0.045,99,99,0.704,0.03,1.373,0.033
759,561.549,114.699,18.13,0.017,1.166,0.036,99,99,0.706,0.023,1.429,0.024
760,80.294,149.984,18.131,0.026,1.3,0.049,99,99,0.74,0.033,1.538,0.033
761,1252.63,1796.54,18.132,0.02,0.996,0.033,99,99,0.736,0.024,1.353,0.028
762,1305.11,1500.89,18.134,0.019,1.209,0.035,99,99,0.784,0.022,1.428,0.025
763,1390.89,1567.17,18.135,0.021,1.119,0.039,99,99,0.684,0.025,1.319,0.027
764,754.131,1948.78,18.135,0.021,1.048,0.035,99,99,0.661,0.026,1.277,0.031
766,1938.62,501.183,18.138,0.025,1.185,0.049,99,99,0.764,0.032,1.417,0.033
767,495.994,1784.24,18.143,0.018,1.19,0.037,99,99,0.828,0.021,1.567,0.025
768,12.07,466.444,18.145,0.023,1.205,0.042,99,99,0.689,0.031,1.513,0.033
769,24.203,174.651,18.147,0.023,1.259,0.048,99,99,0.685,0.033,1.57,0.033
770,1793.6,1911.97,18.147,0.019,1,0.034,99,99,0.673,0.022,1.287,0.028
771,741.865,1361.37,18.149,0.02,1.348,0.041,99,99,0.909,0.024,1.756,0.027
772,1379.73,940.04,18.151,0.02,1.211,0.032,99,99,0.815,0.024,1.517,0.028
773,837.241,436.996,18.152,0.02,1.105,0.035,99,99,0.663,0.027,1.269,0.028
774,688.345,287.181,18.153,0.022,1.385,0.042,99,99,0.812,0.029,1.594,0.028
775,555.507,1063.5,18.155,0.019,1.261,0.037,99,99,0.738,0.023,1.401,0.026
776,970.874,320.841,18.155,0.018,1.163,0.044,99,99,0.713,0.027,1.342,0.032
777,100.127,738.959,18.166,0.036,1.362,0.06,99,99,0.816,0.05,1.637,0.05
778,1390.25,1042.55,18.168,0.021,0.992,0.032,99,99,0.719,0.026,1.277,0.028
779,1311.01,750.081,18.17,0.022,1.476,0.056,99,99,0.863,0.026,1.622,0.032
780,1480.71,1343.28,18.171,0.018,1.228,0.036,99,99,0.861,0.021,1.606,0.024
781,1801.06,789.933,18.175,0.02,2.04,0.055,99,99,1.124,0.027,2.146,0.025
782,1653.4,1683.1,18.175,0.017,1.008,0.032,99,99,0.693,0.022,1.263,0.028
783,731.116,1161.27,18.176,0.017,2.039,0.056,99,99,1.297,0.019,2.466,0.02
784,850.026,793.817,18.176,0.021,1.737,0.054,99,99,1.083,0.025,2.075,0.028
785,1669.98,1372.4,18.178,0.022,0.942,0.033,99,99,0.634,0.027,1.205,0.032
786,1782.76,1002.1,18.179,0.016,1.284,0.035,99,99,0.763,0.02,1.516,0.025
787,1566.87,28.753,18.185,0.024,1.088,0.039,-0.16,0.22,0.615,0.032,1.283,0.036
788,624.416,732.515,18.187,0.023,1.439,0.043,99,99,0.931,0.029,1.799,0.031
789,993.647,1682.69,18.187,0.022,1.022,0.037,99,99,0.748,0.025,1.39,0.031
791,1668.92,122.043,18.188,0.022,1.057,0.043,99,99,0.698,0.029,1.351,0.03
792,1710.25,1791.63,18.19,0.026,1.024,0.039,99,99,0.74,0.032,1.368,0.036
793,870.013,414.691,18.191,0.022,1.162,0.044,99,99,0.681,0.029,1.331,0.032
794,1961.31,991.13,18.193,0.028,0.917,0.037,99,99,0.635,0.037,1.267,0.04
795,1617.36,621.604,18.194,0.022,1.254,0.04,99,99,0.79,0.029,1.576,0.032
796,527.922,579.551,18.194,0.02,1.249,0.043,99,99,0.738,0.026,1.509,0.028
798,1806.98,996.653,18.201,0.021,1.161,0.036,99,99,0.695,0.025,1.39,0.028
799,1513.17,1973.04,18.209,0.038,1.057,0.058,99,99,0.582,0.041,1.217,0.045
800,752.763,1846.37,18.21,0.022,1.283,0.042,99,99,0.767,0.025,1.414,0.031
801,79.411,730.456,18.211,0.026,1.325,0.048,99,99,0.802,0.031,1.655,0.034
802,1501.73,1738.33,18.212,0.021,1.165,0.037,99,99,0.803,0.026,1.534,0.029
931,367.086,1778.21,18.517,0.022,1.19,0.049,99,99,0.753,0.028,1.485,0.032
804,1027.46,1933.31,18.214,0.021,1.307,0.046,99,99,0.847,0.026,1.677,0.027
805,345.485,334.84,18.214,0.022,1.274,0.041,99,99,0.834,0.028,1.604,0.032
806,1351.51,1369.08,18.216,0.02,1.042,0.034,99,99,0.707,0.023,1.336,0.031
807,301.642,338.445,18.219,0.021,1.298,0.04,99,99,0.785,0.029,1.594,0.032
808,307.489,4.746,18.223,0.023,1.063,0.039,99,99,0.65,0.029,1.358,0.033
1182,2000.51,1065.47,18.997,0.039,1.037,0.066,99,99,0.734,0.046,1.355,0.054
810,892.455,689.469,18.228,0.023,1.261,0.043,99,99,0.774,0.03,1.541,0.032
811,424.861,1086.18,18.23,0.019,1.059,0.031,99,99,0.721,0.023,1.404,0.029
812,899.657,1844.81,18.231,0.019,1.207,0.039,99,99,0.795,0.023,1.563,0.027
813,594.029,465.862,18.231,0.018,1.197,0.035,99,99,0.755,0.024,1.483,0.028
814,1618.65,832.077,18.237,0.021,1.329,0.046,99,99,0.853,0.026,1.677,0.027
836,433.02,1578.24,18.292,0.024,1.124,0.043,99,99,0.718,0.028,1.34,0.038
817,1196.32,609.51,18.245,0.022,1.428,0.046,99,99,0.929,0.026,1.745,0.029
818,1594.17,1196.08,18.251,0.016,1.229,0.033,99,99,0.866,0.02,1.633,0.024
819,354.576,1824.55,18.251,0.027,1.255,0.051,99,99,0.85,0.036,1.665,0.041
820,1730.03,1448.71,18.251,0.019,1.208,0.038,99,99,0.82,0.022,1.507,0.029
821,736.353,845.424,18.251,0.024,1.166,0.048,99,99,0.725,0.031,1.369,0.035
822,49.263,1312.77,18.255,0.02,1.324,0.041,99,99,0.839,0.025,1.577,0.029
823,944.062,831.713,18.255,0.021,1.127,0.045,99,99,0.698,0.028,1.332,0.032
824,94.55,668.23,18.259,0.032,1.081,0.042,99,99,0.721,0.036,1.396,0.04
825,1455.42,1379.5,18.259,0.02,1.139,0.04,99,99,0.693,0.023,1.326,0.029
826,88.516,1400.49,18.262,0.018,1.327,0.039,99,99,0.85,0.024,1.646,0.025
827,1300.75,494.971,18.262,0.037,1.34,0.083,99,99,0.8,0.041,1.503,0.045
828,1121.01,1713.36,18.27,0.021,1.147,0.037,99,99,0.762,0.025,1.49,0.029
829,1831.23,224.169,18.27,0.025,1.2,0.051,99,99,0.735,0.032,1.37,0.033
830,1061.35,1427.49,18.278,0.023,1.495,0.049,99,99,0.934,0.028,1.71,0.031
831,674.483,675.585,18.282,0.02,1.212,0.04,99,99,0.786,0.025,1.447,0.03
832,579.566,1722.12,18.282,0.027,1.283,0.049,99,99,0.884,0.043,1.76,0.053
833,1938.48,1205.81,18.284,0.022,1.136,0.042,99,99,0.707,0.026,1.267,0.033
834,1318.33,191.376,18.287,0.022,1.046,0.044,99,99,0.692,0.027,1.351,0.032
835,1282.92,838.384,18.292,0.023,1.274,0.039,99,99,0.884,0.029,1.651,0.031
837,253.032,411.077,18.294,0.031,1.342,0.05,99,99,0.819,0.035,1.635,0.038
838,443.421,703.682,18.295,0.022,1.269,0.043,99,99,0.734,0.028,1.39,0.03
839,1567.61,818.674,18.3,0.032,1.029,0.044,99,99,0.733,0.037,1.287,0.047
840,1328.02,1312.53,18.304,0.024,1.051,0.037,99,99,0.728,0.028,1.328,0.03
841,1827.72,1014.14,18.305,0.053,1.269,0.066,99,99,0.619,0.057,1.226,0.064
842,115.431,37.201,18.309,0.033,1.343,0.054,99,99,0.842,0.039,1.733,0.039
844,406.016,1297.31,18.314,0.023,1.186,0.044,99,99,0.68,0.028,1.381,0.033
845,1778.57,811.88,18.318,0.018,1.146,0.036,99,99,0.761,0.027,1.449,0.029
846,334.421,1913.09,18.32,0.02,1.073,0.036,99,99,0.631,0.028,1.295,0.033
847,1380.17,1195.85,18.324,0.026,1.385,0.049,99,99,0.907,0.03,1.657,0.033
848,1686.05,1847.05,18.328,0.028,1.081,0.043,99,99,99,99,1.409,0.043
849,2026.28,1709,18.334,0.021,0.949,0.038,99,99,0.586,0.028,1.259,0.033
851,991.963,391.383,18.337,0.022,1.142,0.04,99,99,0.76,0.028,1.428,0.032
854,531.919,887.692,18.345,0.027,1.141,0.049,99,99,0.701,0.031,1.307,0.036
855,1734.42,1463.58,18.348,0.024,1.043,0.036,99,99,0.646,0.03,1.245,0.033
856,1300.6,120.048,18.349,0.023,1.312,0.046,99,99,0.743,0.029,1.28,0.095
857,977.149,1775.58,18.35,0.024,1.181,0.04,99,99,0.862,0.028,1.611,0.031
858,673.645,1568.79,18.35,0.024,1.057,0.04,99,99,0.686,0.028,1.333,0.034
859,1719.7,1111.51,18.355,0.023,1.335,0.042,99,99,0.908,0.027,1.744,0.029
860,1812.57,852.413,18.357,0.024,1.098,0.047,99,99,0.714,0.031,1.32,0.033
861,827.943,127.66,18.362,0.022,1.193,0.045,99,99,0.691,0.028,1.32,0.033
862,1791.9,1121.9,18.362,0.019,1.095,0.034,99,99,0.674,0.026,1.333,0.029
863,1239.21,1389.76,18.364,0.022,1.094,0.037,99,99,0.806,0.027,1.444,0.032
864,1289.86,1177.97,18.367,0.019,1.091,0.039,99,99,0.632,0.025,1.275,0.03
865,956.252,1296.3,18.368,0.018,1.254,0.036,99,99,0.796,0.022,1.415,0.027
866,1467.02,1181.25,18.368,0.02,1.103,0.041,99,99,0.7,0.025,1.358,0.03
868,131.633,962.294,18.375,0.028,1.245,0.045,99,99,0.836,0.035,1.53,0.036
869,331.986,1486.5,18.375,0.024,1.071,0.041,99,99,0.759,0.029,1.417,0.031
870,1074.84,1481.43,18.375,0.031,1.307,0.048,99,99,0.812,0.038,1.504,0.046
871,17.877,419.446,18.388,0.024,1.186,0.043,99,99,0.655,0.032,1.458,0.035
872,1887.65,1657.67,18.389,0.022,1.167,0.042,99,99,0.689,0.027,1.281,0.032
873,1657.3,404.453,18.39,0.022,1.225,0.045,99,99,0.738,0.028,1.36,0.038
1268,2006.19,215.955,19.52,0.072,0.911,0.125,99,99,0.809,0.079,99,99
875,1640,1091.65,18.402,0.021,1.198,0.042,99,99,0.816,0.026,1.536,0.031
876,1137.35,1942.93,18.402,0.024,1.113,0.043,99,99,0.725,0.028,1.411,0.033
877,38.387,1821.99,18.402,0.025,1.13,0.042,99,99,0.728,0.03,1.406,0.039
878,156.714,1862.44,18.404,0.027,1.219,0.043,99,99,0.781,0.036,1.543,0.039
879,49.628,443.848,18.407,0.033,1.416,0.056,99,99,0.798,0.04,1.628,0.041
880,1426.54,1463.93,18.408,0.024,1.502,0.05,99,99,1.039,0.027,1.865,0.031
881,1477.71,1357.74,18.409,0.023,1.166,0.044,99,99,0.808,0.027,1.551,0.033
882,1457.32,145.62,18.411,0.028,1.251,0.051,99,99,0.735,0.035,1.418,0.039
883,28.515,339.38,18.411,0.024,1.14,0.042,99,99,0.614,0.031,1.386,0.034
884,845.993,735.016,18.413,0.022,1.444,0.049,99,99,0.852,0.028,1.682,0.029
885,1068.8,484.535,18.413,0.021,1.178,0.043,99,99,0.706,0.028,1.324,0.033
886,252.952,1701.86,18.415,0.028,1.242,0.05,99,99,0.786,0.034,1.5,0.036
887,480.226,1749.24,18.415,0.024,1.229,0.043,99,99,0.762,0.03,1.429,0.035
888,1772.86,1390.74,18.416,0.021,1.033,0.039,99,99,0.615,0.026,1.249,0.033
889,1515.4,1960.55,18.417,0.025,1.712,0.074,99,99,1.146,0.029,2.111,0.029
891,178.824,1816.73,18.42,0.03,1.354,0.054,99,99,0.841,0.035,1.642,0.037
892,1117.65,1912.43,18.425,0.026,1.317,0.05,99,99,0.875,0.03,1.701,0.032
893,1998.81,1012.16,18.427,0.023,1.04,0.042,99,99,0.731,0.029,1.373,0.033
894,1298.73,855.8,18.428,0.029,1.537,0.056,99,99,0.931,0.034,1.797,0.036
895,1405.46,1566.39,18.431,0.02,1.039,0.035,99,99,0.679,0.024,1.294,0.034
896,1501.18,784.607,18.433,0.024,1.167,0.05,99,99,0.785,0.031,1.516,0.033
897,575.875,359.38,18.437,0.024,1.193,0.044,99,99,0.644,0.035,1.289,0.034
898,207.747,35.855,18.438,0.024,1.424,0.048,99,99,0.863,0.032,1.785,0.034
899,301.289,1054.74,18.44,0.025,1.546,0.063,99,99,0.968,0.029,1.764,0.032
900,1622.08,1851.56,18.443,0.026,1.219,0.047,99,99,0.936,0.03,1.69,0.034
901,1868.89,1558.58,18.445,0.071,2.743,0.359,99,99,1.45,0.079,2.811,0.081
902,1317.18,1668.2,18.445,0.024,1.29,0.049,99,99,0.891,0.031,1.707,0.039
903,895.315,1928.13,18.445,0.055,1.31,0.082,99,99,0.746,0.075,1.412,0.083
904,1990.36,433.137,18.447,0.024,1.033,0.041,99,99,0.804,0.03,1.478,0.039
905,1726.15,1246.27,18.449,0.024,1.44,0.05,99,99,0.836,0.028,1.682,0.032
906,1838.5,1981.72,18.449,0.028,0.803,0.05,99,99,0.697,0.035,1.399,0.04
907,243.564,289.69,18.453,0.026,1.141,0.04,99,99,0.614,0.034,1.266,0.038
908,1920.5,1112.32,18.457,0.021,1.223,0.044,99,99,0.774,0.025,1.45,0.031
909,431.544,1409.89,18.46,0.023,1.568,0.057,99,99,1.051,0.028,2.033,0.03
910,2024,986.973,18.46,0.023,1.186,0.058,99,99,0.776,0.029,1.753,0.033
911,1316.41,1583.56,18.46,0.023,1.231,0.043,99,99,0.823,0.028,1.651,0.035
912,1183.03,1943.66,18.464,0.028,1.257,0.052,99,99,0.822,0.032,1.587,0.036
913,1992.79,40.196,18.47,0.026,0.565,0.052,99,99,0.674,0.036,1.457,0.045
914,1511.99,1839.71,18.473,0.025,1.459,0.055,99,99,0.819,0.029,1.63,0.033
915,1412.17,1303.01,18.474,0.025,1.186,0.045,99,99,0.762,0.029,1.516,0.036
916,393.52,1493.75,18.476,0.026,1.387,0.056,99,99,0.839,0.031,1.541,0.034
917,851.325,71.529,18.478,0.025,1.177,0.045,99,99,0.811,0.029,1.567,0.036
918,1466.29,781.232,18.478,0.022,1.235,0.05,99,99,0.766,0.029,1.494,0.032
919,881.853,119.931,18.481,0.024,1.396,0.062,99,99,0.833,0.03,1.502,0.036
920,856.201,782.091,18.483,0.024,1.398,0.059,99,99,0.792,0.031,1.601,0.036
921,69.919,1624.54,18.483,0.028,1.32,0.054,99,99,0.739,0.035,1.561,0.037
922,624.171,1878.72,18.486,0.079,1.59,0.099,99,99,0.728,0.082,1.526,0.086
923,1166.42,1984.98,18.488,0.023,1.265,0.051,99,99,0.716,0.029,1.37,0.033
924,406.264,1101.07,18.497,0.021,1.453,0.053,99,99,0.878,0.025,1.693,0.028
925,1964.89,792.337,18.497,0.022,1.442,0.058,99,99,0.954,0.03,1.709,0.035
926,1712.18,829.3,18.498,0.031,1.184,0.06,99,99,0.736,0.038,1.392,0.039
927,525.636,111.815,18.502,0.023,1.551,0.068,99,99,0.897,0.028,1.748,0.031
928,260.858,41.003,18.509,0.027,1.495,0.059,99,99,0.828,0.034,1.535,0.037
929,869.326,409.635,18.512,0.03,1.281,0.056,99,99,0.834,0.035,1.589,0.038
930,1515.54,174.307,18.512,0.027,1.291,0.063,99,99,0.675,0.036,1.384,0.039
932,1319.1,1710.23,18.518,0.026,1.064,0.043,99,99,0.75,0.031,1.363,0.036
933,1063.39,1289.46,18.52,0.027,1.576,0.064,99,99,1.025,0.032,1.967,0.033
934,1840.82,893.824,18.521,0.03,1.426,0.052,99,99,0.853,0.035,1.645,0.037
935,1388.03,153.079,18.521,0.03,1.262,0.056,99,99,0.807,0.037,1.544,0.045
936,1308.78,567.279,18.522,0.031,1.377,0.069,99,99,0.815,0.036,1.557,0.041
937,477.93,350.223,18.524,0.027,1.208,0.051,99,99,0.779,0.033,1.495,0.038
938,547.206,203.283,18.525,0.023,1.262,0.049,99,99,0.828,0.03,1.58,0.035
939,1435.69,1704.8,18.528,0.027,1.163,0.049,99,99,0.767,0.032,1.373,0.039
940,1872.07,1887.57,18.532,0.03,1.235,0.052,99,99,0.805,0.033,1.449,0.037
941,1317.23,5.853,18.533,0.025,1.373,0.066,99,99,0.904,0.03,1.602,0.038
942,1797.33,778.432,18.534,0.023,1.306,0.053,99,99,0.712,0.033,1.419,0.033
944,988.92,539.022,18.538,0.026,1.141,0.045,99,99,0.697,0.034,1.345,0.037
945,1751.4,778.331,18.539,0.027,1.395,0.065,99,99,0.872,0.033,1.584,0.038
946,310.399,171.734,18.542,0.028,1.194,0.05,99,99,0.717,0.035,1.444,0.041
947,1996.4,872.976,18.542,0.027,0.995,0.05,99,99,0.668,0.035,1.248,0.042
948,176.557,1234.2,18.543,0.026,1.398,0.057,99,99,0.894,0.031,1.746,0.032
949,1296.17,835.701,18.543,0.025,1.224,0.059,99,99,0.755,0.031,1.341,0.042
950,1107.08,826.117,18.546,0.031,1.316,0.055,99,99,0.88,0.037,1.634,0.043
951,360.505,1567.14,18.553,0.031,1.488,0.063,99,99,0.891,0.034,1.755,0.04
952,34.239,263.38,18.559,0.037,1.267,0.068,99,99,0.679,0.044,1.431,0.051
953,668.474,1178.52,18.56,0.03,1.128,0.05,99,99,0.76,0.033,1.449,0.04
954,848.902,30.838,18.561,0.031,1.395,0.058,99,99,0.905,0.037,1.756,0.041
955,1906.81,1055.72,18.564,0.026,1.109,0.046,99,99,0.636,0.035,1.309,0.041
957,1649.21,224.695,18.566,0.027,1.269,0.062,99,99,0.723,0.035,1.451,0.037
958,346.777,933.243,18.568,0.027,1.342,0.056,99,99,0.841,0.033,1.662,0.039
959,637.669,956.228,18.572,0.025,1.778,0.068,99,99,1.078,0.035,2.057,0.034
960,1043.07,16.085,18.574,0.024,1.171,0.046,99,99,0.72,0.031,1.473,0.033
961,742.144,1779.17,18.576,0.023,1.365,0.052,99,99,0.863,0.029,1.669,0.031
962,1123.16,1869.89,18.577,0.026,1.099,0.046,99,99,0.723,0.034,1.362,0.037
963,1672.85,1952.12,18.579,0.026,1.295,0.055,99,99,0.859,0.032,1.645,0.035
964,880.838,1032.16,18.579,0.025,1.217,0.045,99,99,0.808,0.029,1.588,0.032
965,2009.64,1175.04,18.581,0.03,1.061,0.055,99,99,0.675,0.034,1.385,0.04
966,309.859,626.927,18.583,0.024,1.221,0.053,99,99,0.765,0.03,1.442,0.035
967,194.995,1687.9,18.583,0.027,1.228,0.054,99,99,0.71,0.033,1.305,0.042
968,265.386,1992.96,18.585,0.03,1.207,0.056,99,99,0.724,0.037,1.559,0.046
969,1818.85,978.948,18.587,0.029,1.564,0.08,99,99,0.973,0.034,1.858,0.035
970,1824.84,369.67,18.588,0.026,1.298,0.051,99,99,0.862,0.032,1.669,0.037
971,1417.87,1374.92,18.591,0.026,1.134,0.049,99,99,0.709,0.03,1.333,0.037
972,1872.58,84.46,18.595,0.035,1.326,0.058,99,99,0.794,0.042,1.576,0.044
973,2023.67,1534.36,18.596,0.039,0.698,0.088,99,99,99,99,1.475,0.06
974,1142.8,1734.3,18.598,0.026,1.534,0.053,99,99,1.077,0.029,1.995,0.032
975,1762.26,590.538,18.599,0.028,1.141,0.055,99,99,0.731,0.035,1.296,0.045
976,1118.99,1896.92,18.6,0.033,0.973,0.047,99,99,0.688,0.042,1.297,0.044
977,1730.85,737.578,18.601,0.032,1.188,0.064,99,99,0.761,0.041,1.451,0.042
978,1128.44,1264.48,18.606,0.029,1.641,0.068,99,99,0.932,0.032,1.829,0.035
979,278.831,1921.98,18.61,0.032,1.376,0.07,99,99,0.873,0.037,1.693,0.039
980,1949.26,1092.3,18.614,0.03,1.291,0.053,99,99,0.834,0.035,1.528,0.038
981,1282.28,1089.85,18.615,0.031,1.405,0.054,99,99,0.911,0.034,1.671,0.039
982,688.71,226.033,18.615,0.028,1.15,0.046,99,99,0.694,0.037,1.373,0.04
983,841.792,1557.37,18.616,0.052,2.077,0.182,99,99,1.295,0.057,2.547,0.061
984,1111.9,1685.74,18.616,0.023,1.312,0.055,99,99,0.879,0.027,1.684,0.032
985,359.439,1707.63,18.616,0.027,1.207,0.048,99,99,0.777,0.035,1.523,0.041
986,202.234,1663.65,18.617,0.031,1.419,0.064,99,99,0.874,0.036,1.719,0.04
987,1220.2,108.09,18.619,0.025,1.202,0.046,99,99,0.716,0.032,1.388,0.039
988,934.809,1778.99,18.621,0.035,1.558,0.069,99,99,0.889,0.044,1.817,0.052
989,176.549,235.39,18.621,0.041,1.435,0.065,99,99,0.714,0.047,1.501,0.053
990,1240.02,1521.01,18.622,0.03,1.296,0.056,99,99,0.815,0.033,1.547,0.039
991,1651.34,1247.83,18.622,0.028,1.146,0.051,99,99,0.793,0.034,1.496,0.04
992,1294.77,1382.48,18.627,0.027,1.116,0.051,99,99,0.768,0.033,1.461,0.04
994,522.707,1888.4,18.628,0.032,1.336,0.056,99,99,0.88,0.035,1.732,0.04
995,1004.08,1942.44,18.628,0.034,1.134,0.057,99,99,0.783,0.041,1.427,0.045
996,1303.32,722.105,18.632,0.024,1.228,0.061,99,99,0.838,0.031,1.599,0.033
997,415.22,1444.32,18.632,0.026,1.187,0.047,99,99,0.764,0.031,1.479,0.037
998,1581.75,465.164,18.632,0.039,1.356,0.067,99,99,0.755,0.047,1.544,0.052
999,1818.17,1117.73,18.637,0.024,1.085,0.05,99,99,0.845,0.03,1.557,0.036
1000,388.683,1054.33,18.639,0.029,1.396,0.06,99,99,0.935,0.032,1.797,0.038
1001,1271.16,1976.92,18.639,0.028,1.228,0.056,99,99,0.776,0.035,1.505,0.04
1002,1709.82,68.297,18.641,0.028,1.113,0.056,99,99,0.74,0.038,1.402,0.045
1003,269.134,1749.08,18.644,0.028,1.274,0.055,99,99,0.757,0.033,1.498,0.04
1004,1792.44,1772.37,18.645,0.027,1.118,0.049,99,99,0.728,0.033,1.385,0.037
1005,920.667,736.15,18.649,0.031,1.055,0.051,99,99,0.785,0.037,1.409,0.043
1006,791.959,51.35,18.649,0.026,1.274,0.051,99,99,0.76,0.032,1.479,0.037
1007,808.516,759.05,18.652,0.037,1.083,0.059,99,99,0.715,0.043,1.41,0.047
1008,1127.71,146.48,18.652,0.047,1.257,0.07,99,99,0.655,0.052,1.334,0.058
1009,354.144,1426.77,18.653,0.025,1.25,0.05,99,99,0.804,0.03,1.518,0.034
1010,1237.18,189.612,18.654,0.026,1.189,0.051,99,99,0.798,0.032,1.523,0.036
1011,1874.26,38.918,18.654,0.034,1.145,0.056,99,99,0.831,0.044,1.564,0.047
1012,1227.93,1822.96,18.655,0.03,1.211,0.055,99,99,0.752,0.035,1.408,0.044
1013,52.834,250.525,18.656,0.027,1.118,0.058,99,99,0.693,0.04,1.382,0.053
1014,1362.37,990.57,18.657,0.025,1.161,0.053,99,99,0.768,0.033,1.491,0.039
1015,715.429,209.127,18.659,0.026,1.126,0.06,99,99,0.725,0.033,1.381,0.039
1016,730.909,927.842,18.661,0.041,1.36,0.079,99,99,0.907,0.045,1.595,0.049
1017,329.288,1389.88,18.661,0.03,1.209,0.051,99,99,0.806,0.035,1.512,0.041
1018,1398.56,1648.73,18.661,0.032,1.232,0.058,99,99,0.786,0.035,1.407,0.041
1019,235.39,257.686,18.661,0.031,1.158,0.06,99,99,0.673,0.04,1.418,0.043
1020,1831.79,1435.91,18.663,0.03,1.21,0.053,99,99,0.798,0.035,1.537,0.036
1021,849.859,448.408,18.665,0.03,1.151,0.051,99,99,0.694,0.039,1.359,0.04
1022,1314.3,633.65,18.669,0.027,1.294,0.063,99,99,0.819,0.034,1.627,0.037
1023,781.533,655.455,18.677,0.037,1.387,0.069,99,99,0.958,0.041,1.743,0.044
1025,987.571,405.967,18.682,0.027,1.246,0.054,99,99,0.686,0.036,1.351,0.037
1026,1019.5,190.802,18.683,0.032,1.19,0.05,99,99,0.81,0.038,1.438,0.042
1027,1670.01,1774.56,18.683,0.048,1.298,0.074,99,99,99,99,1.586,0.072
1028,347.875,1843.07,18.684,0.043,1.175,0.069,99,99,0.692,0.062,1.387,0.065
1029,375.03,1137.64,18.687,0.027,1.28,0.053,99,99,0.912,0.031,1.725,0.037
1030,1003.6,2002.45,18.688,0.031,1.343,0.062,99,99,0.822,0.036,1.63,0.039
1032,387.969,919.483,18.689,0.035,1.379,0.066,99,99,0.86,0.04,1.661,0.047
1033,1811.26,1728.81,18.691,0.024,1.245,0.052,99,99,0.81,0.031,1.509,0.037
1034,1865.48,578.117,18.695,0.036,1.187,0.065,99,99,0.78,0.04,1.491,0.05
1035,1136.99,165.245,18.696,0.032,1.692,0.087,99,99,0.998,0.036,1.889,0.04
1036,179.543,1656.58,18.697,0.023,1.118,0.044,99,99,0.812,0.031,1.45,0.037
1037,1306.21,1184.02,18.698,0.028,1.336,0.055,99,99,0.983,0.032,1.751,0.037
1038,1434.67,103.587,18.699,0.037,1.186,0.069,99,99,0.84,0.043,1.523,0.047
1039,1456.69,1552.36,18.699,0.027,1.1,0.049,99,99,0.756,0.034,1.358,0.043
1040,541.786,1455.78,18.7,0.028,1.238,0.054,99,99,0.821,0.034,1.514,0.041
1041,243.913,45.708,18.701,0.034,1.305,0.065,99,99,0.763,0.041,1.57,0.043
1042,1587.43,1475.4,18.702,0.026,1.111,0.052,99,99,0.856,0.03,1.571,0.036
1043,336.636,766.328,18.703,0.035,1.273,0.062,99,99,0.812,0.041,1.468,0.049
1044,257.154,671.826,18.709,0.035,1.583,0.074,99,99,0.875,0.04,1.798,0.042
1045,2027.96,806.496,18.71,0.028,0.788,0.066,99,99,0.713,0.035,1.747,0.047
1047,1072.55,860.431,18.717,0.031,1.199,0.053,99,99,0.865,0.038,1.644,0.039
1048,108.519,1930.49,18.719,0.217,-0.662,0.407,99,99,99,99,99,99
1049,1978.82,1168.81,18.72,0.036,1.158,0.063,99,99,0.777,0.042,1.446,0.047
1050,1535.36,1125.81,18.721,0.037,1.259,0.057,99,99,0.904,0.04,1.745,0.043
1052,161.89,711.288,18.725,0.038,1.434,0.074,99,99,0.765,0.045,1.585,0.049
1053,1982.18,979.157,18.725,0.029,1.212,0.059,99,99,0.67,0.039,1.236,0.05
1054,1656.96,48.89,18.726,0.033,1.929,0.092,99,99,1.03,0.04,2.016,0.044
1055,359.03,689.852,18.727,0.033,1.255,0.061,99,99,0.78,0.04,1.445,0.052
1056,1279.97,43.549,18.728,0.031,1.208,0.053,99,99,0.774,0.036,1.471,0.044
1057,1525,1437.96,18.729,0.027,1.316,0.063,99,99,0.893,0.034,1.594,0.036
1058,487.608,793.926,18.73,0.033,1.389,0.069,99,99,0.948,0.039,1.798,0.041
1059,140.063,1999.57,18.73,0.053,1.428,0.082,99,99,0.753,0.058,1.631,0.062
1060,1032.96,868.176,18.732,0.032,1.119,0.055,99,99,0.744,0.041,1.419,0.043
1061,1818.58,1624.43,18.733,0.027,1.059,0.049,99,99,0.708,0.033,1.284,0.038
1062,1031.26,1323.48,18.738,0.032,1.142,0.052,99,99,0.758,0.038,1.481,0.041
1063,1305.03,928.734,18.74,0.031,1.283,0.06,99,99,0.909,0.036,1.661,0.04
1064,1138.71,1588.51,18.741,0.032,1.607,0.068,99,99,1.024,0.035,1.938,0.039
1065,796.036,1231.34,18.743,0.027,1.344,0.062,99,99,0.796,0.031,1.635,0.038
1066,131.299,1250.28,18.744,0.028,1.187,0.051,99,99,0.825,0.033,1.535,0.039
1067,1078.02,466.138,18.745,0.05,1.556,0.084,99,99,0.774,0.055,1.572,0.059
1068,942.039,746.656,18.745,0.031,1.094,0.058,99,99,0.727,0.038,1.366,0.046
1069,1351.92,1717.47,18.747,0.031,1.408,0.063,99,99,0.898,0.037,1.646,0.039
1070,1941.1,1179.52,18.749,0.033,1.208,0.059,99,99,0.824,0.037,1.462,0.045
1071,582.207,1480.55,18.75,0.03,1.171,0.055,99,99,0.782,0.035,1.488,0.038
1072,471.608,305.904,18.751,0.033,1.243,0.055,99,99,0.695,0.038,1.335,0.046
1073,1310.47,1297.69,18.752,0.025,1.381,0.062,99,99,0.903,0.032,1.74,0.034
1074,1493.91,1105.54,18.753,0.026,1.139,0.054,99,99,0.79,0.032,1.463,0.039
1075,1089.41,60.362,18.755,0.031,1.397,0.058,99,99,0.997,0.038,1.92,0.042
1076,1973.23,32.079,18.758,0.032,0.865,0.07,99,99,0.99,0.04,1.86,0.051
1077,321.092,223.557,18.763,0.036,1.062,0.068,99,99,0.709,0.043,1.344,0.052
1078,1595.42,779.339,18.765,0.03,1.27,0.064,99,99,0.791,0.037,1.438,0.041
1080,1447.81,484.404,18.766,0.038,1.4,0.069,99,99,0.853,0.044,1.693,0.048
1081,1044.75,1123.71,18.767,0.025,1.341,0.064,99,99,0.878,0.032,1.7,0.033
1082,1404.88,136.612,18.768,0.03,1.39,0.06,99,99,0.854,0.036,1.596,0.043
1083,1698.65,1627.82,18.768,0.031,1.142,0.061,99,99,0.723,0.036,1.391,0.046
1084,1830.06,1250.43,18.771,0.035,1.179,0.059,99,99,0.795,0.039,1.54,0.045
1085,91.225,1485.66,18.771,0.034,1.269,0.057,99,99,0.763,0.039,1.557,0.043
1086,1713.65,1978.56,18.771,0.028,1.231,0.055,99,99,0.686,0.035,1.366,0.042
1087,327.013,695.547,18.774,0.028,1.472,0.071,99,99,0.884,0.034,1.686,0.037
1088,44.389,658.62,18.777,0.035,1.231,0.06,99,99,0.812,0.044,1.503,0.046
1089,1552.31,1006.87,18.779,0.027,0.957,0.049,99,99,0.692,0.034,1.331,0.039
1090,291.141,607.619,18.782,0.035,1.379,0.077,99,99,1,0.039,1.952,0.042
1091,1591.31,965.593,18.784,0.034,1.08,0.058,99,99,0.766,0.04,1.387,0.047
1092,1821.25,234.427,18.79,0.043,1.422,0.081,99,99,0.892,0.048,1.703,0.052
1093,1004.55,1404.43,18.793,0.03,1.163,0.056,99,99,0.877,0.035,1.562,0.044
1095,1101.36,1494.69,18.801,0.036,1.556,0.083,99,99,0.922,0.039,1.757,0.045
1096,48.771,1233.05,18.802,0.03,1.452,0.064,99,99,0.945,0.035,1.778,0.039
1097,1760.14,378.801,18.802,0.034,1.266,0.072,99,99,0.732,0.04,1.418,0.043
1098,908.106,1437.8,18.803,0.033,1.352,0.063,99,99,0.869,0.038,1.677,0.048
1099,410.546,1114.83,18.803,0.031,1.162,0.059,99,99,0.81,0.036,1.569,0.043
1100,1631.07,1251.67,18.804,0.03,1.323,0.062,99,99,0.831,0.035,1.607,0.039
1101,879.002,1217.81,18.809,0.028,1.304,0.07,99,99,0.852,0.033,1.536,0.039
1102,430.56,720.502,18.812,0.032,1.448,0.071,99,99,0.912,0.036,1.831,0.042
1103,324.502,175.295,18.814,0.027,1.422,0.067,99,99,0.907,0.035,1.776,0.039
1104,145.144,75.048,18.819,0.038,1.216,0.067,99,99,0.757,0.047,1.544,0.053
1105,167.663,1084.55,18.82,0.03,1.323,0.064,99,99,0.82,0.036,1.604,0.04
1106,955.095,147.746,18.82,0.031,1.209,0.066,99,99,0.691,0.039,1.353,0.043
1107,2010.94,472.266,18.822,0.037,1.263,0.093,99,99,1.012,0.042,2.113,0.045
1108,1065.39,1748.71,18.826,0.026,1.328,0.064,99,99,0.86,0.033,1.69,0.037
1109,1497.74,825.388,18.827,0.034,1.138,0.06,99,99,0.717,0.042,1.452,0.055
1110,1094.96,1511.71,18.833,0.039,1.225,0.056,99,99,0.994,0.08,1.473,0.048
1111,1896.72,687.439,18.833,0.042,1.245,0.067,99,99,0.685,0.049,1.348,0.055
1112,802.532,1084.55,18.839,0.031,1.382,0.071,99,99,0.994,0.035,1.96,0.037
1113,270.284,915.166,18.839,0.027,1.336,0.082,99,99,0.866,0.034,1.702,0.037
1114,323.666,1599.66,18.844,0.034,1.314,0.056,99,99,0.861,0.04,1.588,0.045
1115,846.088,63.269,18.844,0.027,1.228,0.064,99,99,0.763,0.037,1.546,0.046
1116,1023.54,1109.15,18.846,0.036,1.318,0.062,99,99,0.862,0.04,1.637,0.046
1117,1282.96,1126.78,18.849,0.033,1.168,0.06,99,99,0.862,0.037,1.6,0.041
1118,795.391,949.657,18.849,0.038,1.086,0.062,99,99,0.789,0.043,1.467,0.05
1119,1130.81,1511.27,18.85,0.03,1.555,0.071,99,99,1.058,0.033,2.013,0.038
1120,1830.89,1684.19,18.853,0.032,1.234,0.062,99,99,0.968,0.036,1.73,0.042
1121,1701.37,1037.35,18.853,0.032,1.181,0.06,99,99,0.738,0.037,1.41,0.047
1122,546.952,796.61,18.855,0.043,1.389,0.081,99,99,0.808,0.051,1.57,0.059
1123,186.933,133.406,18.855,0.035,1.288,0.073,99,99,0.635,0.047,1.36,0.051
1124,1193.9,1378.91,18.857,0.032,1.254,0.06,99,99,0.852,0.037,1.531,0.043
1125,858.639,973.899,18.86,0.032,1.367,0.079,99,99,0.887,0.038,1.621,0.044
1126,1814.98,1435.57,18.861,0.027,1.016,0.053,99,99,0.728,0.034,1.353,0.046
1128,1532.73,667.819,18.863,0.032,1.588,0.088,99,99,0.843,0.041,1.699,0.042
1129,600.317,1418.97,18.864,0.033,1.489,0.075,99,99,0.919,0.037,1.753,0.042
1130,1282.07,758.774,18.865,0.036,1.257,0.063,99,99,0.808,0.042,1.457,0.046
1131,10.281,696.745,18.866,0.042,1.108,0.061,99,99,0.726,0.05,1.565,0.051
1132,1868.52,740.122,18.869,0.036,1.201,0.078,99,99,0.788,0.042,1.456,0.051
1133,1717.18,686.395,18.87,0.035,1.501,0.082,99,99,0.987,0.045,1.866,0.05
1134,984.755,817.869,18.87,0.03,1.143,0.057,99,99,0.705,0.036,1.388,0.043
1135,1414.8,1406.04,18.871,0.033,1.452,0.071,99,99,0.876,0.039,1.644,0.041
1136,1847.74,1116.31,18.875,0.031,1.152,0.067,99,99,0.687,0.036,1.248,0.047
1137,55.309,1402.38,18.88,0.03,1.24,0.061,99,99,0.806,0.036,1.642,0.042
1138,1183.88,1507.54,18.881,0.032,1.26,0.069,99,99,0.817,0.036,1.482,0.044
1139,1282.28,1846.09,18.881,0.036,1.245,0.064,99,99,0.696,0.04,1.294,0.049
1140,57.416,1496.23,18.884,0.032,1.308,0.08,99,99,0.775,0.039,99,99
1141,1594,241.316,18.888,0.03,1.413,0.081,99,99,0.79,0.038,1.55,0.04
1142,771.757,855.779,18.888,0.045,1.266,0.072,99,99,0.791,0.052,1.467,0.059
1143,127.244,557.651,18.903,0.044,1.051,0.071,99,99,0.779,0.049,1.521,0.059
1145,1736.43,959.983,18.906,0.044,1.15,0.086,99,99,0.724,0.054,1.334,0.057
1146,563.398,72.921,18.907,0.04,1.316,0.076,99,99,0.754,0.049,99,99
1147,637.208,2000.17,18.908,0.034,1.263,0.063,99,99,0.75,0.038,1.5,0.049
1148,1688.95,728.717,18.911,0.031,1.336,0.067,99,99,0.867,0.038,1.68,0.041
1149,344.138,493.339,18.915,0.035,1.651,0.085,99,99,0.99,0.041,1.911,0.046
1150,87.476,1197.49,18.915,0.034,1.339,0.068,99,99,0.802,0.04,1.496,0.047
1151,1938.26,1885.61,18.918,0.038,0.796,0.068,99,99,0.849,0.044,1.551,0.053
1152,557.878,596.045,18.918,0.038,1.331,0.07,99,99,0.868,0.045,1.545,0.047
1153,207.439,399.374,18.918,0.034,1.24,0.062,99,99,0.784,0.041,1.534,0.049
1154,1966.42,1184.87,18.928,0.035,1.162,0.067,99,99,0.807,0.042,1.463,0.05
1155,1795.54,590.732,18.93,0.036,1.46,0.076,99,99,0.895,0.044,1.736,0.048
1157,359.541,655.098,18.94,0.039,1.385,0.084,99,99,0.915,0.045,1.699,0.051
1158,1193.99,1763.14,18.941,0.035,1.443,0.077,99,99,0.978,0.04,1.701,0.044
1159,1044.18,1289.25,18.941,0.034,1.251,0.058,99,99,0.721,0.041,1.396,0.044
1160,680.877,1517.42,18.943,0.037,1.332,0.078,99,99,0.783,0.043,1.522,0.05
1161,1687.86,411.417,18.944,0.034,1.376,0.076,99,99,0.813,0.04,1.515,0.047
1162,1778.1,1746.95,18.948,0.036,1.167,0.06,99,99,0.644,0.044,1.33,0.048
1163,804.805,1510.04,18.952,0.038,1.769,0.09,99,99,1.174,0.042,2.252,0.044
1164,1682.6,1029.62,18.954,0.035,1.034,0.054,99,99,0.75,0.041,1.305,0.052
1165,1800.3,953.628,18.957,0.034,1.436,0.072,99,99,0.848,0.042,1.612,0.046
1166,23.369,950.772,18.959,0.043,1.396,0.077,99,99,0.847,0.05,1.555,0.055
1167,937.855,934.453,18.959,0.027,1.109,0.059,99,99,0.763,0.036,1.415,0.041
1168,1960.53,1766.96,18.959,0.037,1.197,0.07,99,99,0.735,0.044,1.263,0.053
1169,1116.24,1141.07,18.963,0.038,1.34,0.072,99,99,0.831,0.044,1.713,0.047
1170,1193.27,228.215,18.963,0.043,1.282,0.082,99,99,0.747,0.057,1.446,0.073
1171,202.345,1444.63,18.964,0.04,1.251,0.064,99,99,0.928,0.045,1.721,0.049
1172,1015.52,322.065,18.965,0.035,1.209,0.06,99,99,0.787,0.043,1.591,0.046
1173,81.353,1468.26,18.965,0.039,1.274,0.081,99,99,0.798,0.045,1.48,0.056
1174,1437.93,723.012,18.97,0.037,1.271,0.073,99,99,0.801,0.044,1.613,0.049
1175,1482.19,1413.29,18.976,0.031,1.181,0.062,99,99,0.695,0.038,1.359,0.045
1176,1537.23,1940.44,18.977,0.04,1.103,0.063,99,99,0.798,0.045,1.499,0.055
1177,477.747,519.851,18.984,0.032,1.321,0.069,99,99,0.776,0.039,1.484,0.045
1178,1003.05,791.318,18.991,0.036,1.421,0.075,99,99,0.908,0.045,1.664,0.047
1179,1539.11,681.861,18.992,0.051,1.338,0.087,99,99,0.815,0.057,1.582,0.061
1180,1702.53,1722.38,18.992,0.035,1.08,0.058,99,99,0.795,0.04,1.362,0.049
1181,1423.22,934.937,18.997,0.054,1.359,0.102,99,99,0.989,0.059,1.825,0.066
1183,2015.96,1861.99,19.003,0.045,-0.778,0.352,99,99,0.801,0.053,1.927,0.059
1184,1107.87,1153.89,19.007,0.036,1.273,0.066,99,99,0.944,0.04,1.77,0.045
1185,1489.23,1679.65,19.008,0.034,1.267,0.082,99,99,0.816,0.039,1.556,0.049
1186,203.905,87.731,19.009,0.037,1.362,0.074,99,99,0.884,0.046,1.749,0.049
1187,1038.01,1064.43,19.011,0.033,1.171,0.068,99,99,0.863,0.038,1.582,0.052
1188,1010.56,1696.44,19.015,0.043,1.362,0.095,99,99,0.827,0.047,1.606,0.057
1189,1074.93,1567.84,19.016,0.035,1.275,0.074,99,99,0.812,0.041,1.472,0.05
1190,659.726,1494.41,19.017,0.038,1.191,0.069,99,99,0.837,0.044,1.55,0.049
1192,128.729,636.07,19.022,0.044,1.469,0.096,99,99,0.721,0.052,1.24,0.095
1193,1867.73,183.24,19.028,0.04,1.288,0.092,99,99,0.77,0.047,1.574,0.055
1194,1835.5,1204.08,19.029,0.035,1.17,0.068,99,99,0.722,0.043,1.4,0.046
1195,386.007,1107.6,19.033,0.041,1.284,0.068,99,99,0.817,0.047,1.495,0.056
1196,1315.48,1274.56,19.034,0.035,1.207,0.075,99,99,0.781,0.04,1.453,0.05
1197,1525.53,1155.99,19.036,0.037,1.27,0.07,99,99,0.821,0.043,1.569,0.05
1198,1831.64,1061.98,19.037,0.039,1.25,0.072,99,99,0.749,0.046,1.403,0.049
1199,822.82,206.993,19.041,0.034,1.31,0.073,99,99,0.905,0.042,1.709,0.045
1200,1571.76,1616.72,19.046,0.045,1.343,0.081,99,99,1.026,0.051,1.819,0.054
1201,1136.85,544.482,19.049,0.033,1.267,0.076,99,99,0.748,0.041,1.416,0.048
1202,1238.08,1776.93,19.05,0.032,1.611,0.09,99,99,1.05,0.037,2.024,0.04
1203,1425.39,430.09,19.051,0.049,1.2,0.086,99,99,0.772,0.057,1.489,0.064
1204,1322.53,371.318,19.057,0.036,1.383,0.081,99,99,0.911,0.043,1.741,0.047
1205,130.24,1810.72,19.064,0.046,1.262,0.08,99,99,0.751,0.054,1.439,0.06
1206,1176.06,1217.7,19.065,0.05,1.422,0.103,99,99,0.891,0.053,1.719,0.06
1207,306.469,1120.56,19.066,0.042,1.545,0.092,99,99,0.961,0.046,1.88,0.051
1208,1252.04,987.044,19.078,0.041,1.381,0.085,99,99,0.93,0.049,1.706,0.053
1209,1673.68,1230.01,19.08,0.039,1.188,0.07,99,99,0.772,0.046,1.56,0.052
1210,479.304,1589.02,19.088,0.045,1.258,0.083,99,99,0.755,0.053,1.514,0.058
1211,1978.21,1369.44,19.097,0.04,1.229,0.084,99,99,0.728,0.048,1.458,0.057
1212,772.579,1373.52,19.104,0.04,1.22,0.081,99,99,0.84,0.046,1.589,0.053
1213,1835.21,1703.82,19.104,0.042,1.292,0.081,99,99,0.794,0.049,1.63,0.053
1214,952.139,1888.07,19.107,0.046,1.27,0.08,99,99,0.767,0.054,1.49,0.061
1215,1273.01,142.806,19.107,0.044,1.164,0.067,99,99,0.767,0.05,1.452,0.058
1216,1277.64,533.139,19.109,0.044,1.445,0.086,99,99,0.836,0.05,1.632,0.057
1217,896.615,1755.09,19.112,0.045,1.483,0.109,99,99,0.964,0.048,1.829,0.056
1218,1747.57,1220.83,19.116,0.04,1.08,0.075,99,99,0.784,0.046,1.374,0.055
1219,1752.49,877.557,19.124,0.04,1.203,0.082,99,99,0.798,0.048,1.518,0.059
1220,1015.33,1424.5,19.132,0.034,1.208,0.075,99,99,0.798,0.04,1.565,0.047
1221,411.124,646.735,19.133,0.042,1.188,0.073,99,99,0.758,0.051,1.44,0.06
1222,1125.81,1627.83,19.135,0.042,1.08,0.076,99,99,0.799,0.05,1.513,0.06
1223,251.602,1875.48,19.138,0.047,1.242,0.076,99,99,0.876,0.056,1.671,0.062
1225,370.016,1408.81,19.139,0.044,1.356,0.087,99,99,0.866,0.051,1.696,0.057
1226,1737.72,77.779,19.146,0.058,1.175,0.104,99,99,0.804,0.067,1.479,0.075
1227,588.153,945.005,19.152,0.053,1.037,0.086,99,99,0.742,0.062,1.466,0.068
1228,263.298,449.232,19.153,0.043,1.208,0.084,99,99,0.681,0.051,1.338,0.063
1229,1096.33,1260.42,19.154,0.043,1.291,0.094,99,99,0.956,0.051,1.821,0.055
1230,1995.74,129.277,19.156,0.054,1.177,0.111,99,99,0.839,0.061,1.693,0.073
1231,1884.43,1200.91,19.156,0.045,1.091,0.075,99,99,0.83,0.052,1.619,0.056
1232,1854.45,1807.41,19.163,0.042,1.24,0.089,99,99,0.785,0.05,1.535,0.056
1234,1873.19,1967.92,19.165,0.046,0.862,0.081,99,99,0.79,0.053,1.637,0.062
1235,932.505,420.652,19.166,0.044,1.303,0.107,99,99,0.751,0.054,1.521,0.058
1236,1581.09,1220.29,19.168,0.04,1.233,0.081,99,99,0.77,0.047,1.451,0.052
1237,1984.6,1092.78,19.175,0.045,1.428,0.1,99,99,1,0.051,1.89,0.056
1238,874.531,242.955,19.178,0.046,1.075,0.09,99,99,0.741,0.054,1.351,0.065
1239,1102.31,362.01,19.18,0.038,1.245,0.085,99,99,0.834,0.045,1.587,0.055
1240,696.966,1078.38,19.194,0.044,1.115,0.082,99,99,0.832,0.05,1.524,0.059
1241,1242.11,442.554,19.195,0.035,1.288,0.074,99,99,0.821,0.043,1.551,0.051
1242,395.656,563.089,19.205,0.039,1.41,0.087,99,99,0.784,0.053,1.529,0.06
1243,668.469,1247.7,19.213,0.045,1.435,0.076,99,99,0.757,0.053,1.556,0.061
1244,586.098,1448.08,19.225,0.044,1.273,0.095,99,99,0.796,0.05,1.543,0.059
1245,721.884,1796.8,19.243,0.037,1.136,0.084,99,99,0.879,0.043,1.591,0.05
1246,2021.27,1752.82,19.247,0.043,1.07,0.093,99,99,0.858,0.051,1.68,0.06
1247,721.307,1211.33,19.249,0.041,1.216,0.091,99,99,0.737,0.048,1.435,0.057
1248,767.832,832.173,19.252,0.068,1.189,0.095,99,99,0.839,0.074,1.583,0.08
1249,1309.07,1116.6,19.256,0.047,1.205,0.087,99,99,0.882,0.055,1.494,0.063
1250,1814.99,1022.31,19.264,0.045,1.295,0.088,99,99,0.713,0.055,1.384,0.064
1251,1874.15,830.721,19.271,0.05,1.399,0.111,99,99,0.921,0.058,1.607,0.065
1252,1619.65,1551.44,19.271,0.044,1.216,0.085,99,99,0.836,0.049,1.553,0.061
1253,1067.07,1249.89,19.276,0.04,1.116,0.073,99,99,0.864,0.049,1.658,0.053
1254,1008.84,156.475,19.288,0.041,1.256,0.083,99,99,0.653,0.051,99,99
1255,1017.22,1153.28,19.289,0.05,1.308,0.1,99,99,0.887,0.057,1.643,0.063
1256,918.599,1880.56,19.29,0.049,1.445,0.107,99,99,0.994,0.055,1.835,0.06
1258,1954.57,1025,19.299,0.038,1.244,0.087,99,99,0.942,0.045,1.564,0.059
1259,1263.49,247.57,19.313,0.05,1.42,0.098,99,99,0.882,0.058,1.68,0.065
1260,291.682,1478.19,19.335,0.047,1.321,0.107,99,99,0.788,0.054,1.498,0.061
1261,1201.33,950.703,19.38,0.054,1.037,0.106,99,99,1.297,0.082,1.675,0.071
1262,1722.37,1486.71,19.394,0.053,1.192,0.102,99,99,0.779,0.06,1.356,0.082
1263,1841.45,1974.08,19.403,0.046,0.968,0.084,99,99,0.825,0.056,1.58,0.075
1264,721.35,89.164,19.407,0.069,1.816,0.242,99,99,0.999,0.076,1.951,0.082
1265,1716.78,1288.43,19.42,0.049,1.262,0.111,99,99,0.899,0.057,1.623,0.067
1266,1576.48,273.088,19.443,0.057,1.39,0.117,99,99,0.907,0.07,1.83,0.069
1267,1721.81,1216.34,19.467,0.057,1.075,0.098,99,99,0.769,0.066,99,99
1269,1211.95,1070.1,19.576,0.064,1.436,0.135,99,99,0.93,0.073,1.63,0.083
1270,1330.09,1671.59,19.578,0.066,1.289,0.15,99,99,0.889,0.077,1.667,0.087
1271,2016.49,31.683,19.631,0.065,0.415,0.128,99,99,0.89,0.084,99,99
1272,1905.52,1625.05,19.676,0.065,1.217,0.13,99,99,0.744,0.074,1.417,0.086
1273,564.957,1928.57,19.701,0.127,1.515,0.215,99,99,0.721,0.156,1.523,0.177
56,1591.99,373.246,14.421,0.008,1.31,0.014,99,99,0.784,0.01,1.495,0.011
216,499.573,1609.28,16.33,0.009,1.606,0.014,99,99,1.1,0.011,2.112,0.012
150,1315.15,795.998,15.81,0.011,0.805,0.016,0.452,0.033,0.508,0.015,1.003,0.016
203,377.752,1887.57,16.209,0.015,0.953,0.022,0.233,0.038,0.618,0.021,1.14,0.02
575,470.29,1766.05,17.7,0.016,1.323,0.028,99,99,0.895,0.02,1.59,0.022
171,545.727,1746.82,15.962,0.01,0.798,0.015,0.159,0.025,0.53,0.012,1.03,0.015
678,717.464,115.11,17.941,0.024,1.331,0.043,99,99,0.773,0.028,1.492,0.032
186,599.662,58.527,16.08,0.01,0.884,0.014,0.352,0.039,0.528,0.014,1.051,0.015
190,728.505,313.105,16.1,0.01,0.825,0.015,0.64,0.043,0.494,0.013,1.009,0.013
753,1006.53,47.475,18.11,0.021,1.295,0.038,99,99,0.76,0.025,1.43,0.028
634,696.488,1913.29,17.825,0.019,1.207,0.035,99,99,0.761,0.025,1.466,0.03
308,277.654,1703.59,16.819,0.012,0.946,0.019,0.308,0.066,0.591,0.017,1.153,0.019
295,99.006,968.489,16.772,0.012,1.139,0.02,99,99,0.671,0.018,1.258,0.018
816,715.019,1949.83,18.242,0.028,1.44,0.052,99,99,0.921,0.032,1.674,0.035
815,428.743,1579.97,18.241,0.024,1.22,0.039,99,99,0.693,0.029,1.417,0.034
850,1662.7,1500.1,18.335,0.024,1.124,0.036,99,99,0.746,0.029,1.404,0.034
685,1986.76,1450.65,17.961,0.018,0.899,0.03,99,99,0.638,0.021,1.196,0.026
803,359.12,1775.11,18.212,0.026,1.034,0.043,99,99,0.687,0.034,1.349,0.036
72,508.315,87.481,14.788,0.01,0.814,0.014,99,99,0.479,0.014,0.955,0.014
435,1623.88,1066.69,17.31,0.01,1.025,0.016,99,99,0.672,0.013,1.268,0.017
993,1575.64,34.991,18.627,0.033,1.244,0.051,99,99,0.732,0.04,1.335,0.05
310,616.649,167.633,16.826,0.012,0.994,0.018,0.243,0.067,0.594,0.016,1.174,0.018
387,1600.55,423.324,17.157,0.013,1.17,0.021,99,99,0.742,0.018,1.424,0.019
675,805.608,1789.96,17.931,0.018,1.238,0.034,99,99,0.829,0.02,1.501,0.024
1094,290.591,736.506,18.796,0.036,1.337,0.087,99,99,0.738,0.041,1.507,0.048
1144,1095.26,62.416,18.906,0.032,1.483,0.066,99,99,1.087,0.04,1.812,0.044
523,1489.44,825.184,17.596,0.014,1.053,0.023,99,99,0.607,0.019,1.195,0.022
1224,1100.55,1684.56,19.139,0.041,1.441,0.083,99,99,0.91,0.051,1.755,0.052
874,2012.18,222.228,18.399,0.026,0.908,0.051,99,99,0.824,0.041,1.796,0.037
