2354.38	3153.4
2370.31	1524.68
1786.09	2049.63
2161.47	3210.82
1760.19	3289.16
3299.36	3396.34
170.453	3654.49
3710.52	569.716
1380.72	2770.01
3633.21	1965.08
171.599	3671.63
799.08	2075.79
1234.95	2350.78
958.524	2009.97
1153.59	2076.61
829.378	1181.97
889.702	2374.79
597.948	1333.12
829.322	524.736
1004.65	1107.69
370.298	1173.75
229.764	1927.31
3945.99	978.521
1217.68	2756.36
1318.09	2601.97
883.73	2088.31
303.068	2239.42
3715.69	1662.52
530.682	1212.36
3838.2	3974.55
1556.7	1817.53
2759.02	3307.24
1183.14	537.511
1680.74	1534.15
3443.45	494.435
1745.19	1167.1
1219.74	3014.81
1068.06	2105.07
845.956	1407.64
1311.09	2422.85
3179.58	737.643
277.239	790.936
2530.97	1142.19
2314.05	691.567
2669.49	2967.06
2462.77	735.283
2824.05	2947.95
73.012	329.768
3198.51	3229.74
483.704	2394.57
1041.5	2850.07
2843.95	1406.67
3696.06	501.169
2769.05	3827.27
3648.47	3054.57
3134.68	3450.71
2934.19	838.317
1359.63	2237.29
2679.13	2953.81
1355.84	240.444
1524.77	1817.5
307.07	945.096
3680.59	2314.93
2626	1831.68
2517.44	783.833
3710.38	666.195
2263.79	1550.82
2650.51	1221.28
122.91	3639.19
651.564	2277.89
1542.81	1770.18
838.994	1484.76
3658.12	1591.64
613.712	3438.18
1151.82	3647.9
2322.83	3640.59
942.958	1862.24
1474.99	288.756
3263.09	1072.44
1614.16	3935.16
717.671	879.699
3891.38	2315.98
3136.22	768.677
3224.06	2731.99
3667.92	2795.4
2383.72	2933.54
2411.34	32.762
632.321	238.058
1311.9	2551.35
1378.7	2412.99
575.365	1307.94
3369.98	929.622
1241.73	2206.42
2307.33	3504.18
3154.12	158.694
2725.3	2197.81
155.047	1350.81
2223.58	127.98
233.123	1127.36
1462.7	3933.24
1586.71	3566.02
1991.51	1284.98
1206.71	3781.95
2276.32	2483.21
2196.35	1289.61
3435.36	2381.7
1859.81	3974.93
970.527	1152.07
2746.6	44.742
1611.51	99.975
2208.86	3630.9
1065.05	1920.34
2285.85	3234.45
3486.02	2522.52
1901.73	3267.99
769.77	2379.36
34.432	982.388
2181.03	1845.41
2175.73	2095.47
1920.15	1014.68
2656.41	2877.43
1879.05	3561.93
2532	823.951
2898.95	378.849
634.109	2656.32
1259.18	839.304
2856.36	1904.48
1032.74	214.122
2877.35	3627.36
3838.99	3956.68
2118.85	809.641
2519.37	2912.28
3068.93	1428.06
348.551	764.239
1792.3	1149.46
261.338	3084.35
3166.29	1853.21
3638	1201.68
1504.85	3558.81
563.303	1659.99
1694.75	117.632
1429.42	2316.82
2855.21	2873.68
3687.83	22.378
785.261	3615.79
2338.08	3203.43
717.797	3434.92
3718.84	2538.85
2073.29	775.793
2964.24	1814.05
1815.45	256.184
481.778	3572.04
7.326	3323.83
2275.13	1427.92
1013.71	3747.63
1222.59	2264.03
1058.31	1665.41
1064.25	42.225
3935.08	3947.03
3066.89	2440.67
1170.31	299.851
3769.42	2020.16
2304.05	2852.66
2981.77	3985.78
723.779	3841.63
2882.73	200.763
1429.98	3316.67
2442.65	2562.24
1830.75	2281.62
3081.21	314.687
40.8	104.43
3885.11	606.943
361.404	1297.76
3120.88	3683.92
1908.86	3148.86
570.238	2745.25
769.868	2920.58
3877.96	2797.29
551.02	1309.61
2295.55	1450.57
524.973	1311.26
1011.4	949.899
3685.89	1037.9
3424.1	708.246
940.856	3735.42
2069.55	2391.62
2913.97	3126.35
3327.67	1183.69
2934.37	1093.66
1768.01	3567.95
3506.92	196.729
3083.08	806.491
1218.91	1643.58
3334.81	1179.36
3110.55	2644.74
3203.59	3064.66
3382.55	749.338
2953.52	2058.46
1746.97	3628.42
3182.62	1726.01
1065.37	909.308
2649.29	3949.45
2458.59	1650.27
1892.97	2743.08
3238.55	1586.59
419.193	1634.16
352.738	1794.28
2531.94	1986.02
1090.44	765.737
3303.28	842.525
2030.59	1186.77
1524.03	11.941
2845.57	1545.64
3413.93	1119.23
1658.93	3721.71
2619.61	745.872
1669.62	3043.95
3683.86	2073.18
3825.8	1851.56
2927.13	818.351
1655.59	395.317
3526.43	1879.24
974.057	1114.54
1342.36	2167.85
667.524	1527.11
1435.5	1962.53
592.667	2359.88
483.897	2417.8
1569.22	849.506
117.293	1593.86
2752.22	2228.77
995.096	1754.71
2761.56	2749.18
824.392	3830.85
3018.73	3280.91
2681.09	86.176
2943.5	2788.77
3182.92	3396.87
704.588	2540.02
2146.45	1781.64
2367.81	1693.55
3104.69	2940.18
2765.24	1636.43
3251.82	1786.76
1843.3	1843.95
1132.66	246.139
1590.76	529.63
2755.37	996.932
1470	3161.26
682.798	1370.31
3652.59	3122.44
2771.06	64.133
3572.21	2568.33
3666.53	2842.58
758.969	727.099
856.412	1335.15
1230.3	588.26
2950.3	497.131
3138.25	3336.94
1276.98	1765.94
3747.38	78.061
810.273	289.476
891.023	279.935
2405.22	2986.66
3300.53	2363.61
3045.33	3244.04
1035.94	2033.57
2639.09	3440.15
2553.11	1805.03
2326.46	1837.67
3444.42	2964.36
1861.61	520.185
567.97	3306.2
1810.79	1956.97
2558.47	582.7
813.871	2431.57
3966.84	225.3
402.995	1617.08
868.63	976.378
3978.16	2230.57
3081.91	480.705
2263.7	3375.94
2756.83	1895.64
2729.48	2188.34
3199.15	2572.8
1632.71	1804.27
1387.81	1415.7
3924.04	382.196
3815.12	2939.88
283.361	845.137
1807.22	2379.48
1241.12	3573.27
2060.8	400.486
1659.39	288.455
2753.91	3203.46
3818.12	1331.3
3200.65	2857
2352.09	2711.16
2441.53	3332.58
2911.21	2371.6
931.227	546.856
1190.95	2978.15
3208.01	888.708
576.443	3307.94
243.803	2007.59
2674.15	646.729
2858.1	2552.28
1040.09	409.616
3002.78	2937.69
3028.7	2358.61
23.201	1009.48
1998.87	3350.42
2673	2739.3
3932.32	3210.32
907.764	1290.05
2985.88	3774.64
2896.19	3205.48
1841.73	1209.74
3715.49	194.203
1371.81	997.767
490.939	1419.53
2267.04	832.27
2920.22	2709.08
416.778	3045.53
2273.64	3853.72
482.891	1229.86
3852.59	1944.55
2870.76	929.754
1926.5	1766.33
2047.65	1789.26
3844.04	2633.73
2389.93	3165.19
3867.59	2075.76
1512.68	1868.38
2793.27	716.65
3255.13	703.882
1202.73	2348.29
3702.61	259.869
3078.01	3913.16
1178.47	90.976
3814.87	1193.75
1827.06	19.623
3746.42	2611.82
3319.94	2457.12
3865.87	2164.42
3650.53	534.668
312.247	1598.49
1304.64	1061.6
558.216	3571.75
2678.41	2515.37
2325.82	3818.32
47.33	387.641
3237.34	1981.18
2484.27	3392.43
2937.52	931.904
3737.41	506.15
2278.15	1487.6
422.895	3851.2
2583.94	879.073
2236.85	924.164
3179.06	379.608
2924.56	3983.61
2151.26	644.058
647.381	2152.43
1369.69	2431.73
365.271	58.967
2365.84	3321.39
1285.06	605.513
1397.08	2579.08
2078.59	1427
3650.62	2080.83
1748.63	1515.4
171.855	3719.23
3772.43	411.716
1975.81	1530.69
2977.28	2158.76
1235.59	1305.41
1244.98	2358.22
3454.95	3339.33
3124.46	3194.18
3313.38	1907
3804.46	3282.87
946.226	3850.08
3884.48	1498.15
3333.9	1799.39
2577.48	2707.73
3546.53	2516.51
2555.59	808.315
1895.48	415.204
1582.6	74.691
105.464	765.313
2826.73	2231.09
2677.05	2469.92
1364.19	2720.35
117.287	107.193
3025.72	962.105
2242.24	11.695
2557.68	777.226
1891.5	962.722
1152.79	3676.07
3977.02	614.749
1073.31	3578.03
919.982	1052.91
2420.01	2463.7
3161.11	3240.74
926.287	630.582
715.576	2364.76
190.644	2556.68
2734.21	73.022
1728.62	2579.82
3369.81	3009.36
357.999	3976.14
3358.93	527.838
3825.26	633.982
877.128	860.187
1070.9	336.116
2505.83	2082.62
799.56	2561.64
3745.1	582.923
1690.39	208.399
3250.58	119.274
1165.89	3874.49
3852.8	1306.29
2293.17	2372.1
2789.34	2831.44
1520.13	365.415
424.817	1359.32
3683.61	713.805
2720.34	805.159
2416.91	1511.19
3847.64	526.662
2086.58	2802.23
1490.54	3716.71
2029.05	2599.55
247.599	1311.62
3074.22	532.032
3620.56	1512.28
2600.92	2409.97
1569.51	3992.8
988.107	114.26
546.433	2946.28
503.122	2506.36
1305.67	1369.03
3933.68	3523.1
502.063	2711.41
1907.71	1909.58
3192.93	2314.81
347.312	2849.97
926.657	1484.26
1702.57	2303.33
2524.11	1614.95
1433.19	3167.62
660.48	2846.78
652.948	2417.66
3294.54	2556.59
3720.13	660.382
3641.94	27.471
2485.97	497.935
3252.61	3467.69
1190.24	2380.36
3135.97	3692.43
3792.05	2958.53
3612.7	1353.9
165.659	2785.24
2191.75	3585.8
2927.7	1071.22
1084.77	2724.54
3726.89	466.43
3776.98	524.372
1888.86	652.382
2115.99	160.172
22.769	2705.02
2494.84	345.958
132.502	3413.73
1936.7	3507.94
1726.23	841.729
1721.97	3777.04
3368.95	3781.3
3657.58	509.453
1501.73	969.378
2730.54	2926.35
1630.85	3808.67
1587.09	3914.53
3759.77	2203.94
615.3	1153.6
2246.23	2426.17
1779.98	2946.81
464.581	224.42
185.286	2338.37
2095.94	2795.6
2067.16	743.236
2542.79	2563.16
1492.75	3206.19
3107.4	1718.35
2920.44	1276.48
1303.21	3812.37
3842.89	3842.29
2528.42	919.769
2118.09	3396.01
458.835	2274.65
441.277	925.516
1318	2203.44
634.082	1701.28
3591.15	885.062
513.798	2325.45
144.282	1588.58
1485.08	298
1465.54	2754.79
2102.1	2828.47
2676.53	3524.08
3593.51	2576.72
392.89	1025.09
3092.72	936.36
1145.55	1037.96
2267.38	3574.29
435.918	3135.01
715.472	2318.89
1046.7	255.85
373.773	658.667
2019.04	3400.64
194.659	2830.67
1165.25	3503.34
2845.25	937.286
2044.73	3434.94
1910.77	3889.59
1012.06	508.131
183.138	3637.09
3050.71	2484.36
1662.45	2074.23
203.756	2698.7
2249.31	3724.41
2069.73	3838.4
3029.89	1380.57
3309.74	2014.32
1902.44	77.845
1673.55	219.911
3190.86	1669.45
2113.3	738.384
1380.36	1858
2396.37	823.006
1884.11	1840.57
2660.93	2932.12
3324.67	3046.46
903.526	2304.12
136.415	342.238
1142.73	1850.47
1921.33	837.485
3300.69	3475.72
2965.31	2082.69
3446.28	2387.29
3088.2	1733.06
3242.63	132.986
3348.66	223.504
3651.54	330.335
594.674	2986.72
2694.57	1032.23
3846.78	3090.8
1786.31	2364.31
565.462	3525.76
2552.62	724.482
284.708	346.639
1772.94	2172.59
2154.12	3939.74
841.778	3533.01
3890.72	2975.05
3190.9	2434.51
1654.12	496.276
874.885	2432.39
196.566	3411.55
3074.21	3816.49
1738.86	2369.98
1730.36	1975.17
1331.67	2437.57
1093.36	2850.18
579.579	3270.8
3886.64	661.845
3422.2	2730.64
2887.07	2879.05
142.712	3342.89
1459.36	3744.32
2665.3	3433.64
794.853	3641.35
2944.85	2366.59
330.759	3497.94
1565.05	650.325
3181.9	1271.56
1305.71	237.577
1588.34	2151.66
1946.79	3763.17
2375.89	463.747
3863.7	2776.82
2905.56	3200.49
917.354	2576.51
3742.59	1762.8
557.1	485.738
2411.28	2160.27
1800.56	1665.71
586.366	2398
160.432	1089.02
455.225	506.743
2112.05	2859.47
3942.22	1008.18
712.259	2449.73
2089.26	1205.11
2219.88	921.709
1866.74	2755.53
3822.76	1524.7
3187.88	3086.74
55.372	3267
546.582	2619.56
2554.82	355.312
853.574	808.045
3077.42	657.492
1835.36	520.05
28.782	2402.25
495.004	1768.88
3330.55	3739.91
201.431	2967.34
2188.65	2591.63
3250.86	1838.59
912.073	1181.17
1852.12	1555.99
724.793	2799.54
655.023	3508.34
2953.53	2009.04
1884.02	343.331
1775.47	359.611
909.113	3000.81
2473.93	2758.84
2980.55	2311.54
73.063	1310.54
1292.18	1307.05
2584.91	3969.32
1743.78	2099.86
563.264	3308.14
2921.92	3581.98
3647.02	1935.46
2588.74	1706.1
1205.35	3830.53
1412.33	1101.8
1794.76	159.511
2859.12	3039.63
1372.28	2312.32
2224.81	349.947
678.129	1780.11
775.672	1143.11
427.942	2516.36
2905.03	1638.45
2523.65	1645.2
30.74	3025.99
3216.05	2847.83
3086.81	747.981
1312.85	1440.88
3390.4	1699.56
1028.24	532.093
167.627	2649.5
891.975	2592.11
2765.25	540.325
13.141	1161.24
2439.58	1019.8
1186.86	2011.02
458.374	263.351
399.04	817.482
897.609	1876.94
1708.68	2675.75
1168.15	1983.57
2705.57	3928.04
2491.86	891.011
1734.17	1843.07
3327.39	1824.28
1995.73	2098.52
2109.5	1570.09
2049.46	2897.03
3957.4	2592.56
94.752	504.762
3403.53	1508.59
3708.9	1405.15
673.997	2531.16
3396.66	3071.15
3976.49	3413.74
3701.52	3086.23
1504.43	3231.88
1805.37	171.906
836.22	349.695
335.209	1846.53
2819.47	2841.43
2518.21	3362.89
5.685	2853.3
2612.58	861.506
3109.28	348.399
3710.92	438.376
2682.16	2668.15
3294.83	3271.44
3389.94	3508.87
3915.71	3900.14
2318.08	1275.25
1941.43	322.352
3542.78	3452.5
2286.23	737.602
2853.38	631.493
3716.43	731.773
1380.54	2089.36
1769.45	3639.09
1472.65	19.758
3687.31	2606.39
3110.64	179.438
2131.75	1972.91
1011.59	3215.61
3826	204.091
1292.73	961.601
2717.16	2995.09
1300.94	3218.01
858.973	1386.6
2129.27	1670.09
3335.89	384.402
1161.86	823.165
499.107	2926.08
1860.97	3837.83
3275.45	259.206
3509.88	3328.84
3273.99	575.435
606.074	1367.53
2724.85	1623.9
3838.65	2675.87
225.284	663.98
1674.27	1216.79
1795.32	890.366
3352.03	2881.04
1866.91	110.831
1304.33	603.169
3209.45	3524.08
3273.13	1782
3572.5	2485.33
1838.15	3138.31
1669.35	2874.77
2566.91	3053.56
2116.37	2994.73
428.246	1436.86
2469.27	297.853
2220.1	3438.42
581.65	2845.87
3836.74	1232.76
2731.15	1559.84
737.91	407.672
2050.53	857.232
2000.94	1059.35
3764.6	1647.14
2560.4	2743.3
338.407	3089.58
2819.78	2440.6
3170.77	2571.54
2430.62	3792.41
564.94	834.085
3542.52	3316.56
507.533	3021.96
1527.6	343.615
2873.87	3303.39
1866.59	3725.09
2771.49	1576.29
402.907	2127.31
2369.01	1262.58
2506.84	2980.21
642.873	1799.23
28.94	3268.22
3036.84	2401.82
3809.16	352.685
161.147	943.926
3926.55	3141.18
3926.04	1540.29
3455.63	2781.36
785.654	3325
490.142	704.946
842.874	3464.89
2749.4	3681.05
2542.2	3246.77
1443.32	2477.19
3819.09	2541.67
3332.31	1544.64
3578.11	936.595
3725.41	3585.43
3668.51	743.353
1333.82	1584.95
941.925	288.547
3003.27	22.325
214.38	3666.43
3867.08	159.116
1658.66	3400.31
3424.4	2826.27
318.6	1881.91
2448.91	3521.43
2605.58	608.98
2399.02	1246.36
2896.16	784.902
332.718	224.219
562.971	1050.39
2879.12	3117.96
590.904	103.198
3943.72	2059.79
984.625	3794.14
2727.82	1966.86
313.935	2307.94
316.578	1172.07
2771.5	2386.45
1307.5	1785.87
2705.38	1134.27
3847.83	1873.46
611.596	1857.24
2682.1	2255.71
3049.37	180.39
1926.31	3539.87
3908.49	2480.34
926.524	742.679
2150.03	2926.75
2417.18	714.103
851.926	3629.95
2231.88	50.772
1410.76	209.33
1983.17	313.163
1402.76	3917.56
107.632	1221.21
2413.39	526.754
1848.54	1836.98
3879.59	2874.84
2025.99	3172.17
94.149	524.714
657.312	3514.73
2577.72	433.513
621.937	2431.36
1910.33	3533.18
3225.31	832.817
2354.11	3760.14
884.039	2099.59
3817.5	1953.47
3427.11	1878.41
3132.33	988.308
3834.94	297.768
71.317	876.276
793.742	3499.44
580.815	3280.24
3245.5	2156.79
3476.34	488.074
2534.81	797.035
3601.67	3429.06
296.408	3168.28
2005.31	593.884
1667.91	159.056
3348.29	3851.41
2023.91	3584.14
2761.12	207.902
128.492	1131.14
2430.81	609.509
2709.43	983.603
1848.63	575.364
3637.11	1072.16
3133.88	564.545
1918.94	2689.27
3039.94	2622.36
949.49	3805.77
3548.65	3662.45
2520.05	3174.01
3400.96	3244.1
1663.25	78.684
2630.27	3100.16
2396.5	3569.57
2626.92	2214.58
3478.61	310.939
542.391	3218.2
3724.6	1610.6
2048.79	498.005
85.283	1493.96
1637.31	2232.54
935.92	2837.84
1944.99	135.857
2901.01	1227.9
3647.58	1994.1
2240.18	2536.04
1338.5	1531.48
3739.72	3907.6
3115.38	2724.78
83.149	1545.25
314.732	2915.7
3954.1	1204.41
1858.21	1627.07
1590.39	641.357
764.854	1387.72
373.663	667.231
3732.9	1412.35
2537.14	3372.5
1125.65	1216.56
2436.31	1484.64
2013.31	1628.33
599.659	365.945
3923.8	3959.47
1555.83	2928.35
3172.03	368.942
1906.89	2665.13
908.908	526.484
2792.25	1291.93
2517.43	2736.5
3237.05	703.173
3631.76	3009.37
2513.87	1933.98
3874.06	3190.47
3852.03	1881.7
3935.97	2681.09
2622.85	164.546
3717.63	3561.85
3120.9	2286.37
1237.95	2420.79
794.61	3029.09
1368.26	230.483
3120.44	3842.11
1280.35	3184.63
3801.67	999.808
3242.4	3489.67
1253.79	2993.15
3130.26	134.17
313.706	464.084
2817.71	2457
3579.09	409.47
564.776	1333.14
1061.23	3071.7
1857.58	1609.88
2764.38	999.914
3759.55	839.148
204.351	3930.08
2014.39	1195.63
2229.23	2390.22
155.399	845.114
2852.07	432.299
3216.26	3751.75
3481.09	2775.15
1514.8	2208.46
2139.56	659.115
3733.14	873.532
1037.41	1469.92
548.377	3830.76
1742.87	1648
3448.8	2852.44
1131.28	3619.21
2981.48	3752.53
1320.52	3169.83
3217.05	3211.31
774.091	2849.56
858.531	2635.2
3399.06	1774.83
184.954	1658.38
690.192	917.882
784.125	116.036
394.65	2728.66
525.395	3899.81
1519.16	588.558
2294.73	3275.9
1449.48	1511.85
3217.5	3568.18
1831.81	2116.06
710.515	1544.4
791.637	3478.66
2216.1	3386.62
727.683	2001.16
2032.23	3177.76
3175.67	514.551
2590.01	3151.67
62.857	1751.22
2285.65	470.175
2260.96	1819.48
3234.45	2476.3
1976.94	3879.76
2739.85	1165.83
2122.59	1217.05
1393.19	162.451
2181.6	3937.47
2614.66	161.109
552.388	1514.07
2452.16	2529.22
682.978	2308
297.754	1330.41
1471.54	2380.14
971.54	2951.44
1125.19	947.203
714.781	2164.39
88.438	3802.55
3489.31	2385.15
1768.42	874.583
1465.08	3205.88
1767.73	3039.69
2158.41	3147.19
2220.91	3072.3
3801.17	946.394
468.757	3556.34
2757.48	3848.7
2883.57	945.661
612.536	3235.75
855.128	761.59
2948.89	1080.78
884.911	3100.62
2353.54	1786
2589.42	2699.94
806.693	2901.95
3915.35	2570.76
