ID,x,y,V,Verr,BV,BVerr,UB,UBerr,VR,VRerr,VI,VIerr
1,1735.16,1873.88,10.389,0.006,0.825,0.009,0.33,0.007,0.494,0.008,0.916,0.016
2,957.837,1647.1,11.042,0.006,0.317,0.008,0.308,0.005,0.24,0.01,0.452,0.011
4,941.736,1285.35,11.07,0.007,1.008,0.012,0.629,0.009,0.53,0.01,1.056,0.018
8,438.133,1980.49,11.252,0.009,1.267,0.013,1.2,0.009,0.657,0.019,1.288,0.029
5,1021.18,1111.33,11.74,0.002,1.824,0.005,2.211,0.012,1.019,0.006,2.174,0.015
3,1051.77,1500.93,11.807,0.004,0.111,0.008,0.107,0.007,0.06,0.005,0.11,0.008
6,1601.75,1405.95,12.197,0.004,0.347,0.006,0.134,0.005,0.214,0.006,0.408,0.008
9,1870.3,736.37,12.233,0.003,1.925,0.007,2.199,0.022,1.12,0.014,2.609,0.027
7,1213.46,1587.53,12.348,0.004,0.313,0.006,0.277,0.005,0.191,0.006,0.372,0.008
10,420.677,352.071,12.44,0.004,1.3,0.007,1.301,0.01,0.643,0.005,1.264,0.007
11,895.874,193.825,12.664,0.004,0.649,0.006,-0.045,0.008,0.358,0.005,0.734,0.007
12,678.104,1330.1,12.785,0.003,0.516,0.005,-0.102,0.005,0.311,0.005,0.603,0.006
16,177.679,1299.83,12.786,0.005,1.392,0.008,1.342,0.012,0.721,0.008,1.419,0.009
13,920.514,143.886,12.828,0.004,0.196,0.006,0.167,0.008,0.072,0.006,0.173,0.009
14,304.097,557.427,12.844,0.004,0.517,0.007,-0.018,0.008,0.283,0.007,0.591,0.007
15,1285.72,1423.2,12.96,0.005,0.445,0.007,0.059,0.005,0.255,0.007,0.51,0.008
17,1802.15,1541.3,13.046,0.004,0.559,0.007,-0.004,0.007,0.352,0.007,0.68,0.008
18,501.462,153.563,13.062,0.005,1.094,0.009,0.682,0.012,0.561,0.006,1.151,0.008
19,1952.14,420.12,13.147,0.004,0.544,0.007,-0.103,0.01,0.321,0.008,0.652,0.007
21,1061.43,1345.58,13.475,0.003,0.611,0.006,-0.032,0.005,0.363,0.005,0.692,0.006
20,1072.82,1348.24,13.48,0.003,1.864,0.006,2.184,0.059,1.208,0.006,2.755,0.006
22,626.41,1481.87,13.555,0.004,0.559,0.007,-0.104,0.006,0.337,0.006,0.655,0.008
23,1072.83,1216.46,13.652,0.003,0.34,0.005,0.122,0.005,0.196,0.005,0.378,0.006
27,621.171,1418.67,13.677,0.004,1.013,0.006,0.503,0.009,0.574,0.006,1.143,0.008
24,669.776,360.747,13.682,0.006,0.499,0.009,-0.062,0.009,0.294,0.008,0.604,0.01
25,1812.87,1018.05,13.687,0.002,0.81,0.005,0.298,0.007,0.465,0.006,0.882,0.006
28,3.287,408.959,13.785,0.009,0.693,0.014,0.019,0.014,99,99,99,99
30,1096.27,1619.86,13.803,0.005,0.696,0.009,0.12,0.008,0.408,0.007,0.773,0.01
29,441.077,113.872,13.809,0.007,0.694,0.011,0.016,0.011,0.361,0.009,0.763,0.011
31,990.768,242.311,13.861,0.007,0.62,0.011,0.038,0.009,0.354,0.009,0.714,0.012
26,2021.35,136.252,13.931,0.007,-0.166,0.011,0.679,0.012,0.118,0.012,0.373,0.016
32,852.871,294.949,14.006,0.007,0.483,0.011,0.262,0.01,0.271,0.009,0.583,0.012
33,1532.19,1599.81,14.091,0.005,0.465,0.008,0.108,0.007,0.305,0.007,0.589,0.009
38,10.784,659.369,14.096,0.006,1.135,0.011,0.665,0.015,0.578,0.011,1.235,0.011
34,293.695,1063.19,14.114,0.003,1.361,0.007,1.332,0.028,0.7,0.007,1.364,0.006
35,1797.74,1506.32,14.137,0.004,0.528,0.006,0.033,0.007,0.325,0.007,0.626,0.008
36,1947.28,294.588,14.178,0.007,0.468,0.012,0.043,0.012,0.27,0.012,0.56,0.012
40,790.469,1810.32,14.26,0.006,0.561,0.009,-0.09,0.009,0.352,0.008,0.673,0.012
130,101.701,710.647,15.646,0.019,0.781,0.031,99,99,0.414,0.027,0.874,0.031
39,469.906,898.86,14.295,0.005,1.258,0.009,1.082,0.026,0.685,0.007,1.329,0.008
44,290.07,295.639,14.323,0.007,0.773,0.012,0.201,0.014,0.4,0.01,0.833,0.011
530,1563.44,1162.44,17.668,0.018,1.042,0.032,99,99,0.59,0.02,1.16,0.026
37,587.242,449.2,14.397,0.006,1.591,0.01,1.749,0.063,0.874,0.008,1.745,0.009
43,1089.72,1804.84,14.399,0.005,0.548,0.009,-0.065,0.008,0.35,0.007,0.671,0.01
45,1626.66,220.643,14.465,0.007,0.73,0.013,0.064,0.013,0.411,0.011,0.842,0.012
48,1604.86,644.82,14.538,0.007,1.164,0.013,0.704,0.021,0.644,0.012,1.287,0.013
51,1612.46,32.957,14.571,0.007,1.241,0.012,0.934,0.025,0.646,0.011,1.286,0.013
454,367.075,755.679,17.443,0.02,1.231,0.037,99,99,0.59,0.025,1.26,0.029
46,1944.37,662.406,14.577,0.007,1.436,0.012,1.29,0.054,0.769,0.011,1.499,0.012
47,1987.75,791.765,14.578,0.007,0.483,0.011,0.103,0.013,0.31,0.011,0.612,0.012
49,1705.91,82.643,14.598,0.007,0.585,0.013,-0.081,0.014,0.343,0.012,0.713,0.013
52,36.952,313.214,14.605,0.008,1.135,0.013,0.723,0.022,0.566,0.013,1.197,0.014
55,1379.66,83.383,14.734,0.007,0.658,0.013,-0.011,0.017,0.361,0.012,0.747,0.012
53,384.605,1046.21,14.748,0.003,1.332,0.007,1.243,0.04,0.697,0.005,1.358,0.006
56,1835.51,961.394,14.765,0.005,1.083,0.01,0.584,0.02,0.612,0.01,1.215,0.01
59,143.963,113.056,14.783,0.007,0.655,0.013,0.072,0.016,0.294,0.012,0.746,0.012
54,245.921,1178.31,14.801,0.004,1.431,0.007,99,99,0.778,0.007,1.518,0.007
58,19.81,1720.01,14.817,0.008,0.58,0.014,-0.003,0.015,0.351,0.013,0.704,0.016
61,1314.05,1182.39,14.817,0.003,1.285,0.006,1.041,0.032,0.713,0.007,1.377,0.007
63,617.3,186.04,14.829,0.006,0.787,0.011,0.186,0.016,0.422,0.01,0.85,0.011
67,78.742,181.112,14.843,0.008,0.835,0.014,0.134,0.018,0.378,0.012,0.906,0.014
60,934.576,1454.4,14.852,0.004,0.705,0.006,-0.004,0.01,0.418,0.005,0.81,0.008
64,1416.17,652.022,14.869,0.006,0.604,0.011,0.021,0.016,0.352,0.011,0.696,0.012
68,589.506,525.814,14.879,0.005,0.592,0.01,-0.021,0.012,0.34,0.008,0.693,0.009
62,845.304,1496.2,14.882,0.004,1.271,0.007,1.087,0.031,0.68,0.006,1.302,0.009
70,553.953,633.496,14.899,0.006,0.6,0.01,0.028,0.012,0.352,0.009,0.719,0.009
65,360.346,628.278,14.923,0.006,1.271,0.01,1.077,0.046,0.675,0.009,1.344,0.01
57,791.169,1282.55,14.928,0.003,1.458,0.006,1.458,0.051,0.813,0.004,1.589,0.006
69,1738.69,1993.69,14.958,0.004,1.281,0.008,1.042,0.037,0.693,0.007,1.371,0.008
66,1097.01,1582.66,14.981,0.011,1.121,0.023,0.656,0.044,0.618,0.014,1.198,0.017
73,860.14,1468,14.999,0.004,0.679,0.007,-0.073,0.012,0.413,0.006,0.813,0.009
71,1118.96,1860.75,15,0.005,1.042,0.009,0.558,0.022,0.588,0.006,1.136,0.01
72,896.66,1143.9,15,0.004,0.63,0.006,-0.025,0.01,0.386,0.006,0.758,0.007
75,495.492,1389.84,15.055,0.005,0.5,0.008,-0.041,0.01,0.321,0.007,0.633,0.009
77,1146.74,1430.79,15.062,0.004,0.732,0.007,0.16,0.012,0.425,0.006,0.799,0.007
76,560.919,827.221,15.088,0.005,1.162,0.009,0.739,0.03,0.627,0.008,1.246,0.009
74,901.73,1917.98,15.094,0.005,1.307,0.009,1.025,0.035,0.709,0.006,1.365,0.011
80,1173.72,1870.41,15.097,0.005,0.572,0.009,-0.055,0.012,0.356,0.006,0.694,0.01
81,602.648,1393.67,15.109,0.005,0.638,0.009,-0.066,0.014,0.381,0.006,0.727,0.008
82,829.776,313.807,15.119,0.006,0.713,0.01,0.085,0.018,0.384,0.01,0.797,0.011
79,1362.73,794.035,15.141,0.005,1.257,0.011,0.92,0.048,0.688,0.009,1.36,0.01
84,1617.75,1185.89,15.199,0.003,0.462,0.006,-0.025,0.013,0.291,0.006,0.574,0.007
78,1076.03,1335.89,15.202,0.004,1.514,0.007,99,99,0.825,0.005,1.607,0.009
83,830.941,1364.42,15.21,0.003,1.059,0.006,0.872,0.038,0.669,0.004,1.23,0.006
86,943.371,955.329,15.212,0.005,1.169,0.009,0.761,0.028,0.636,0.009,1.249,0.009
85,1923.15,628.899,15.213,0.006,1.264,0.011,1.115,0.068,0.65,0.011,1.284,0.012
90,1244.88,887.512,15.27,0.005,0.827,0.01,0.331,0.018,0.463,0.009,0.89,0.01
88,1614.63,1419.81,15.273,0.004,0.592,0.006,-0.066,0.012,0.375,0.006,0.738,0.007
87,1923.47,890.309,15.277,0.006,1.192,0.011,0.892,0.044,0.652,0.011,1.276,0.011
1801,121.374,1319.08,19.823,0.07,0.672,0.124,99,99,0.507,0.087,99,99
91,1346.18,1439.65,15.299,0.005,0.574,0.008,-0.009,0.014,0.359,0.006,0.688,0.009
93,462.805,1468.19,15.311,0.005,0.595,0.008,-0.011,0.014,0.358,0.007,0.693,0.009
92,1485.87,782.834,15.319,0.005,0.651,0.009,0.014,0.015,0.374,0.01,0.734,0.012
96,997.678,1492.27,15.335,0.003,0.871,0.006,0.383,0.021,0.51,0.005,0.991,0.007
98,1920.9,781.576,15.341,0.006,1.011,0.011,0.491,0.034,0.567,0.011,1.123,0.013
99,740.395,178.592,15.341,0.006,0.565,0.011,-0.056,0.016,0.304,0.01,0.637,0.011
97,1973.8,481.09,15.345,0.006,0.581,0.011,0.01,0.025,0.349,0.011,0.707,0.012
94,671.867,1319.92,15.357,0.005,0.935,0.008,0.587,0.029,0.556,0.006,1.044,0.008
102,1031.79,1362.83,15.376,0.005,0.679,0.008,0.012,0.017,0.401,0.006,0.776,0.009
95,585.417,1102.19,15.391,0.004,1.081,0.007,0.56,0.025,0.598,0.006,1.191,0.006
100,894.268,786.737,15.409,0.005,1.251,0.01,1.106,0.052,0.674,0.008,1.304,0.009
104,1307.41,1678.13,15.418,0.005,0.957,0.008,0.521,0.024,0.565,0.007,1.09,0.009
103,1606.57,1857.24,15.425,0.006,0.663,0.009,-0.146,0.03,0.4,0.01,0.77,0.012
107,1545.43,1328.59,15.434,0.004,0.724,0.007,0.014,0.016,0.429,0.006,0.833,0.008
108,229.384,1715.21,15.443,0.007,0.783,0.012,0.127,0.019,0.445,0.011,0.869,0.012
109,1106.66,865.497,15.445,0.007,0.733,0.011,0.15,0.018,0.419,0.011,0.81,0.015
105,1768.83,1665.63,15.447,0.005,1.082,0.009,0.629,0.031,0.612,0.008,1.184,0.009
101,899.098,1461.95,15.457,0.004,1.21,0.007,0.905,0.044,0.669,0.005,1.291,0.008
113,451.746,1251.88,15.462,0.006,0.611,0.009,-0.065,0.014,0.339,0.008,0.691,0.009
116,488.98,1036.6,15.478,0.004,0.491,0.006,0.088,0.014,0.299,0.006,0.606,0.006
111,872.223,161.649,15.492,0.006,0.634,0.011,0.049,0.019,0.36,0.011,0.762,0.013
115,427.712,366.521,15.499,0.007,0.667,0.013,-0.006,0.022,0.347,0.013,0.757,0.014
110,1032.89,1590.02,15.501,0.005,1.117,0.008,0.754,0.043,0.612,0.006,1.179,0.009
106,126.633,874.791,15.515,0.007,1.199,0.013,0.753,0.063,0.643,0.01,1.271,0.011
112,1273.53,1824.85,15.516,0.006,1.128,0.01,0.671,0.035,0.636,0.008,1.22,0.012
117,1009.57,1806.35,15.527,0.006,0.833,0.009,0.269,0.021,0.491,0.007,0.932,0.012
114,1429.03,1312.83,15.533,0.004,1.241,0.007,0.912,0.053,0.696,0.006,1.353,0.008
121,1425.03,1884,15.573,0.006,0.747,0.009,0.133,0.019,0.458,0.008,0.869,0.011
118,1451.16,1382.11,15.589,0.004,1.284,0.007,1.149,0.068,0.717,0.006,1.382,0.007
120,1949.79,1717.68,15.591,0.006,1.239,0.01,0.887,0.058,0.661,0.008,1.273,0.01
119,1358.42,1634.93,15.6,0.005,0.476,0.009,-0.217,0.013,0.428,0.007,0.872,0.009
124,1308.92,1517.72,15.608,0.006,0.822,0.01,0.261,0.023,0.479,0.008,0.921,0.011
125,589.85,1497.41,15.614,0.005,0.774,0.008,0.177,0.021,0.449,0.006,0.878,0.009
129,157.213,694.566,15.616,0.007,0.591,0.013,-0.006,0.021,0.344,0.01,0.697,0.012
127,1489.79,1798.19,15.621,0.009,0.736,0.015,-0.001,0.02,0.446,0.012,0.861,0.016
126,1187.2,1170.66,15.624,0.004,0.781,0.007,0.079,0.022,0.461,0.006,0.898,0.008
132,1177.49,1819.48,15.666,0.006,0.632,0.009,-0.056,0.016,0.399,0.007,0.763,0.011
134,1224.9,916.261,15.672,0.006,0.609,0.012,-0.083,0.02,0.363,0.009,0.731,0.012
135,12.855,775.363,15.672,0.009,0.75,0.016,0.083,0.027,0.412,0.015,0.856,0.018
131,473.549,52.457,15.69,0.006,0.916,0.011,0.253,0.035,0.508,0.01,1.074,0.01
123,295.399,625.197,15.692,0.007,1.201,0.013,0.781,0.063,0.638,0.01,1.288,0.011
137,433.421,1835.55,15.703,0.008,0.849,0.013,0.349,0.028,0.478,0.011,0.901,0.016
136,879.523,556.581,15.712,0.007,0.751,0.012,0.115,0.026,0.429,0.01,0.854,0.013
128,201.271,342.392,15.72,0.007,1.354,0.013,99,99,0.686,0.011,1.386,0.012
317,1985.33,1711.22,16.867,0.009,0.938,0.016,99,99,0.55,0.012,1.007,0.015
139,1621.45,880.422,15.745,0.006,0.962,0.012,0.496,0.03,0.552,0.011,1.062,0.013
142,1092.78,138.174,15.745,0.006,0.685,0.01,0.037,0.026,0.383,0.01,0.778,0.01
143,1750.76,1406.08,15.776,0.005,0.631,0.009,0.01,0.019,0.399,0.008,0.796,0.009
141,2025.02,999.902,15.817,0.005,0.608,0.009,0.451,0.033,0.471,0.008,0.97,0.009
151,746.123,822.773,15.824,0.006,0.657,0.01,0.025,0.021,0.374,0.008,0.729,0.011
144,140.797,1373.78,15.829,0.006,1.409,0.011,99,99,0.744,0.01,1.44,0.011
149,1047.62,1624.02,15.833,0.006,0.652,0.009,-0.044,0.017,0.41,0.008,0.785,0.01
150,764.311,1960.3,15.843,0.006,0.823,0.009,0.208,0.027,0.476,0.008,0.937,0.011
148,1481.7,243.521,15.851,0.006,1.248,0.013,99,99,0.671,0.012,1.33,0.013
145,1101.64,1081.57,15.854,0.005,1.069,0.008,0.548,0.043,0.611,0.006,1.203,0.008
153,1269.19,1198.92,15.857,0.005,0.57,0.008,0.303,0.021,0.342,0.008,0.656,0.009
152,1353.35,917.816,15.86,0.007,0.872,0.014,0.325,0.042,0.512,0.012,0.987,0.015
146,2014.88,665.483,15.862,0.006,0.438,0.012,0.495,0.042,0.409,0.013,0.832,0.015
154,1843.19,341.009,15.883,0.007,0.66,0.013,0.009,0.026,0.387,0.012,0.773,0.012
155,255.346,470.625,15.887,0.007,0.657,0.013,0.005,0.028,0.359,0.011,0.787,0.013
140,252.763,302.159,15.888,0.007,1.376,0.013,1.132,0.144,0.699,0.01,1.455,0.011
156,1784.39,861.527,15.898,0.007,0.721,0.013,0.121,0.031,0.431,0.011,0.832,0.015
157,1033.73,1030.68,15.898,0.005,0.713,0.007,0.097,0.02,0.421,0.007,0.815,0.008
159,1802.05,1202.78,15.942,0.005,0.678,0.009,0.01,0.02,0.402,0.008,0.796,0.009
160,1838.43,506.118,15.979,0.006,1.078,0.013,0.672,0.049,0.597,0.011,1.181,0.013
164,1940.41,1813.78,15.982,0.006,0.598,0.009,-0.045,0.025,0.357,0.008,0.691,0.012
165,1454.81,225.905,15.983,0.006,0.649,0.012,0.091,0.027,0.381,0.011,0.769,0.012
147,797.986,189.488,15.986,0.006,1.349,0.013,99,99,0.826,0.01,1.617,0.011
163,1087.31,1461.05,15.991,0.005,0.686,0.008,0.016,0.022,0.43,0.007,0.822,0.009
169,206.566,1091.51,15.999,0.005,0.722,0.01,-0.078,0.019,0.403,0.008,0.807,0.009
171,1026.44,398.043,16.011,0.009,0.68,0.015,0.016,0.031,0.398,0.014,0.801,0.015
167,4.279,1189.76,16.015,0.006,0.651,0.011,-0.147,0.024,0.392,0.012,0.819,0.013
166,1604.2,1852.44,16.016,0.012,0.697,0.017,99,99,0.454,0.013,0.888,0.021
172,1801.08,1689.06,16.016,0.007,0.556,0.011,-0.129,0.02,0.365,0.009,0.695,0.012
173,66.433,562.115,16.016,0.007,0.81,0.013,0.151,0.033,0.44,0.012,0.92,0.014
483,242.904,155.983,17.383,0.014,0.827,0.023,99,99,0.419,0.018,0.916,0.023
175,80.968,1612.76,16.029,0.008,0.725,0.014,0.032,0.03,0.409,0.012,0.816,0.014
180,1234.05,275.236,16.04,0.006,0.781,0.012,0.134,0.03,0.414,0.011,0.825,0.012
158,1798.04,849.297,16.048,0.007,1.273,0.015,99,99,0.724,0.011,1.374,0.013
179,1508.99,912.635,16.053,0.006,0.847,0.011,0.277,0.03,0.488,0.011,0.95,0.012
177,1314.57,896.058,16.054,0.006,0.709,0.011,-0.009,0.034,0.423,0.01,0.836,0.012
161,498.887,2003.14,16.058,0.006,1.175,0.012,99,99,0.727,0.009,1.368,0.012
174,1997.87,578.952,16.062,0.008,0.587,0.013,0.372,0.057,0.402,0.012,0.825,0.015
178,850.264,189.673,16.096,0.007,1.259,0.013,99,99,0.667,0.011,1.334,0.012
184,681.518,300.236,16.115,0.006,0.753,0.012,0.1,0.034,0.429,0.01,0.87,0.01
183,1145.94,1525.59,16.117,0.005,0.631,0.009,0.057,0.026,0.414,0.007,0.808,0.01
185,1194.23,447.89,16.122,0.007,0.451,0.013,0.31,0.028,0.244,0.011,0.508,0.014
170,1480.69,1281.78,16.125,0.004,1.302,0.01,99,99,0.734,0.007,1.383,0.008
168,1682.04,1405.83,16.147,0.007,1.274,0.012,99,99,0.705,0.009,1.349,0.01
181,526.442,1109.5,16.15,0.006,1.135,0.009,0.624,0.056,0.625,0.008,1.253,0.009
1017,974.383,1826.9,18.612,0.031,1.054,0.055,99,99,0.603,0.035,1.153,0.043
191,2028.63,1976.3,16.174,0.007,-1.475,0.18,99,99,0.298,0.01,0.791,0.028
182,330.598,293.787,16.179,0.007,1.274,0.013,99,99,0.669,0.01,1.371,0.012
187,1848.98,1406.24,16.182,0.006,0.645,0.009,0.015,0.026,0.409,0.008,0.799,0.01
190,852.087,741.053,16.187,0.007,0.73,0.012,0.106,0.041,0.432,0.01,0.859,0.013
192,140.077,1109.62,16.193,0.006,0.664,0.01,-0.018,0.022,0.389,0.01,0.812,0.01
194,41.118,831.284,16.2,0.008,0.721,0.014,0.072,0.031,0.399,0.012,0.806,0.015
195,359.759,721.446,16.209,0.007,0.614,0.013,-0.067,0.031,0.355,0.01,0.726,0.014
193,748.028,243.627,16.21,0.007,0.842,0.013,0.2,0.045,0.457,0.01,0.924,0.013
197,321.686,424.422,16.239,0.008,0.737,0.013,0.065,0.037,0.421,0.011,0.893,0.013
198,1699.42,838.979,16.247,0.008,0.791,0.013,0.217,0.041,0.448,0.012,0.851,0.015
200,1333.59,116.073,16.265,0.007,0.826,0.013,0.247,0.057,0.45,0.012,0.919,0.014
196,591.32,1093.9,16.272,0.006,0.923,0.01,0.323,0.045,0.532,0.008,1.046,0.009
201,383.566,1740.1,16.272,0.013,0.784,0.02,0.136,0.041,0.459,0.016,0.893,0.025
202,1934.69,1676.4,16.278,0.007,0.621,0.011,-0.065,0.025,0.37,0.01,0.717,0.013
203,815.26,972.042,16.278,0.008,0.767,0.013,0.216,0.045,0.44,0.011,0.851,0.013
186,1686.93,1616.54,16.28,0.005,1.208,0.011,99,99,0.682,0.008,1.302,0.009
189,518.494,1593.27,16.293,0.006,1.326,0.012,99,99,0.723,0.008,1.373,0.011
207,251.322,619.32,16.299,0.009,0.751,0.016,0.095,0.049,0.411,0.012,0.838,0.014
853,1692.82,1150.95,18.463,0.029,1.155,0.05,99,99,0.7,0.031,1.362,0.039
206,196.437,1575.15,16.313,0.008,0.703,0.013,-0.075,0.029,0.416,0.012,0.843,0.015
271,1377.94,1416.19,16.314,0.041,0.725,0.063,0.015,0.063,0.411,0.055,0.428,0.045
209,1545.67,1675.33,16.317,0.008,0.668,0.013,-0.008,0.026,0.42,0.01,0.807,0.013
210,1000.07,1170.57,16.318,0.024,0.98,0.042,0.425,0.061,0.577,0.031,1.063,0.042
217,628.873,619.301,16.327,0.009,0.499,0.013,0.325,0.038,0.271,0.011,0.583,0.015
211,666.064,467.952,16.335,0.008,0.773,0.013,0.13,0.041,0.444,0.011,0.891,0.013
212,566.796,571.98,16.336,0.007,0.828,0.013,0.245,0.044,0.45,0.01,0.899,0.013
858,1911.45,1744.1,18.374,0.023,0.941,0.042,99,99,0.632,0.028,1.172,0.036
208,1754.04,1997.05,16.337,0.006,0.664,0.013,0.219,0.039,0.443,0.009,0.9,0.012
214,222.12,955.432,16.358,0.01,0.834,0.016,0.237,0.055,0.476,0.013,0.923,0.016
222,520.022,102.295,16.358,0.011,0.72,0.019,-0.042,0.037,0.37,0.016,0.79,0.017
218,927.014,422.252,16.36,0.007,0.69,0.013,0.076,0.04,0.401,0.01,0.797,0.013
219,1367.33,1984.28,16.361,0.006,0.644,0.009,-0.054,0.03,0.385,0.008,0.767,0.01
215,367.507,1350.66,16.368,0.006,0.962,0.01,0.627,0.056,0.529,0.009,1.007,0.009
216,1390.36,854.458,16.368,0.008,0.683,0.013,-0.096,0.04,0.421,0.012,0.805,0.015
221,1717.64,129.798,16.384,0.008,0.637,0.015,0.025,0.04,0.39,0.013,0.803,0.015
220,1392.37,389.715,16.388,0.01,0.896,0.016,0.336,0.056,0.533,0.014,1.041,0.018
226,1223.71,119.869,16.391,0.008,0.766,0.015,0.144,0.042,0.422,0.012,0.861,0.015
225,545.44,1164.15,16.392,0.006,0.69,0.012,0.086,0.032,0.419,0.008,0.842,0.009
223,1113.79,1539.41,16.393,0.007,0.696,0.011,-0.003,0.026,0.425,0.009,0.817,0.012
229,109.151,1488.49,16.405,0.008,0.666,0.013,0.011,0.033,0.4,0.011,0.789,0.015
230,1733.76,449.265,16.414,0.009,0.561,0.014,0.009,0.043,0.335,0.013,0.664,0.015
205,991.257,1744.17,16.436,0.009,1.054,0.017,0.736,0.117,0.623,0.011,1.214,0.013
199,1147.05,515.416,16.454,0.012,1.482,0.019,99,99,0.735,0.015,1.488,0.016
232,1749.69,1512.11,16.459,0.007,0.606,0.01,0.049,0.032,0.407,0.01,0.795,0.012
466,1849.88,1768.69,17.376,0.011,0.683,0.018,99,99,0.438,0.014,0.828,0.019
241,543.618,893.515,16.475,0.009,0.761,0.017,-0.025,0.039,0.434,0.013,0.895,0.016
239,1147.65,1565.89,16.479,0.007,0.793,0.013,0.326,0.046,0.473,0.008,0.89,0.012
256,1224.93,235.997,16.48,0.025,1.013,0.038,0.2,0.063,0.454,0.035,0.926,0.043
234,393.435,675.408,16.482,0.009,0.964,0.016,99,99,0.517,0.011,1.022,0.014
224,1701.4,1249.25,16.487,0.007,1.07,0.013,99,99,0.655,0.01,1.213,0.011
235,950.867,1776.23,16.487,0.007,0.992,0.012,0.557,0.065,0.571,0.009,1.062,0.012
245,1436.01,698.842,16.497,0.01,1.002,0.016,99,99,0.572,0.015,1.069,0.018
248,915.41,200.954,16.513,0.01,0.738,0.016,0.064,0.048,0.417,0.016,0.841,0.017
249,113.789,1088.67,16.514,0.008,0.737,0.013,0.112,0.037,0.422,0.012,0.828,0.014
231,1620.81,524.187,16.521,0.009,1.331,0.016,99,99,0.725,0.013,1.428,0.014
237,1851.52,637.826,16.522,0.009,1.081,0.017,0.601,0.084,0.61,0.014,1.191,0.014
243,1109.41,133.575,16.528,0.007,1.101,0.014,99,99,0.586,0.012,1.158,0.013
236,1939.34,1047.84,16.531,0.007,1.148,0.012,99,99,0.635,0.01,1.248,0.011
377,1166.32,1397.59,17.099,0.01,0.711,0.016,99,99,0.461,0.014,0.895,0.017
250,42.106,1249.31,16.531,0.007,0.788,0.012,0.081,0.047,0.44,0.011,0.902,0.012
227,1189.06,1722.37,16.533,0.007,1.123,0.013,99,99,0.654,0.008,1.253,0.011
251,125.841,13.46,16.545,0.011,1.07,0.02,-0.186,0.066,0.438,0.018,1.033,0.016
257,1894.25,504.878,16.551,0.011,0.669,0.02,-0.102,0.04,0.386,0.016,0.783,0.017
260,95.331,1682.82,16.563,0.009,0.598,0.016,0.023,0.034,0.36,0.014,0.714,0.014
242,231.268,407.441,16.565,0.013,1.367,0.02,99,99,0.685,0.018,1.375,0.018
254,1651.24,882.888,16.568,0.009,0.71,0.017,0.156,0.048,0.439,0.015,0.879,0.019
238,927.969,1655.86,16.584,0.009,1.128,0.015,99,99,0.631,0.01,1.212,0.013
246,1139.38,1631.41,16.586,0.006,1.077,0.013,99,99,0.617,0.008,1.136,0.012
264,663.575,928.395,16.595,0.009,0.618,0.016,-0.043,0.039,0.356,0.012,0.717,0.017
266,1005.54,209.398,16.605,0.009,0.599,0.015,0.345,0.051,0.335,0.013,0.717,0.016
255,630.041,1879.2,16.607,0.008,0.908,0.013,99,99,0.564,0.011,1.065,0.014
228,1622.93,1838.04,16.623,0.008,1.236,0.015,99,99,0.8,0.01,1.504,0.013
262,700.347,1194.45,16.623,0.007,0.67,0.01,-0.053,0.041,0.403,0.009,0.842,0.013
263,661.762,1373.46,16.623,0.006,0.71,0.01,0.06,0.04,0.434,0.008,0.846,0.013
244,455.404,287.288,16.627,0.008,1.176,0.015,99,99,0.698,0.011,1.368,0.013
253,850.498,1221.35,16.629,0.008,0.938,0.013,0.458,0.072,0.576,0.009,1.057,0.012
268,589.305,1228.05,16.63,0.007,0.61,0.011,-0.092,0.032,0.383,0.009,0.764,0.013
265,1146.1,1402.52,16.631,0.007,0.777,0.012,0.132,0.046,0.465,0.009,0.917,0.012
270,1079.95,1919.26,16.631,0.007,0.818,0.011,0.198,0.054,0.461,0.008,0.889,0.013
259,2001.79,431.748,16.634,0.008,0.553,0.013,0.458,0.068,0.415,0.014,0.847,0.019
272,1292.52,142.677,16.634,0.008,0.764,0.014,0.067,0.055,0.435,0.013,0.867,0.016
274,1771.56,185.054,16.638,0.008,0.836,0.015,0.182,0.054,0.451,0.014,0.899,0.016
267,890.076,583.22,16.639,0.009,0.879,0.015,0.202,0.055,0.505,0.012,0.991,0.015
261,1382.68,1113.99,16.64,0.007,0.963,0.013,99,99,0.576,0.01,1.08,0.012
273,1799.39,403.307,16.645,0.008,0.635,0.015,-0.029,0.037,0.376,0.013,0.776,0.015
275,1255.27,563.174,16.648,0.009,0.88,0.015,99,99,0.492,0.012,0.935,0.017
276,723.032,1285.81,16.649,0.007,0.557,0.012,0.098,0.035,0.355,0.01,0.722,0.012
277,131.672,1548,16.657,0.008,0.872,0.016,99,99,0.46,0.013,0.916,0.015
279,1551.54,1523.81,16.663,0.011,0.691,0.015,0.079,0.045,0.433,0.013,0.819,0.015
281,1780.26,1980.19,16.672,0.007,0.768,0.012,0.185,0.05,0.439,0.01,0.832,0.013
286,835.004,623.296,16.691,0.009,0.845,0.015,0.08,0.078,0.447,0.012,0.907,0.017
282,126.393,1831.16,16.698,0.01,0.898,0.019,99,99,0.497,0.014,0.949,0.018
283,1464.66,1443.38,16.701,0.007,0.487,0.011,0.206,0.038,0.301,0.01,0.589,0.014
258,1914.4,1851.87,16.707,0.007,1.206,0.013,99,99,0.717,0.01,1.349,0.012
285,1571.44,293.705,16.709,0.01,0.913,0.017,99,99,0.497,0.014,0.971,0.016
284,1752.2,1439.82,16.713,0.008,0.518,0.012,0.129,0.044,0.338,0.011,0.627,0.016
291,354.316,741.268,16.723,0.009,0.731,0.016,0.056,0.05,0.421,0.012,0.864,0.015
290,1315.66,583.364,16.724,0.009,0.634,0.014,0.178,0.056,0.388,0.012,0.759,0.018
289,1180.29,1853.79,16.734,0.008,0.553,0.012,0.242,0.041,0.36,0.011,0.685,0.015
292,953.173,1020.6,16.738,0.006,0.658,0.01,0.126,0.044,0.407,0.008,0.807,0.011
280,1861.69,918.56,16.741,0.008,1.156,0.018,99,99,0.645,0.012,1.195,0.015
294,1579.89,601.403,16.754,0.009,0.641,0.041,0.112,0.055,0.446,0.012,0.857,0.015
297,1822.28,145.586,16.758,0.009,0.764,0.017,0.147,0.055,0.434,0.015,0.89,0.017
293,239.53,1186.41,16.761,0.007,0.7,0.012,0.051,0.043,0.434,0.011,0.888,0.014
301,153.97,139.374,16.761,0.01,0.937,0.02,0.575,0.095,0.434,0.015,0.935,0.018
299,144.941,441.261,16.765,0.009,0.688,0.016,0.016,0.059,0.379,0.015,0.853,0.017
304,68.401,1969.34,16.765,0.011,0.843,0.018,99,99,0.43,0.017,0.898,0.02
298,1275.88,564.039,16.767,0.008,0.731,0.015,99,99,0.441,0.013,0.861,0.016
269,1034.06,34.057,16.77,0.008,1.177,0.017,99,99,0.698,0.012,1.358,0.013
303,867.017,204.291,16.773,0.009,0.808,0.016,99,99,0.426,0.013,0.874,0.017
300,874.686,1227.34,16.774,0.008,0.907,0.012,0.428,0.064,0.514,0.01,0.958,0.013
306,484.416,202.924,16.779,0.01,0.723,0.015,0.106,0.051,0.399,0.014,0.841,0.017
305,727.901,196.276,16.787,0.01,0.942,0.017,0.473,0.076,0.493,0.014,0.988,0.017
309,1870.17,704.408,16.796,0.01,0.811,0.017,0.091,0.065,0.451,0.016,0.933,0.021
302,658.551,871.185,16.799,0.011,0.833,0.018,0.147,0.07,0.493,0.013,0.952,0.021
311,44.945,1831.48,16.8,0.01,0.784,0.017,0.216,0.055,0.454,0.015,0.874,0.019
296,1480.61,1783.79,16.818,0.009,1.038,0.016,99,99,0.592,0.011,1.101,0.014
314,758.556,226.098,16.818,0.01,0.81,0.018,0.194,0.071,0.449,0.013,0.9,0.016
308,960.132,736.432,16.82,0.012,1.129,0.021,99,99,0.64,0.019,1.227,0.022
315,870.006,1276.51,16.824,0.007,0.629,0.011,0.03,0.041,0.371,0.01,0.743,0.014
316,1605.54,1583.17,16.827,0.008,0.807,0.014,0.173,0.063,0.47,0.011,0.9,0.014
321,1145.04,84.737,16.828,0.011,0.776,0.017,0.078,0.049,0.425,0.015,0.865,0.017
319,1462.17,1958.4,16.841,0.008,0.577,0.013,99,99,0.375,0.01,0.715,0.017
312,2006.97,751.401,16.847,0.009,0.595,0.016,0.585,0.1,0.436,0.015,0.877,0.019
318,711.273,738.944,16.85,0.01,0.748,0.02,0.125,0.07,0.458,0.014,0.892,0.02
320,1618.16,1221.82,16.862,0.008,0.811,0.013,99,99,0.482,0.01,0.96,0.014
351,1617.58,1560.56,16.865,0.044,0.979,0.076,-0.18,0.118,0.29,0.06,0.727,0.068
295,589.464,1718.82,16.867,0.009,1.231,0.016,99,99,0.732,0.012,1.406,0.015
313,688.685,138.53,16.869,0.014,1.062,0.03,99,99,0.577,0.021,1.123,0.026
324,1981.02,348.397,16.877,0.012,0.742,0.018,0.262,0.109,0.446,0.016,0.887,0.019
323,1471.53,2005.37,16.878,0.008,0.912,0.014,99,99,0.522,0.011,0.975,0.015
326,689.093,1384.48,16.878,0.014,0.744,0.02,-0.013,0.048,0.457,0.018,0.824,0.024
332,320.373,757.862,16.885,0.009,0.9,0.016,99,99,0.464,0.012,0.906,0.017
330,783.625,302.469,16.888,0.012,0.743,0.018,99,99,0.41,0.016,0.868,0.019
252,1129.28,202.003,16.893,0.01,1.372,0.02,99,99,0.861,0.013,1.706,0.014
307,1572.7,1889.49,16.899,0.009,0.987,0.016,99,99,0.622,0.011,1.199,0.014
328,903.498,938.391,16.902,0.014,0.777,0.022,0.147,0.067,0.491,0.02,0.964,0.027
333,581.557,129.932,16.902,0.01,0.937,0.017,99,99,0.491,0.014,0.98,0.018
337,1079.3,152.057,16.903,0.01,0.598,0.018,0.073,0.056,0.352,0.014,0.745,0.018
331,1604.01,1165.88,16.908,0.008,0.661,0.013,0.015,0.042,0.436,0.011,0.833,0.013
287,1305.18,1983.7,16.909,0.009,1.237,0.016,99,99,0.788,0.011,1.453,0.014
322,1363.77,1200.37,16.911,0.008,0.936,0.014,99,99,0.576,0.01,1.09,0.013
334,517.02,1608.49,16.911,0.008,0.715,0.013,-0.051,0.052,0.437,0.01,0.843,0.015
278,364.302,1074.19,16.915,0.008,1.359,0.017,99,99,0.733,0.01,1.447,0.011
340,397.472,1933.21,16.919,0.016,0.711,0.026,-0.148,0.056,0.405,0.021,0.809,0.033
336,654.955,1308.94,16.92,0.008,0.633,0.013,-0.038,0.045,0.403,0.01,0.821,0.015
329,183.666,428.649,16.923,0.01,1,0.018,99,99,0.545,0.014,1.094,0.018
341,995.964,568.895,16.945,0.009,0.76,0.017,0.049,0.06,0.452,0.012,0.897,0.015
335,753.383,1237.06,16.946,0.009,0.835,0.013,0.282,0.064,0.511,0.01,0.986,0.013
342,1263.95,1580.47,16.954,0.017,0.901,0.028,99,99,0.506,0.023,0.982,0.032
346,399.074,306.668,16.962,0.012,0.745,0.017,0.046,0.07,0.398,0.016,0.866,0.018
339,1745.97,1060.12,16.968,0.008,0.852,0.014,0.037,0.058,0.529,0.011,1.069,0.014
344,1739.31,1506.47,16.982,0.008,0.746,0.013,0.022,0.054,0.454,0.011,0.893,0.015
350,1178.67,1035.99,16.99,0.008,0.675,0.013,0.006,0.049,0.429,0.01,0.838,0.013
348,1459.79,273.816,16.992,0.009,0.686,0.017,-0.02,0.064,0.435,0.014,0.867,0.018
356,815.865,1037.5,16.995,0.009,0.676,0.013,0.022,0.047,0.405,0.011,0.818,0.015
338,298.944,1123.39,17.001,0.008,1.158,0.014,99,99,0.64,0.01,1.252,0.013
354,1312.98,1480.45,17.013,0.009,0.662,0.013,-0.04,0.043,0.44,0.012,0.841,0.015
353,1301.93,1163.84,17.014,0.009,0.77,0.016,0.213,0.068,0.48,0.012,0.922,0.014
327,65.151,23.747,17.015,0.013,1.468,0.03,99,99,0.569,0.018,1.326,0.019
365,413.243,1679.42,17.031,0.01,0.749,0.016,-0.026,0.06,0.416,0.013,0.808,0.019
325,1799.91,1330.4,17.033,0.009,1.133,0.017,99,99,0.672,0.012,1.311,0.013
358,325.811,1323.05,17.033,0.008,0.894,0.014,0.228,0.077,0.516,0.012,0.999,0.015
417,1047.15,1422.37,17.033,0.033,0.666,0.051,99,99,0.388,0.043,0.496,0.039
349,1302.64,1332.53,17.034,0.008,1.027,0.013,99,99,0.618,0.01,1.138,0.014
362,1322.68,318.431,17.037,0.01,0.844,0.017,0.32,0.12,0.478,0.015,0.928,0.018
361,549.959,1389.43,17.038,0.008,0.819,0.013,99,99,0.464,0.01,0.914,0.015
360,211.686,428.411,17.04,0.012,0.89,0.019,99,99,0.491,0.015,0.999,0.019
363,1506.5,456.95,17.046,0.01,0.716,0.02,0.065,0.058,0.432,0.015,0.871,0.019
366,274.629,472.476,17.048,0.01,0.914,0.018,99,99,0.477,0.014,0.971,0.018
368,627.522,1746.33,17.049,0.01,0.669,0.016,0.156,0.066,0.403,0.013,0.798,0.018
364,1608.3,430.941,17.05,0.01,0.821,0.018,0.292,0.085,0.48,0.014,0.918,0.018
369,1167.59,1362.81,17.055,0.011,0.668,0.016,99,99,0.427,0.014,0.784,0.017
343,1240.75,1382.24,17.059,0.009,1.062,0.016,99,99,0.614,0.011,1.18,0.014
375,1489,383.315,17.064,0.01,0.734,0.018,-0.001,0.061,0.423,0.016,0.844,0.018
379,1956.63,183.911,17.065,0.011,0.749,0.019,99,99,0.392,0.016,0.822,0.02
357,1376.63,479.848,17.084,0.012,1.003,0.024,99,99,0.58,0.016,1.087,0.018
381,203.83,1360.96,17.087,0.011,0.81,0.017,0.101,0.071,0.446,0.014,0.884,0.017
367,1933.86,1324.56,17.089,0.01,0.949,0.016,99,99,0.542,0.013,1.063,0.015
376,1160.1,1508.04,17.091,0.008,0.8,0.014,0.028,0.062,0.485,0.01,0.937,0.014
359,507.061,1793.55,17.093,0.011,1.124,0.017,99,99,0.64,0.013,1.216,0.017
384,1201.64,54.343,17.093,0.011,0.734,0.022,-0.078,0.06,0.406,0.016,0.853,0.021
378,322.646,1187.47,17.094,0.009,0.72,0.015,0.048,0.056,0.441,0.011,0.912,0.015
345,1291.64,1685.19,17.096,0.009,1.099,0.017,99,99,0.635,0.011,1.239,0.014
383,1421.3,836.65,17.102,0.011,0.696,0.019,0.034,0.073,0.434,0.015,0.821,0.019
387,1080.79,91.395,17.118,0.011,0.823,0.019,99,99,0.464,0.016,0.925,0.019
392,1268.75,822.815,17.128,0.011,0.809,0.018,0.078,0.083,0.451,0.016,0.878,0.02
355,16.986,165.202,17.13,0.016,1.146,0.026,99,99,0.571,0.021,1.282,0.021
385,94.517,1341.58,17.134,0.009,0.511,0.014,0.212,0.063,0.309,0.015,0.615,0.02
393,770.448,893.964,17.145,0.012,0.858,0.019,0.236,0.124,0.491,0.016,0.92,0.019
394,1896.99,264.741,17.146,0.012,0.871,0.021,0.325,0.112,0.467,0.018,0.949,0.02
399,1355.16,676.084,17.146,0.01,0.783,0.02,0.103,0.102,0.417,0.014,0.821,0.018
390,1892.37,988.267,17.151,0.012,0.816,0.019,99,99,0.476,0.015,0.937,0.021
388,1311.44,1230.24,17.155,0.009,0.734,0.014,0.037,0.064,0.473,0.012,0.957,0.015
398,1474.89,494.307,17.155,0.011,0.945,0.02,99,99,0.509,0.016,0.986,0.021
288,72.469,1210.3,17.156,0.01,1.494,0.025,99,99,0.907,0.012,1.939,0.015
371,655.578,240.648,17.158,0.014,1.126,0.025,99,99,0.596,0.017,1.224,0.021
400,645.358,279.264,17.16,0.013,0.885,0.021,99,99,0.461,0.016,0.907,0.023
386,1877.04,813.016,17.161,0.012,1.006,0.024,99,99,0.575,0.016,1.07,0.022
373,517.583,1910.28,17.164,0.013,0.912,0.02,99,99,0.593,0.015,1.193,0.019
401,69.487,1085.72,17.164,0.01,0.864,0.016,99,99,0.471,0.014,0.949,0.017
573,666.44,815.543,17.172,0.045,1.372,0.054,99,99,-0.05,0.049,0.388,0.059
396,1820.78,1316.97,17.182,0.009,0.902,0.017,99,99,0.539,0.014,1.003,0.014
426,852.031,1089.16,17.183,0.022,0.76,0.046,0.026,0.067,0.443,0.03,0.703,0.03
405,1234.11,30.368,17.184,0.01,0.78,0.02,99,99,0.424,0.015,0.893,0.018
402,1234.02,1687.48,17.19,0.011,0.773,0.017,99,99,0.475,0.013,0.885,0.018
374,956.495,181.045,17.2,0.012,1.184,0.023,99,99,0.649,0.016,1.332,0.018
406,1486.54,1629.23,17.2,0.011,0.781,0.017,99,99,0.456,0.014,0.883,0.016
403,1540.99,674.424,17.207,0.012,0.902,0.019,99,99,0.54,0.016,1.062,0.02
419,240.324,325.079,17.207,0.012,0.69,0.019,-0.006,0.087,0.345,0.016,0.805,0.02
1408,293.866,1717.52,19.083,0.043,0.66,0.065,99,99,0.515,0.053,99,99
409,1191.42,1273.62,17.221,0.01,0.805,0.017,99,99,0.481,0.014,0.926,0.018
407,1026.57,757.722,17.225,0.01,0.675,0.019,-0.028,0.083,0.452,0.014,0.894,0.021
411,1518.09,559.331,17.225,0.012,0.961,0.024,99,99,0.49,0.017,0.984,0.021
380,1642.62,883.547,17.234,0.012,1.184,0.022,99,99,0.679,0.015,1.323,0.018
414,752.771,1332.43,17.235,0.011,0.859,0.017,99,99,0.487,0.013,0.928,0.018
449,846.157,1560.5,17.237,0.05,0.912,0.079,99,99,0.307,0.066,0.773,0.074
415,196.242,660.706,17.238,0.014,0.761,0.023,0.028,0.064,0.456,0.018,0.925,0.021
382,1867.55,252.608,17.242,0.011,1.151,0.023,99,99,0.734,0.016,1.398,0.019
418,2021.36,1608.4,17.242,0.01,0.627,0.017,99,99,0.423,0.012,0.805,0.019
420,324.172,1573.29,17.246,0.011,0.564,0.017,99,99,0.371,0.014,0.736,0.021
434,1227.95,494.321,17.257,0.01,0.676,0.02,99,99,0.346,0.014,0.724,0.026
422,425.984,1494.73,17.264,0.01,0.767,0.017,99,99,0.475,0.013,0.913,0.018
432,471.962,1762.9,17.264,0.012,0.671,0.02,99,99,0.411,0.016,0.783,0.021
372,203.663,401.499,17.27,0.012,1.271,0.025,99,99,0.787,0.016,1.52,0.02
395,847.327,1827.7,17.27,0.012,1.144,0.022,99,99,0.633,0.014,1.224,0.018
413,1866.87,1221.55,17.275,0.011,1.047,0.02,99,99,0.588,0.014,1.108,0.018
410,850.928,1585.85,17.278,0.012,1.01,0.02,99,99,0.582,0.014,1.058,0.018
424,1358.91,36.409,17.292,0.011,1.02,0.024,99,99,0.532,0.016,1.045,0.018
436,405.12,511.477,17.292,0.013,0.838,0.021,99,99,0.459,0.016,0.926,0.02
421,1772.47,1423.92,17.3,0.011,0.891,0.019,99,99,0.538,0.014,1.029,0.016
430,2017.06,1054.17,17.3,0.015,0.668,0.024,99,99,0.464,0.02,0.896,0.025
451,81.597,153.374,17.307,0.015,0.619,0.027,-0.038,0.078,0.325,0.022,0.775,0.025
435,1889.11,383.384,17.31,0.01,0.838,0.021,99,99,0.499,0.016,0.958,0.018
404,75.845,1436.68,17.311,0.011,1.191,0.021,99,99,0.671,0.016,1.308,0.017
442,683.352,1913.03,17.313,0.012,0.857,0.019,99,99,0.474,0.015,0.923,0.022
452,1741.76,1910.8,17.316,0.019,0.991,0.028,99,99,0.498,0.022,0.907,0.03
425,1528.94,1104.17,17.319,0.011,0.881,0.019,99,99,0.551,0.013,1.057,0.017
448,1859.1,1676.07,17.325,0.012,0.708,0.019,99,99,0.422,0.015,0.848,0.019
445,235.054,1653.18,17.328,0.011,0.589,0.019,99,99,0.38,0.017,0.76,0.021
453,816.967,621.561,17.33,0.013,0.789,0.023,0.167,0.121,0.448,0.018,0.877,0.024
441,980.211,103.979,17.332,0.012,0.855,0.023,99,99,0.468,0.015,0.989,0.021
439,1114.68,1123.45,17.334,0.012,0.851,0.019,99,99,0.513,0.015,1.024,0.018
463,60.842,524.343,17.336,0.014,0.806,0.026,99,99,0.397,0.019,0.862,0.023
437,1565.79,1684.46,17.339,0.012,0.904,0.02,99,99,0.53,0.014,1.018,0.02
458,389.102,1884.09,17.34,0.011,0.61,0.02,-0.089,0.064,0.37,0.015,0.795,0.02
423,824.97,276.415,17.344,0.012,1.145,0.022,99,99,0.633,0.016,1.27,0.019
447,830.475,986.896,17.347,0.013,0.949,0.021,99,99,0.521,0.016,1.004,0.02
450,512.459,1653.03,17.349,0.013,0.64,0.021,-0.006,0.06,0.419,0.018,0.856,0.022
427,674.499,1218.15,17.35,0.016,1.078,0.026,99,99,0.576,0.017,1.118,0.022
484,590.008,77.677,17.351,0.019,1.029,0.026,99,99,0.468,0.023,0.967,0.026
457,629.885,1021.01,17.354,0.011,0.614,0.019,99,99,0.422,0.014,0.807,0.019
416,1970.55,1014.03,17.359,0.013,1.088,0.021,99,99,0.644,0.015,1.242,0.018
465,1047.65,504.602,17.36,0.011,0.678,0.022,99,99,0.404,0.016,0.835,0.02
533,847.429,1095.72,17.361,0.031,0.776,0.044,-0.052,0.079,0.381,0.05,0.445,0.038
429,577.658,1721.78,17.362,0.011,1.085,0.02,99,99,0.624,0.013,1.199,0.017
469,1137.36,374.314,17.365,0.015,0.686,0.025,99,99,0.386,0.023,0.792,0.027
459,1155.5,309.77,17.366,0.014,0.678,0.02,99,99,0.437,0.017,0.886,0.021
460,1740.69,403.748,17.366,0.015,0.731,0.023,99,99,0.464,0.019,0.906,0.025
462,1254.19,490.695,17.37,0.01,0.926,0.022,99,99,0.511,0.015,1.002,0.021
468,608.798,1866.13,17.37,0.011,0.581,0.017,-0.004,0.064,0.348,0.014,0.698,0.024
474,1512.16,168.215,17.371,0.014,0.733,0.023,0.055,0.079,0.407,0.018,0.855,0.024
487,5.035,1978.6,17.375,0.015,0.766,0.025,99,99,99,99,0.748,0.029
352,4.57,1221.65,17.378,0.013,1.357,0.026,99,99,0.841,0.016,1.765,0.018
464,1836.17,631.894,17.379,0.013,0.828,0.023,0.04,0.072,0.49,0.018,0.97,0.02
482,1905.11,429.999,17.381,0.013,0.843,0.021,99,99,0.459,0.019,0.888,0.02
471,243.034,1702.36,17.382,0.012,0.442,0.019,99,99,0.242,0.019,0.523,0.026
485,1245.47,978.313,17.388,0.013,0.554,0.022,0.235,0.084,0.343,0.018,0.666,0.025
455,620.044,1570.67,17.39,0.01,0.975,0.02,99,99,0.549,0.012,1.016,0.018
480,244.445,297.18,17.392,0.016,0.829,0.025,0.06,0.128,0.445,0.021,0.935,0.024
481,836.351,360.285,17.392,0.012,0.781,0.022,99,99,0.424,0.016,0.91,0.023
443,1792.91,579.662,17.394,0.013,0.161,0.019,0.034,0.044,0.111,0.018,0.207,0.027
477,807.236,820.677,17.394,0.014,0.787,0.022,0.225,0.106,0.487,0.019,0.904,0.023
438,1685.46,1509,17.402,0.011,1.118,0.02,99,99,0.642,0.013,1.23,0.019
440,724.681,1569.19,17.406,0.011,1.071,0.02,99,99,0.644,0.014,1.235,0.017
473,1663.45,910.909,17.414,0.014,0.869,0.023,99,99,0.536,0.017,0.968,0.023
479,1154.07,871.813,17.419,0.017,0.86,0.026,99,99,0.499,0.02,0.981,0.024
478,598.551,1674.51,17.42,0.011,0.918,0.02,99,99,0.544,0.015,0.996,0.018
431,782.746,1098.15,17.423,0.011,1.103,0.02,99,99,0.661,0.013,1.306,0.017
491,1901.82,1677.46,17.424,0.011,0.689,0.019,99,99,0.419,0.014,0.791,0.019
486,1169.79,651.384,17.425,0.018,0.678,0.026,0.022,0.075,0.443,0.024,0.896,0.027
467,1363.04,779.06,17.428,0.01,0.823,0.024,99,99,0.531,0.015,1.064,0.019
493,962.067,1546.09,17.433,0.013,0.654,0.021,99,99,0.401,0.016,0.779,0.021
499,905.023,81.09,17.435,0.019,0.819,0.029,0.114,0.105,0.424,0.024,0.865,0.031
446,262.023,379.361,17.439,0.02,1.084,0.033,99,99,0.566,0.023,1.195,0.026
488,1613.49,1067.85,17.448,0.011,0.948,0.02,99,99,0.539,0.014,1.025,0.017
494,270.099,1601.51,17.465,0.013,0.725,0.019,99,99,0.462,0.017,0.899,0.024
476,1934.48,1188.52,17.471,0.011,0.881,0.02,99,99,0.57,0.015,1.163,0.017
497,888.256,1300.18,17.471,0.018,0.789,0.029,0.035,0.093,0.479,0.022,0.915,0.03
500,957.774,1039.11,17.474,0.011,0.782,0.02,0.095,0.087,0.468,0.014,0.875,0.02
504,460.416,36.314,17.476,0.012,0.678,0.02,-0.027,0.085,0.382,0.018,0.837,0.023
495,1710.82,1666.31,17.477,0.011,0.672,0.019,99,99,0.457,0.015,0.877,0.021
444,1127.79,1644.73,17.478,0.011,1.066,0.021,99,99,0.717,0.014,1.297,0.018
498,1058.97,1038.75,17.483,0.012,0.773,0.021,-0.031,0.087,0.485,0.015,0.927,0.021
496,816.614,944.302,17.484,0.013,0.926,0.022,99,99,0.521,0.015,0.999,0.022
503,1597.48,997.218,17.484,0.014,0.678,0.023,99,99,0.418,0.018,0.877,0.023
511,1942.68,551.59,17.487,0.019,0.787,0.028,99,99,0.425,0.022,0.867,0.028
505,478.785,826.325,17.488,0.013,0.828,0.023,99,99,0.464,0.016,0.913,0.025
428,145.893,1421.56,17.497,0.013,1.231,0.023,99,99,0.765,0.015,1.525,0.019
490,1677.83,1372.86,17.497,0.014,0.924,0.024,99,99,0.56,0.017,1.087,0.021
456,512.169,318.865,17.5,0.012,1.163,0.028,99,99,0.645,0.017,1.3,0.018
513,645.18,219.07,17.509,0.016,0.773,0.026,99,99,0.435,0.021,0.883,0.026
509,90.556,1189.15,17.516,0.01,0.772,0.02,99,99,0.462,0.014,0.953,0.019
507,1178.75,727.845,17.521,0.015,0.874,0.026,99,99,0.503,0.018,0.983,0.023
370,1873.09,140.586,17.524,0.014,1.448,0.041,99,99,0.878,0.018,1.803,0.019
492,1405.23,217.844,17.527,0.014,1.059,0.03,99,99,0.526,0.016,1.18,0.021
1190,2016.75,1734.61,18.828,0.04,0.83,0.062,99,99,0.575,0.045,1.073,0.058
524,1448.3,141.302,17.528,0.012,0.644,0.023,0.091,0.108,0.343,0.016,0.779,0.026
518,154.847,1284.32,17.529,0.012,0.748,0.022,99,99,0.438,0.015,0.842,0.02
516,682.633,1052.72,17.53,0.012,0.768,0.02,99,99,0.45,0.014,0.901,0.021
517,1479.13,1444.2,17.533,0.019,0.732,0.029,99,99,0.447,0.025,0.873,0.03
389,1475.09,661.733,17.542,0.013,1.403,0.06,99,99,0.873,0.017,1.684,0.019
1152,1818.84,1454.07,18.724,0.031,0.713,0.047,99,99,0.472,0.034,0.984,0.051
531,1589.9,178.209,17.548,0.013,0.702,0.023,99,99,0.406,0.017,0.818,0.02
521,353.04,1596.9,17.554,0.013,0.713,0.02,99,99,0.446,0.016,0.884,0.024
529,1277,520.498,17.556,0.014,0.758,0.024,99,99,0.435,0.019,0.865,0.026
538,1986.34,1175.85,17.557,0.025,0.78,0.038,99,99,0.431,0.035,0.844,0.041
519,1824.68,1303.11,17.558,0.011,0.627,0.02,99,99,0.45,0.014,0.82,0.022
512,772.945,833.922,17.562,0.013,0.937,0.023,99,99,0.57,0.017,1.103,0.023
537,136.939,1401.16,17.566,0.014,0.509,0.02,99,99,0.278,0.018,0.581,0.026
522,1992.65,368.626,17.567,0.019,0.687,0.027,99,99,0.457,0.023,0.899,0.031
532,1332.45,645.536,17.568,0.014,0.725,0.023,99,99,0.429,0.018,0.884,0.025
540,1286.2,918.245,17.571,0.015,0.789,0.023,99,99,0.462,0.02,0.866,0.028
528,1713.65,554.775,17.58,0.02,0.704,0.029,99,99,0.454,0.023,0.913,0.03
547,221.77,19.879,17.58,0.015,0.986,0.027,99,99,0.421,0.02,1.008,0.024
508,1612.96,1741.57,17.581,0.012,1.009,0.022,99,99,0.622,0.015,1.142,0.021
523,1843.45,1618.62,17.582,0.012,0.745,0.021,99,99,0.499,0.015,0.899,0.021
541,622.181,609.711,17.582,0.017,0.784,0.028,99,99,0.462,0.025,0.914,0.031
536,912.64,1673.49,17.587,0.014,0.625,0.02,99,99,0.411,0.018,0.771,0.024
543,1942.86,1442.59,17.587,0.014,0.656,0.021,99,99,0.416,0.018,0.817,0.023
551,1928.15,145.378,17.589,0.017,0.912,0.029,99,99,0.473,0.023,0.925,0.029
546,967.967,564.453,17.59,0.014,0.777,0.023,0.071,0.084,0.445,0.018,0.901,0.023
562,1028.33,19.771,17.603,0.013,0.746,0.024,99,99,0.392,0.016,0.845,0.023
520,862.413,683.418,17.605,0.013,1.03,0.023,99,99,0.624,0.017,1.145,0.024
502,703.788,1953.98,17.606,0.012,1.131,0.022,99,99,0.647,0.014,1.253,0.018
549,280.849,1329.68,17.606,0.013,0.711,0.022,-0.126,0.085,0.443,0.016,0.873,0.022
544,1168.88,117.581,17.614,0.018,0.902,0.029,99,99,0.518,0.022,1.007,0.028
545,972.876,677.981,17.617,0.014,0.767,0.023,99,99,0.479,0.017,0.956,0.024
548,1505.88,585.092,17.617,0.014,0.724,0.026,99,99,0.47,0.018,0.899,0.025
561,354.819,2003.38,17.622,0.018,0.698,0.034,99,99,0.428,0.027,0.839,0.033
515,864.958,832.283,17.625,0.014,1.036,0.029,99,99,0.601,0.017,1.163,0.023
552,720.8,1765.23,17.628,0.018,0.79,0.029,99,99,0.495,0.022,0.942,0.03
553,67.684,1775.64,17.63,0.014,0.84,0.027,99,99,0.496,0.019,1.018,0.028
472,1086.38,224.611,17.631,0.015,1.161,0.03,99,99,0.775,0.019,1.468,0.022
526,1278.01,728.634,17.631,0.012,0.965,0.029,99,99,0.579,0.016,1.092,0.022
554,560.459,1605.17,17.632,0.013,0.74,0.023,99,99,0.47,0.015,0.942,0.024
542,1779,1172.93,17.634,0.013,0.771,0.021,99,99,0.51,0.016,1.055,0.022
550,1023.32,1783.69,17.634,0.013,0.801,0.021,99,99,0.52,0.016,0.944,0.025
555,1575.52,573.4,17.639,0.016,0.809,0.026,99,99,0.5,0.019,1.012,0.029
557,962.799,900.831,17.64,0.016,0.971,0.026,99,99,0.548,0.02,1.021,0.026
559,1997.74,511.182,17.64,0.019,0.591,0.029,99,99,0.41,0.024,0.859,0.03
563,575.728,1660.11,17.644,0.015,0.748,0.024,99,99,0.464,0.017,0.909,0.026
567,1512.66,1401.95,17.648,0.014,0.715,0.02,99,99,0.445,0.017,0.893,0.023
539,1832.54,1226.6,17.651,0.023,1.106,0.039,99,99,0.647,0.03,1.229,0.037
569,1150.86,1144.39,17.655,0.014,0.794,0.024,99,99,0.465,0.017,0.938,0.024
577,1560.05,509.473,17.666,0.013,0.823,0.021,99,99,0.465,0.018,0.931,0.024
501,511.994,363.852,17.671,0.014,1.286,0.038,99,99,0.683,0.017,1.378,0.022
566,1123.06,1155.54,17.673,0.015,0.799,0.026,0.254,0.118,0.497,0.017,0.994,0.022
572,2011.47,1539.65,17.676,0.015,0.789,0.024,99,99,0.501,0.018,0.959,0.024
391,1309.78,1970.97,17.687,0.012,1.489,0.033,99,99,0.974,0.014,2.006,0.017
579,499.054,641.428,17.69,0.017,0.794,0.031,-0.01,0.115,0.451,0.021,0.91,0.026
590,461.515,290.739,17.69,0.018,0.844,0.027,99,99,0.448,0.023,0.977,0.03
580,982.114,1129.39,17.692,0.016,0.928,0.023,99,99,0.521,0.019,0.977,0.024
574,1868.41,512.157,17.702,0.017,0.823,0.033,99,99,0.507,0.021,0.967,0.031
535,1505.27,1514.59,17.703,0.015,1.043,0.027,99,99,0.633,0.019,1.201,0.021
565,191.152,1930.54,17.705,0.025,1.112,0.04,99,99,0.632,0.032,1.198,0.036
589,1158.47,1165.12,17.705,0.015,0.693,0.024,99,99,0.446,0.018,0.845,0.028
596,587.96,628.077,17.711,0.017,0.923,0.028,99,99,0.464,0.021,0.98,0.028
595,1254.35,1545.96,17.712,0.013,0.626,0.022,99,99,0.395,0.016,0.82,0.025
600,827.253,1236.48,17.713,0.015,0.982,0.025,99,99,0.481,0.019,0.94,0.024
583,182.643,614.246,17.715,0.013,0.908,0.026,99,99,0.497,0.018,1.004,0.022
594,746.382,165.618,17.715,0.015,0.864,0.027,99,99,0.464,0.02,0.996,0.03
584,1030.18,965.467,17.721,0.013,0.885,0.03,99,99,0.507,0.018,0.967,0.022
582,1200.8,1820.68,17.722,0.015,0.765,0.024,99,99,0.505,0.017,0.92,0.025
588,1409.53,1103.59,17.724,0.015,0.756,0.023,99,99,0.474,0.018,0.968,0.022
514,894.421,978.243,17.726,0.019,1.153,0.032,99,99,0.72,0.021,1.303,0.025
534,1115.26,1011.63,17.728,0.014,1.206,0.028,99,99,0.683,0.016,1.3,0.023
609,466.202,1383.02,17.734,0.012,0.579,0.023,0.144,0.114,0.358,0.016,0.732,0.023
612,80.096,1918.9,17.735,0.018,0.853,0.033,99,99,0.418,0.023,0.876,0.031
586,1258.15,739.787,17.737,0.017,0.827,0.027,99,99,0.523,0.02,1.022,0.028
564,1602.06,1666.01,17.74,0.013,1.112,0.025,99,99,0.622,0.015,1.191,0.02
576,262.298,537.356,17.74,0.017,1.013,0.027,99,99,0.59,0.021,1.189,0.026
603,296.163,1756.07,17.74,0.016,0.697,0.024,99,99,0.429,0.02,0.858,0.027
592,1347.47,1374.23,17.743,0.014,0.802,0.023,99,99,0.564,0.026,1.029,0.024
615,653.918,184.06,17.743,0.019,0.731,0.031,99,99,0.401,0.025,0.813,0.035
581,1574.78,851.076,17.747,0.016,1.045,0.028,99,99,0.581,0.021,1.098,0.024
598,110.17,1566.54,17.747,0.016,0.864,0.027,99,99,0.519,0.021,0.984,0.027
591,138.386,1746.5,17.748,0.015,0.992,0.027,99,99,0.568,0.02,1.107,0.026
617,446.654,1946.23,17.756,0.017,0.889,0.027,99,99,0.463,0.021,0.924,0.031
607,1669.35,1234.38,17.757,0.015,0.841,0.024,99,99,0.491,0.019,0.956,0.025
575,1083.79,65.288,17.759,0.018,1.072,0.034,99,99,0.612,0.022,1.152,0.027
602,928.001,263.979,17.759,0.016,0.843,0.026,99,99,0.504,0.021,1.009,0.028
614,646.592,1844.14,17.759,0.015,0.644,0.023,-0.059,0.074,0.4,0.019,0.794,0.028
489,589.475,1693.99,17.76,0.016,1.244,0.027,99,99,0.844,0.018,1.569,0.021
656,1674.53,964.374,17.761,0.038,0.948,0.051,99,99,0.372,0.047,0.798,0.056
599,127.536,638.848,17.767,0.018,0.983,0.029,99,99,0.527,0.022,1.117,0.027
610,972.391,646.574,17.772,0.016,0.719,0.026,99,99,0.451,0.021,0.902,0.027
626,1945.02,1769.75,17.774,0.016,0.693,0.026,99,99,0.425,0.02,0.791,0.026
620,1283.91,1595.39,17.775,0.014,0.74,0.023,99,99,0.439,0.017,0.875,0.024
630,730.846,306.222,17.783,0.023,0.812,0.036,99,99,0.434,0.027,0.912,0.035
639,1885.79,605.174,17.787,0.016,0.63,0.031,99,99,0.381,0.022,0.749,0.029
634,1581.51,140.024,17.788,0.018,0.646,0.026,99,99,0.369,0.023,0.773,0.031
631,1769.06,1309.95,17.791,0.015,0.737,0.027,99,99,0.438,0.018,0.833,0.028
622,1883.08,1881.12,17.795,0.016,0.943,0.026,99,99,0.514,0.019,0.978,0.025
632,98.752,1438.39,17.798,0.017,0.647,0.025,99,99,0.389,0.022,0.831,0.03
604,962.949,205.075,17.8,0.016,1.011,0.031,99,99,0.559,0.021,1.098,0.026
629,384.172,104.967,17.809,0.019,1.018,0.033,99,99,0.499,0.023,1.042,0.029
637,1867.55,1435.06,17.81,0.017,0.795,0.026,99,99,0.493,0.021,0.92,0.027
606,465.452,354.647,17.811,0.018,0.947,0.03,99,99,0.548,0.022,1.151,0.028
628,828.625,1823.01,17.811,0.018,0.894,0.03,99,99,0.5,0.022,0.987,0.027
636,123.758,412.074,17.812,0.016,0.849,0.029,99,99,0.464,0.021,0.968,0.025
587,783.958,814.8,17.815,0.015,1.19,0.028,99,99,0.721,0.02,1.319,0.024
624,1803.74,95.021,17.819,0.015,0.863,0.028,99,99,0.527,0.02,1.052,0.028
635,1675.43,565.569,17.821,0.02,0.832,0.034,99,99,0.491,0.024,0.939,0.028
619,1358.47,1958.18,17.824,0.014,1.06,0.026,99,99,0.582,0.018,1.152,0.024
627,724.556,661.762,17.824,0.015,0.862,0.03,99,99,0.507,0.019,0.991,0.027
638,297.147,250.603,17.825,0.017,0.877,0.028,99,99,0.486,0.023,1.019,0.027
655,417.843,417.756,17.827,0.021,0.843,0.03,99,99,0.409,0.023,0.876,0.031
658,70.534,1365.31,17.832,0.016,0.654,0.026,99,99,0.358,0.021,0.738,0.027
640,1293.85,327.971,17.833,0.018,0.787,0.031,99,99,0.5,0.024,0.934,0.032
650,1406.68,1385.55,17.834,0.035,0.755,0.048,99,99,0.417,0.041,0.833,0.053
661,460.394,1247.91,17.835,0.017,0.622,0.028,99,99,0.365,0.021,0.736,0.027
585,273.746,1101.11,17.839,0.013,1.146,0.03,99,99,0.669,0.016,1.268,0.021
657,211.081,155.05,17.839,0.019,0.942,0.032,99,99,0.443,0.025,0.928,0.03
593,646.286,1354.74,17.843,0.018,1.121,0.036,99,99,0.628,0.021,1.19,0.026
644,1886.01,1786.44,17.846,0.016,0.8,0.024,99,99,0.498,0.021,0.988,0.027
645,1001.31,453.065,17.849,0.016,0.883,0.029,99,99,0.487,0.021,0.996,0.027
611,1153.89,1623.96,17.85,0.023,0.977,0.043,99,99,0.62,0.029,1.174,0.04
646,304.818,926.289,17.852,0.017,0.692,0.027,99,99,0.458,0.02,0.9,0.031
597,1316.27,1738.41,17.853,0.017,1.011,0.028,99,99,0.654,0.02,1.209,0.024
651,1820.42,232.772,17.854,0.016,0.796,0.029,99,99,0.438,0.023,0.927,0.033
652,700.926,1378.67,17.854,0.016,0.717,0.026,99,99,0.425,0.019,0.832,0.029
608,703.503,1827.9,17.862,0.015,1.098,0.028,99,99,0.637,0.018,1.231,0.025
625,1481.85,344.899,17.868,0.021,0.502,0.058,-0.079,0.09,0.529,0.026,0.993,0.036
669,1157.94,464.954,17.868,0.021,0.581,0.03,99,99,0.354,0.026,0.698,0.033
676,308.865,197.834,17.873,0.017,0.779,0.028,99,99,0.41,0.022,0.866,0.029
649,801.797,1886.64,17.874,0.015,0.902,0.028,99,99,0.497,0.018,0.956,0.028
1134,1882.8,279.18,18.605,0.038,0.928,0.067,99,99,0.371,0.044,0.877,0.062
623,597.456,1882.29,17.879,0.014,1.066,0.03,99,99,0.617,0.017,1.152,0.024
665,1642.82,1952.86,17.881,0.017,0.853,0.027,99,99,0.467,0.021,0.955,0.026
654,1530.84,1902.54,17.882,0.016,0.641,0.026,99,99,0.444,0.019,0.866,0.027
633,1645.14,921.451,17.885,0.018,1.093,0.031,99,99,0.641,0.023,1.26,0.029
667,180.657,1257.23,17.888,0.018,0.78,0.026,99,99,0.459,0.021,0.944,0.028
643,473.57,1104.21,17.892,0.016,1.032,0.026,99,99,0.602,0.021,1.195,0.024
660,603.891,1828.11,17.893,0.017,0.716,0.029,99,99,0.471,0.021,0.912,0.028
461,564.198,321.16,17.897,0.022,1.539,0.036,99,99,0.924,0.024,2.028,0.027
659,735.171,1488.83,17.899,0.017,0.846,0.028,99,99,0.515,0.02,0.974,0.029
662,669.313,1955.43,17.9,0.016,0.862,0.027,99,99,0.525,0.02,1.018,0.032
664,572.685,1644.05,17.901,0.02,0.887,0.032,99,99,0.53,0.025,1.019,0.033
613,890.705,424.77,17.903,0.026,1.192,0.037,99,99,0.682,0.028,1.273,0.035
865,285.899,1570.99,18.304,0.023,0.993,0.035,99,99,0.548,0.027,1.06,0.034
671,1229.13,1208.27,17.913,0.015,0.629,0.027,99,99,0.457,0.018,0.881,0.027
570,1819.26,890.241,17.915,0.016,1.316,0.033,99,99,0.862,0.02,1.607,0.026
695,388.158,858.378,17.918,0.021,0.789,0.032,99,99,0.419,0.024,0.861,0.033
642,558.148,121.857,17.92,0.024,1.196,0.037,99,99,0.612,0.027,1.206,0.032
692,388.316,777.62,17.926,0.018,0.728,0.03,99,99,0.423,0.022,0.865,0.029
618,1625.39,1538.2,17.931,0.016,1.141,0.03,99,99,0.683,0.018,1.241,0.024
670,139.006,1204.31,17.932,0.019,0.966,0.033,99,99,0.516,0.023,1.072,0.027
683,1443.24,752.321,17.932,0.022,0.757,0.034,99,99,0.458,0.026,0.995,0.045
689,6.035,1873.03,17.932,0.02,0.975,0.032,99,99,0.501,0.025,1.054,0.033
715,149.935,994.606,17.936,0.028,0.848,0.048,99,99,0.42,0.043,0.844,0.053
616,905.464,1283.44,17.937,0.018,1.138,0.033,99,99,0.743,0.023,1.332,0.027
678,1713.71,794.842,17.942,0.025,0.83,0.034,99,99,0.532,0.028,1.02,0.035
706,962.219,1722.54,17.947,0.016,0.658,0.026,99,99,0.404,0.02,0.794,0.028
681,1120.79,865.846,17.953,0.02,0.614,0.031,99,99,0.457,0.025,0.923,0.035
686,1598.06,550.874,17.958,0.018,0.746,0.031,99,99,0.502,0.025,0.999,0.036
684,1014.79,1359.08,17.96,0.018,0.926,0.03,99,99,0.53,0.021,1.01,0.027
717,1059.88,116.82,17.96,0.025,0.762,0.039,99,99,0.435,0.03,0.81,0.043
673,271.356,951.34,17.962,0.021,1.062,0.036,99,99,0.606,0.026,1.122,0.032
693,1682.17,1179.65,17.962,0.016,0.683,0.026,99,99,0.457,0.02,0.926,0.027
716,1038.78,670.497,17.962,0.019,0.89,0.035,99,99,0.448,0.023,0.89,0.032
700,692.675,1219.94,17.965,0.017,0.677,0.029,99,99,0.456,0.021,0.879,0.028
721,1878.56,1439.24,17.966,0.018,0.764,0.03,99,99,0.428,0.023,0.857,0.027
697,1249.35,204.036,17.97,0.019,0.799,0.034,99,99,0.483,0.027,0.977,0.03
475,142.393,403.577,17.971,0.019,1.49,0.041,99,99,0.956,0.022,2.066,0.025
672,778.761,1185.71,17.972,0.017,0.941,0.032,99,99,0.559,0.02,1.09,0.026
764,1710.13,55.23,17.972,0.04,0.862,0.064,99,99,0.518,0.06,0.419,0.066
711,331.65,812.6,17.973,0.021,0.745,0.031,99,99,0.459,0.024,0.887,0.033
680,1558.83,1688.31,17.974,0.016,0.86,0.027,99,99,0.548,0.018,1.03,0.024
703,1236.14,1043.58,17.976,0.017,0.762,0.027,99,99,0.468,0.021,0.969,0.027
691,1872.51,1586.49,17.977,0.017,0.849,0.032,99,99,0.514,0.02,1.01,0.027
690,1824.31,1153.6,17.982,0.015,0.977,0.027,99,99,0.548,0.019,1.096,0.024
666,1582.2,1065.98,17.983,0.019,0.908,0.032,99,99,0.603,0.023,1.139,0.027
698,896.111,243.348,17.983,0.022,0.861,0.031,99,99,0.54,0.025,1.092,0.037
696,1211.41,1698.19,17.985,0.019,0.905,0.031,99,99,0.534,0.022,0.978,0.027
719,924.593,666.38,17.988,0.021,0.9,0.033,99,99,0.518,0.024,0.919,0.036
723,1135.11,192.384,17.994,0.02,0.677,0.031,99,99,0.424,0.028,0.866,0.032
727,1043.66,1674.81,17.997,0.018,0.779,0.026,99,99,0.455,0.022,0.906,0.029
837,90.524,221.402,17.997,0.048,0.973,0.066,99,99,0.144,0.057,0.647,0.066
722,944.972,1032.26,17.998,0.019,0.76,0.028,99,99,0.476,0.025,0.951,0.029
687,1024.1,1623.02,17.999,0.02,0.847,0.031,99,99,0.565,0.023,1.068,0.031
713,482.286,784.79,17.999,0.019,0.907,0.033,99,99,0.529,0.024,1.035,0.034
794,149.19,324.577,17.999,0.04,0.996,0.064,99,99,0.27,0.042,0.805,0.052
724,439.643,1069.04,18.001,0.016,0.78,0.027,99,99,0.477,0.021,0.92,0.028
746,295.223,1874.22,18.001,0.017,0.651,0.03,99,99,0.359,0.021,0.753,0.035
708,453.173,724.235,18.003,0.019,0.877,0.029,99,99,0.56,0.023,0.995,0.028
731,515.765,1205.12,18.005,0.018,0.625,0.025,99,99,0.391,0.02,0.804,0.03
741,1254.07,447.786,18.006,0.023,1.084,0.039,99,99,0.532,0.03,1.052,0.046
688,167.765,1471.03,18.008,0.016,1.005,0.031,99,99,0.563,0.02,1.139,0.024
745,723.831,947.459,18.009,0.023,0.689,0.039,99,99,0.401,0.029,0.748,0.045
772,1268.39,999.295,18.01,0.026,0.644,0.037,99,99,0.3,0.031,0.609,0.037
747,42.218,907.666,18.013,0.017,0.679,0.033,99,99,0.38,0.023,0.82,0.031
702,567.745,442.308,18.015,0.021,0.95,0.033,99,99,0.579,0.026,1.133,0.031
736,1383.66,42.236,18.018,0.02,0.807,0.037,99,99,0.463,0.025,0.89,0.032
739,899.543,645.578,18.019,0.023,0.887,0.034,99,99,0.491,0.027,0.939,0.038
718,1479.76,276.634,18.021,0.019,0.834,0.034,99,99,0.54,0.025,1.018,0.032
742,917.866,1355.9,18.023,0.02,0.649,0.03,99,99,0.417,0.024,0.787,0.035
734,1688.3,296.612,18.027,0.028,0.806,0.037,99,99,0.524,0.032,0.923,0.04
1212,1570.69,673.569,18.813,0.035,0.853,0.05,99,99,0.565,0.041,0.988,0.056
750,1377.33,895.38,18.031,0.018,0.725,0.037,99,99,0.412,0.023,0.845,0.033
682,1257.8,1138,18.033,0.018,1.015,0.031,99,99,0.638,0.021,1.178,0.027
710,1472.58,176.017,18.035,0.023,0.924,0.036,99,99,0.572,0.028,1.172,0.036
748,91.177,1948.71,18.036,0.02,0.677,0.032,99,99,0.426,0.024,0.827,0.035
751,1133.52,911.989,18.036,0.024,0.859,0.036,99,99,0.485,0.03,0.916,0.036
725,232.074,1400.57,18.038,0.019,0.851,0.029,99,99,0.549,0.023,1.062,0.03
738,2029.77,1652.11,18.038,0.02,0.67,0.035,99,99,0.461,0.024,0.87,0.033
674,84.296,794.81,18.039,0.027,1.192,0.044,99,99,0.628,0.029,1.237,0.034
730,1033.55,685.236,18.039,0.019,0.862,0.034,99,99,0.508,0.023,0.986,0.032
527,1140.35,1063.57,18.042,0.018,1.346,0.042,99,99,0.852,0.02,1.835,0.023
675,1130.62,1072.04,18.043,0.017,1.081,0.036,99,99,0.655,0.02,1.237,0.027
729,1248.97,1319.79,18.043,0.02,0.869,0.033,99,99,0.5,0.022,0.998,0.03
720,1677.6,1787.58,18.046,0.02,0.882,0.032,99,99,0.587,0.024,1.056,0.033
735,591.159,980.824,18.057,0.018,0.868,0.034,99,99,0.516,0.022,1.048,0.032
752,478.237,1169.25,18.06,0.016,0.75,0.026,99,99,0.467,0.02,0.915,0.028
755,276.297,669.716,18.06,0.021,0.668,0.033,99,99,0.415,0.026,0.893,0.032
758,1566.74,814.65,18.06,0.019,0.845,0.032,99,99,0.456,0.025,0.928,0.03
601,850.821,19.916,18.061,0.023,1.394,0.046,99,99,0.825,0.025,1.634,0.033
397,211.883,1953.92,18.063,0.02,1.713,0.046,99,99,1.163,0.022,2.854,0.026
701,1324.28,1958.9,18.069,0.021,1.055,0.033,99,99,0.657,0.024,1.201,0.03
762,1394.96,1389.82,18.071,0.021,0.833,0.033,99,99,0.469,0.027,0.915,0.034
732,1143.78,1664.9,18.073,0.019,0.866,0.032,99,99,0.559,0.022,1.015,0.029
740,823.169,1919.35,18.073,0.02,0.863,0.033,99,99,0.535,0.023,1.021,0.031
767,184.048,949.901,18.073,0.02,0.803,0.032,99,99,0.429,0.025,0.904,0.037
749,745.913,1429.91,18.076,0.019,0.927,0.037,99,99,0.524,0.023,0.969,0.027
733,1760.01,1267,18.079,0.022,0.918,0.037,99,99,0.562,0.025,1.013,0.031
756,1298.16,1482.39,18.079,0.02,0.671,0.03,99,99,0.449,0.025,0.878,0.033
769,316.821,1496.47,18.08,0.021,0.751,0.033,99,99,0.423,0.026,0.872,0.035
810,1230.94,229.768,18.081,0.031,0.872,0.047,99,99,99,99,0.788,0.049
757,1401,1735.67,18.082,0.019,0.601,0.028,99,99,0.421,0.024,0.795,0.035
802,1875.96,83.945,18.083,0.022,0.664,0.039,99,99,0.319,0.028,0.692,0.042
709,689.011,1312.06,18.085,0.023,1.151,0.036,99,99,0.657,0.027,1.29,0.033
773,36.237,467.915,18.087,0.022,0.872,0.042,99,99,0.415,0.031,0.933,0.036
754,1728.59,608.758,18.091,0.024,0.855,0.035,99,99,0.515,0.028,1.018,0.032
777,824.302,1086.24,18.099,0.019,0.614,0.032,99,99,0.391,0.024,0.742,0.033
778,221.863,91.162,18.1,0.025,0.852,0.037,99,99,0.418,0.032,0.992,0.039
685,669.72,1112.18,18.106,0.021,1.221,0.039,99,99,0.667,0.022,1.275,0.03
707,507.705,1086.49,18.108,0.021,1.043,0.037,99,99,0.633,0.024,1.286,0.03
765,504.294,59.221,18.108,0.021,0.928,0.035,99,99,0.488,0.025,1.056,0.031
785,1261.32,1062.81,18.11,0.019,0.603,0.029,99,99,0.385,0.022,0.742,0.034
782,1483.68,1138.94,18.12,0.018,0.691,0.026,99,99,0.422,0.023,0.836,0.031
743,1971.47,627.111,18.122,0.027,0.946,0.044,99,99,0.597,0.03,1.156,0.039
770,1379.48,357.905,18.123,0.02,0.81,0.034,99,99,0.481,0.023,0.999,0.032
776,1280.87,1954.66,18.124,0.019,0.592,0.029,99,99,0.429,0.022,0.762,0.035
766,1439.49,656.382,18.128,0.028,0.659,0.035,99,99,0.498,0.03,0.872,0.037
775,856.169,564.282,18.128,0.02,0.766,0.034,99,99,0.473,0.025,0.96,0.039
788,797.299,1736.81,18.132,0.023,0.664,0.03,99,99,0.399,0.028,0.823,0.042
771,223.664,1458.59,18.133,0.019,0.815,0.031,99,99,0.523,0.023,0.97,0.03
761,817.066,1681.88,18.136,0.019,0.948,0.039,99,99,0.553,0.023,1.049,0.033
790,696.097,1941.47,18.139,0.023,0.863,0.036,99,99,0.483,0.027,0.943,0.034
605,912.242,837.597,18.143,0.031,1.494,0.046,99,99,0.957,0.038,1.785,0.037
804,807.949,460.221,18.146,0.029,0.893,0.038,99,99,0.494,0.034,1.033,0.041
779,358.18,1628.97,18.15,0.021,0.886,0.034,99,99,0.507,0.024,0.981,0.031
803,1447.47,258.881,18.154,0.023,0.782,0.036,99,99,0.467,0.027,0.909,0.036
796,758.04,1946.12,18.155,0.022,1.006,0.042,99,99,0.491,0.026,0.99,0.036
783,323.145,1937.09,18.158,0.034,0.834,0.055,99,99,0.498,0.041,0.995,0.047
807,215.629,1211.27,18.161,0.02,0.76,0.033,99,99,0.469,0.025,0.897,0.038
821,1829.79,31.571,18.162,0.02,0.661,0.03,99,99,0.359,0.026,0.797,0.038
789,724.722,633.805,18.164,0.02,0.846,0.038,99,99,0.514,0.026,1.017,0.035
792,369.428,1187.96,18.164,0.019,0.924,0.032,99,99,0.528,0.024,1.048,0.03
823,1891.9,113.28,18.165,0.021,0.73,0.036,99,99,0.385,0.029,0.841,0.037
784,136.469,709.802,18.166,0.017,0.973,0.032,99,99,0.562,0.025,1.118,0.03
806,1712.18,1575.21,18.168,0.018,0.866,0.031,99,99,0.504,0.023,0.957,0.029
815,822.903,1708.26,18.171,0.02,0.667,0.03,99,99,0.44,0.025,0.787,0.037
760,392.753,1274.85,18.172,0.025,1.066,0.043,99,99,0.566,0.028,1.218,0.035
799,1954.01,1423.53,18.172,0.023,0.86,0.035,99,99,0.519,0.027,1,0.036
780,1822.13,1427.92,18.173,0.018,0.887,0.032,99,99,0.559,0.024,1.07,0.03
793,1066.06,789.08,18.173,0.032,0.958,0.051,99,99,0.513,0.034,1.044,0.046
801,543.158,602.066,18.176,0.024,0.727,0.038,99,99,0.488,0.03,0.949,0.037
791,1866.97,1540.19,18.178,0.017,0.78,0.031,99,99,0.531,0.021,0.971,0.031
694,905.653,292.923,18.183,0.031,1.275,0.047,99,99,0.725,0.032,1.412,0.038
795,647.594,52.163,18.183,0.027,1.043,0.043,99,99,0.563,0.031,1.158,0.043
829,857.861,927.598,18.184,0.022,0.677,0.033,99,99,0.387,0.027,0.778,0.051
800,1152.53,1744.99,18.189,0.019,0.905,0.034,99,99,0.545,0.023,1.02,0.031
805,1038.06,895.536,18.192,0.025,0.985,0.049,99,99,0.511,0.029,1.006,0.036
825,644.651,1791.43,18.196,0.029,0.87,0.043,99,99,0.505,0.036,0.959,0.045
820,878.959,1816.82,18.202,0.019,0.779,0.034,99,99,0.497,0.024,0.937,0.031
814,1923.08,948.797,18.205,0.031,0.89,0.046,99,99,0.545,0.034,0.981,0.043
811,322.805,1823.63,18.212,0.019,0.877,0.034,99,99,0.582,0.025,1.032,0.033
704,1550.27,1292.28,18.213,0.02,1.268,0.046,99,99,0.777,0.024,1.431,0.03
831,376.796,10.854,18.215,0.023,0.894,0.039,99,99,0.469,0.028,1.047,0.037
816,1416.65,1217.46,18.217,0.025,0.74,0.042,99,99,0.519,0.029,0.958,0.039
844,1112.08,1363.59,18.218,0.02,0.782,0.033,99,99,0.43,0.025,0.876,0.037
841,1568.79,647.347,18.224,0.017,0.78,0.031,99,99,0.466,0.023,0.871,0.034
843,1896.57,1188.57,18.224,0.025,0.745,0.035,99,99,0.441,0.03,0.898,0.039
834,1541.51,1828.01,18.227,0.019,0.74,0.034,99,99,0.483,0.023,0.903,0.033
812,1199.25,1427.41,18.234,0.021,0.927,0.039,99,99,0.573,0.025,1.073,0.036
827,1098.8,1224.4,18.241,0.02,0.794,0.033,99,99,0.52,0.023,1.003,0.035
824,278.586,172.04,18.243,0.025,0.945,0.043,99,99,0.535,0.03,1.088,0.037
813,751.664,1110.76,18.245,0.021,0.942,0.038,99,99,0.566,0.025,1.141,0.033
822,1071.52,169.242,18.245,0.024,1.095,0.046,99,99,0.583,0.029,1.095,0.042
855,255.782,166.547,18.245,0.03,0.853,0.042,99,99,0.451,0.035,0.947,0.041
832,1507.33,16.424,18.247,0.02,0.945,0.044,99,99,0.539,0.027,1.098,0.04
826,1419.34,1222.16,18.249,0.029,0.67,0.042,99,99,0.49,0.033,0.996,0.042
854,1913.73,609.878,18.255,0.026,0.726,0.039,99,99,0.452,0.03,0.838,0.042
871,1186.58,1393.64,18.255,0.023,0.663,0.036,99,99,0.382,0.027,0.771,0.042
774,2025.39,1080.24,18.258,0.022,0.805,0.037,99,99,0.629,0.025,1.264,0.035
878,1972.45,462.5,18.258,0.027,0.891,0.044,99,99,0.449,0.035,0.836,0.047
808,1774.24,1089.65,18.261,0.019,1.025,0.035,99,99,0.621,0.023,1.191,0.029
828,1303.06,1701.2,18.261,0.02,0.862,0.035,99,99,0.555,0.023,1.014,0.032
872,1872.27,473.615,18.261,0.025,0.586,0.042,99,99,0.336,0.035,0.671,0.05
847,1223.05,832.745,18.262,0.027,0.838,0.051,99,99,0.483,0.03,0.983,0.05
860,226.736,1450.33,18.262,0.022,0.808,0.037,99,99,0.447,0.025,0.93,0.036
851,1109.89,1509.56,18.264,0.023,0.689,0.036,99,99,0.464,0.028,0.853,0.036
886,288.057,101.848,18.271,0.021,0.702,0.033,99,99,0.338,0.028,0.801,0.04
862,1088.79,1743.1,18.272,0.023,0.67,0.036,99,99,99,99,0.83,0.039
835,1206.15,1238.68,18.279,0.021,0.919,0.038,99,99,0.566,0.024,1.085,0.033
849,186.676,655.936,18.28,0.025,0.87,0.045,99,99,0.493,0.03,1,0.039
856,1975.47,1401.23,18.286,0.023,0.765,0.039,99,99,0.496,0.028,0.945,0.04
869,99.74,390.241,18.287,0.029,0.744,0.043,99,99,0.414,0.034,0.959,0.04
845,129.102,590.283,18.289,0.03,0.99,0.052,99,99,0.581,0.036,1.075,0.046
809,1552.56,429.665,18.29,0.023,1.007,0.042,99,99,0.654,0.027,1.171,0.034
850,2001.88,353.155,18.29,0.031,0.644,0.05,99,99,0.454,0.036,0.988,0.049
918,1547.91,493.571,18.294,0.038,0.832,0.063,99,99,0.365,0.04,99,99
866,1301.06,1569.66,18.297,0.019,0.757,0.031,99,99,0.493,0.025,0.957,0.035
879,1012.59,1336.97,18.299,0.02,0.665,0.032,99,99,0.409,0.026,0.855,0.037
818,1763.5,847.706,18.3,0.026,0.972,0.051,99,99,0.613,0.029,1.161,0.041
859,1711.01,32.741,18.301,0.038,0.716,0.048,99,99,0.485,0.04,1.001,0.051
819,1436.09,780.346,18.308,0.029,1.104,0.047,99,99,0.627,0.03,1.16,0.038
873,1717.11,1621.95,18.309,0.021,0.884,0.035,99,99,0.509,0.024,0.952,0.033
880,489.17,1102.34,18.314,0.028,0.878,0.041,99,99,0.508,0.033,0.998,0.042
884,1576.95,1507.27,18.316,0.02,0.846,0.039,99,99,0.484,0.025,0.914,0.035
901,1458.14,9.565,18.316,0.028,0.928,0.045,99,99,0.436,0.033,0.96,0.045
759,1473.85,1311.92,18.32,0.023,1.032,0.045,99,99,0.721,0.027,1.355,0.03
887,1106.93,701.159,18.327,0.022,0.872,0.039,99,99,0.5,0.029,0.967,0.033
867,1898.72,1568.87,18.328,0.026,0.911,0.04,99,99,0.566,0.031,1.051,0.038
923,922.509,289.754,18.33,0.032,0.784,0.042,99,99,0.411,0.036,0.824,0.055
896,221.101,1264.45,18.333,0.024,0.614,0.036,99,99,0.403,0.03,0.82,0.042
863,990.53,1195.82,18.336,0.022,0.869,0.037,99,99,0.574,0.026,1.084,0.036
888,2011.87,1001.95,18.34,0.025,0.668,0.04,99,99,0.472,0.03,0.914,0.039
892,1554.35,1338.43,18.344,0.031,0.873,0.045,99,99,0.653,0.039,0.859,0.053
882,1297.38,1785.33,18.345,0.027,0.731,0.042,99,99,0.5,0.03,0.943,0.04
898,1781.37,335.777,18.35,0.032,0.83,0.052,99,99,0.509,0.037,0.939,0.051
907,1326.75,546.49,18.353,0.026,0.756,0.045,99,99,0.448,0.03,0.899,0.043
916,1832.95,1503.83,18.353,0.023,0.691,0.038,99,99,0.423,0.028,0.845,0.04
904,798.743,1716.29,18.354,0.024,0.778,0.036,99,99,0.473,0.028,0.936,0.04
894,1935.65,1868.78,18.359,0.026,0.685,0.04,99,99,0.47,0.031,0.96,0.039
870,822.526,1874.53,18.36,0.025,0.905,0.045,99,99,0.566,0.029,1.089,0.039
919,966.18,519.01,18.362,0.026,0.826,0.043,99,99,0.459,0.031,0.933,0.043
936,570.674,1955.73,18.362,0.023,0.783,0.041,99,99,0.413,0.028,0.902,0.038
890,74.537,353.97,18.364,0.036,1.055,0.065,99,99,0.521,0.04,1.088,0.053
943,5.407,1375.68,18.365,0.025,0.853,0.039,99,99,0.431,0.029,0.917,0.04
876,1537.46,213.877,18.368,0.024,1.069,0.05,99,99,0.596,0.03,1.14,0.043
908,1141,493.985,18.368,0.031,0.896,0.044,99,99,0.52,0.036,1.018,0.043
893,1194.85,146.29,18.373,0.033,0.726,0.046,99,99,0.499,0.035,1.011,0.045
899,1935.38,195.671,18.374,0.044,1.026,0.061,99,99,0.534,0.047,1.115,0.057
914,666.608,1864.02,18.374,0.024,0.734,0.037,99,99,0.476,0.029,0.927,0.042
926,1952.17,590.359,18.376,0.036,0.761,0.053,99,99,0.477,0.045,0.894,0.05
942,786.554,1876.23,18.378,0.025,0.782,0.039,99,99,0.46,0.029,0.839,0.039
653,1847.6,656.877,18.379,0.028,1.468,0.058,99,99,0.945,0.03,1.857,0.035
960,1852.73,482.664,18.379,0.03,0.79,0.052,99,99,0.362,0.034,0.889,0.044
861,361.952,488.232,18.388,0.029,1.12,0.045,99,99,0.642,0.032,1.282,0.04
897,1843.54,798.436,18.388,0.03,0.973,0.05,99,99,0.543,0.033,1.064,0.041
952,310.471,1585.71,18.388,0.023,0.778,0.036,99,99,0.435,0.028,0.816,0.039
900,1014.65,1586.26,18.389,0.023,1.143,0.05,99,99,0.556,0.028,1.061,0.036
915,1153.36,805.012,18.389,0.03,0.755,0.046,99,99,0.492,0.036,0.963,0.043
949,374.961,671.448,18.392,0.026,0.773,0.05,99,99,0.426,0.032,0.857,0.04
912,1855.51,1121.18,18.393,0.025,0.772,0.035,99,99,0.497,0.029,1.032,0.036
933,1487.6,485.318,18.394,0.024,1.007,0.043,99,99,0.552,0.032,1.035,0.042
968,226.901,1305.2,18.4,0.029,0.699,0.043,99,99,0.369,0.034,0.799,0.05
921,1986.45,1410.4,18.402,0.021,0.671,0.036,99,99,0.489,0.027,0.926,0.036
962,1229.64,569.187,18.402,0.024,0.666,0.044,99,99,0.365,0.033,0.743,0.057
903,1239.54,745.178,18.403,0.021,0.969,0.05,99,99,0.585,0.028,1.042,0.041
852,1179.71,947.518,18.405,0.031,1.195,0.059,99,99,0.715,0.039,1.271,0.044
885,935.69,555.388,18.405,0.03,0.985,0.045,99,99,0.611,0.032,1.114,0.04
913,1718.09,1187.04,18.409,0.023,0.867,0.036,99,99,0.551,0.027,1.084,0.038
946,1183.99,1075.83,18.409,0.023,0.721,0.04,99,99,0.447,0.029,0.923,0.036
929,664.643,1013.26,18.41,0.025,0.766,0.041,99,99,0.497,0.028,0.982,0.044
875,323.41,1142.72,18.412,0.03,1.033,0.048,99,99,0.618,0.035,1.247,0.04
947,1812.02,1348.42,18.414,0.025,0.666,0.038,99,99,0.47,0.03,0.829,0.038
937,858.29,261.777,18.417,0.024,0.737,0.038,99,99,0.506,0.029,0.961,0.056
836,411.897,953.526,18.419,0.029,1.211,0.054,99,99,0.741,0.032,1.376,0.042
967,933.823,683.995,18.42,0.025,0.72,0.037,99,99,0.426,0.03,0.816,0.046
957,1593.37,758.338,18.421,0.023,0.901,0.04,99,99,0.507,0.029,0.939,0.043
924,573.822,1111.7,18.423,0.024,0.947,0.043,99,99,0.558,0.03,1.079,0.039
928,1236.39,643.148,18.423,0.025,1.05,0.051,99,99,0.542,0.03,1.071,0.042
909,1136,1760.3,18.424,0.026,1.022,0.043,99,99,0.585,0.03,1.097,0.038
938,1621.8,804.805,18.424,0.022,0.766,0.038,99,99,0.518,0.028,0.973,0.037
969,1991.69,1233.62,18.504,0.03,0.897,0.046,99,99,0.587,0.034,1.041,0.043
932,583.132,940.102,18.428,0.029,0.949,0.047,99,99,0.539,0.033,1.064,0.042
991,849.578,118.354,18.428,0.025,0.827,0.042,99,99,0.398,0.032,0.825,0.05
1002,163.716,1788.25,18.429,0.028,0.939,0.043,99,99,0.407,0.033,0.844,0.046
911,813.584,32.565,18.43,0.032,1.049,0.047,99,99,0.637,0.035,1.128,0.046
857,28.687,1906.23,18.434,0.033,1.213,0.053,99,99,0.695,0.035,1.362,0.046
954,366.658,1736.74,18.434,0.024,0.8,0.039,99,99,0.489,0.03,0.958,0.037
959,1063.87,693.687,18.438,0.038,0.688,0.057,99,99,0.461,0.04,0.879,0.055
950,966.89,1525.74,18.441,0.03,0.77,0.043,99,99,0.508,0.033,0.932,0.043
961,920.753,1435.08,18.442,0.022,0.731,0.039,99,99,0.474,0.028,0.897,0.037
556,836.191,1483.08,18.443,0.029,1.502,0.061,99,99,1.032,0.03,2.35,0.033
922,1443.54,1291.61,18.443,0.025,1.011,0.041,99,99,0.59,0.029,1.116,0.037
944,861.218,317.009,18.443,0.028,0.713,0.049,99,99,0.525,0.032,99,99
953,1273.28,1878.27,18.443,0.024,0.907,0.044,99,99,0.531,0.029,0.966,0.044
910,1611.83,384.532,18.444,0.029,1.174,0.051,99,99,0.61,0.033,1.211,0.042
948,1812.95,674.357,18.448,0.026,0.676,0.04,99,99,0.496,0.032,0.941,0.043
930,1926.62,1894.1,18.449,0.031,0.417,0.045,99,99,0.401,0.038,0.876,0.107
972,1509.33,727.318,18.45,0.025,0.751,0.052,99,99,0.468,0.035,0.887,0.045
990,1251.81,1922.72,18.455,0.043,0.901,0.068,99,99,0.448,0.053,1.004,0.072
987,1766.64,41.216,18.456,0.034,0.856,0.054,99,99,0.439,0.036,0.904,0.048
964,525.443,1517.67,18.457,0.028,0.713,0.039,99,99,0.492,0.032,0.921,0.044
974,1515.79,1874.65,18.457,0.024,0.813,0.039,99,99,0.488,0.03,0.942,0.04
935,1595.58,1999.83,18.459,0.029,1.084,0.049,99,99,0.593,0.031,1.098,0.043
978,264.078,80.399,18.463,0.029,0.851,0.049,99,99,0.44,0.038,1.029,0.043
963,1079.63,1848.4,18.464,0.034,0.873,0.05,99,99,0.552,0.042,1.048,0.05
571,1687.17,1599.24,18.465,0.028,1.544,0.067,99,99,1.023,0.029,2.271,0.032
917,1760.16,1974.39,18.468,0.032,0.981,0.051,99,99,0.603,0.036,1.123,0.041
981,272.294,1467.2,18.468,0.03,0.73,0.043,99,99,0.457,0.033,0.933,0.043
1013,401.978,1941.9,18.468,0.026,0.74,0.04,99,99,0.395,0.032,0.792,0.046
966,542.905,1089.17,18.473,0.025,0.74,0.041,99,99,0.488,0.03,1.005,0.038
986,1148.8,1048.24,18.474,0.028,0.795,0.041,99,99,0.492,0.033,0.911,0.044
1038,1572.74,322.476,18.476,0.045,0.873,0.08,99,99,0.388,0.069,0.762,0.083
920,467.733,1022.06,18.477,0.024,1.088,0.048,99,99,0.623,0.029,1.21,0.04
925,257.859,1162.47,18.483,0.03,1.092,0.054,99,99,0.593,0.034,1.184,0.04
994,281.278,1401.01,18.487,0.022,0.636,0.035,99,99,0.444,0.029,0.815,0.037
989,1480.41,254.291,18.488,0.031,0.893,0.058,99,99,0.507,0.038,0.982,0.057
906,1843.4,1371.56,18.492,0.028,0.936,0.047,99,99,0.638,0.031,1.212,0.039
1004,293.954,34.529,18.492,0.028,0.774,0.042,99,99,0.443,0.033,0.922,0.046
705,919.919,1372.97,18.493,0.028,1.493,0.069,99,99,0.945,0.029,1.86,0.035
965,1658.33,1115.05,18.496,0.025,0.762,0.041,99,99,0.539,0.03,1.045,0.039
1001,1915.32,1119.1,18.5,0.028,0.706,0.042,99,99,0.444,0.033,0.918,0.047
1012,906.562,161.66,18.5,0.037,0.714,0.054,99,99,0.447,0.043,0.822,0.064
1030,388.738,1172.45,18.501,0.026,0.898,0.043,99,99,0.433,0.03,0.902,0.042
985,1197.4,763.127,18.503,0.03,0.742,0.052,99,99,0.504,0.034,0.942,0.055
768,532.588,1074.69,18.504,0.024,1.259,0.05,99,99,0.874,0.027,1.689,0.032
1010,631.041,1040.95,18.507,0.023,0.877,0.04,99,99,0.486,0.028,0.971,0.046
1021,1557.72,87.263,18.507,0.028,0.663,0.043,99,99,0.414,0.033,0.839,0.049
1014,801.084,760.903,18.508,0.037,0.964,0.049,99,99,0.542,0.04,1.018,0.051
971,1661.69,1511.09,18.512,0.024,0.958,0.045,99,99,0.579,0.029,1.086,0.04
993,1601.8,1063.09,18.513,0.025,0.958,0.045,99,99,0.518,0.03,1.107,0.042
983,1829.87,1484.94,18.515,0.03,0.799,0.044,99,99,0.546,0.033,0.994,0.045
992,453.27,133.534,18.517,0.026,0.827,0.049,99,99,0.512,0.032,1.004,0.041
927,868.594,1450.79,18.519,0.024,1.191,0.05,99,99,0.643,0.027,1.214,0.034
1066,124.328,284.823,18.52,0.032,0.971,0.05,99,99,0.383,0.038,0.939,0.046
980,1057.86,1118.69,18.522,0.029,0.948,0.047,99,99,0.554,0.032,1.109,0.042
1003,1750.01,1961.48,18.522,0.028,0.834,0.048,99,99,0.507,0.033,0.997,0.045
1023,1265.42,267.154,18.523,0.028,0.866,0.053,99,99,0.484,0.037,0.96,0.05
889,1739.29,1744.88,18.524,0.028,1.224,0.051,99,99,0.713,0.03,1.347,0.039
1034,977.294,777.343,18.526,0.029,0.823,0.045,99,99,0.452,0.034,0.929,0.045
1006,1750.66,1695.6,18.529,0.031,0.759,0.048,99,99,0.507,0.036,0.948,0.052
951,159.468,739.014,18.53,0.037,1.101,0.056,99,99,0.567,0.039,1.205,0.045
956,1402.71,1050.42,18.53,0.025,1.003,0.045,99,99,0.625,0.03,1.169,0.036
1018,300.234,184.181,18.531,0.026,0.973,0.051,99,99,0.48,0.032,1.034,0.04
1058,379.741,482.172,18.533,0.024,0.784,0.043,99,99,0.391,0.029,0.886,0.038
1019,837.443,1175.57,18.534,0.03,0.692,0.043,99,99,0.441,0.034,0.998,0.046
998,1457.52,684.94,18.536,0.03,0.877,0.047,99,99,0.537,0.033,1.014,0.043
1016,1856.72,1940.17,18.536,0.026,0.57,0.04,99,99,0.441,0.031,0.868,0.044
1024,1286.36,455.936,18.538,0.028,0.792,0.044,99,99,0.487,0.035,0.975,0.046
941,675.874,1494.52,18.541,0.031,0.977,0.05,99,99,0.65,0.033,1.231,0.041
1015,584.215,340.984,18.541,0.034,1.097,0.05,99,99,0.593,0.04,1.111,0.046
1044,1460.12,424.961,18.541,0.039,0.949,0.057,99,99,0.494,0.044,0.959,0.058
1007,1899.67,311.453,18.542,0.029,0.941,0.051,99,99,0.528,0.033,1.036,0.045
1056,1559.14,588.297,18.582,0.031,0.889,0.05,99,99,0.49,0.035,1.018,0.046
1031,1464.01,1264.51,18.544,0.028,0.726,0.047,99,99,0.466,0.031,0.907,0.046
1043,1116.25,432.995,18.547,0.032,0.713,0.046,99,99,0.42,0.042,0.894,0.049
1047,1587.13,559.946,18.547,0.025,0.791,0.045,99,99,0.44,0.032,0.924,0.044
1009,356.35,1294.39,18.549,0.025,0.875,0.044,99,99,0.517,0.031,1.079,0.039
976,2003.27,713.406,18.551,0.031,0.668,0.051,99,99,0.586,0.036,1.075,0.053
1025,244.224,1552.31,18.556,0.029,0.61,0.04,99,99,0.452,0.033,0.888,0.048
1065,604.251,505.595,18.556,0.035,0.7,0.048,99,99,0.422,0.038,0.805,0.052
1081,167.603,1094.72,18.557,0.026,0.772,0.043,99,99,0.384,0.032,0.752,0.051
1062,230.373,833.657,18.558,0.051,1.018,0.075,99,99,0.477,0.057,0.992,0.07
1029,1882.14,1926.79,18.561,0.033,0.567,0.05,99,99,0.447,0.04,0.871,0.053
1108,1548.14,831.26,18.562,0.032,0.755,0.053,99,99,0.337,0.036,0.74,0.061
1026,1819.61,1646.49,18.564,0.032,0.715,0.044,99,99,0.499,0.037,0.984,0.046
1070,671.466,996.394,18.565,0.031,0.863,0.049,99,99,0.464,0.035,0.862,0.046
979,895.529,213.092,18.568,0.043,0.681,0.059,99,99,0.599,0.049,1.146,0.062
1041,1473.11,726.106,18.57,0.029,0.712,0.051,99,99,0.445,0.038,0.984,0.046
1051,1427.25,1385.44,18.576,0.029,1.004,0.047,99,99,0.517,0.032,1.001,0.044
1050,1689.39,228.679,18.579,0.043,0.895,0.058,99,99,0.513,0.045,0.977,0.055
1085,732.473,116.209,18.582,0.031,0.705,0.055,99,99,0.393,0.037,0.823,0.063
995,1751.74,539.43,18.583,0.031,1.085,0.058,99,99,0.616,0.035,1.178,0.047
1027,1536.21,682.963,18.585,0.029,0.926,0.056,99,99,0.57,0.036,1.064,0.047
1077,1812.04,343.363,18.586,0.031,0.79,0.051,99,99,0.44,0.034,0.898,0.048
1000,1341.54,1172.96,18.589,0.031,0.852,0.053,99,99,0.602,0.033,1.02,0.046
1074,1751.68,800.972,18.589,0.031,0.653,0.049,99,99,0.42,0.037,0.862,0.049
1069,483.806,396.049,18.59,0.038,1.005,0.058,99,99,0.492,0.042,1.012,0.051
1068,1473.2,1717.3,18.592,0.024,0.653,0.039,99,99,0.442,0.032,0.849,0.054
1045,1782.44,1767.04,18.596,0.028,0.784,0.048,99,99,0.522,0.031,0.985,0.046
984,602.872,376.388,18.599,0.034,1.104,0.057,99,99,0.64,0.036,1.22,0.047
1073,990.173,1580.5,18.599,0.028,0.697,0.043,99,99,0.455,0.032,99,99
1097,220.578,1856.89,18.604,0.033,0.805,0.05,99,99,0.457,0.04,0.859,0.054
1087,967.015,1044.28,18.605,0.031,0.923,0.049,99,99,0.487,0.035,0.938,0.049
1054,1309.31,1083.86,18.606,0.032,0.98,0.057,99,99,0.523,0.036,1.058,0.046
1090,1509.17,1293.21,18.615,0.031,0.641,0.045,99,99,0.408,0.035,99,99
1098,555.087,726.915,18.615,0.037,0.877,0.051,99,99,0.478,0.041,0.955,0.053
1071,1231.1,1135.63,18.616,0.03,0.812,0.045,99,99,0.509,0.035,1.007,0.043
1063,1095.63,1489.4,18.618,0.033,0.557,0.045,99,99,0.461,0.038,0.864,0.052
1055,269.94,569.814,18.619,0.033,0.75,0.047,99,99,0.539,0.039,1.052,0.05
988,748.975,1126.05,18.621,0.034,1.089,0.052,99,99,0.666,0.036,1.261,0.046
1028,2016.61,1790.78,18.621,0.031,0.34,0.046,99,99,0.446,0.036,0.941,0.06
1079,747.433,1915.81,18.623,0.033,0.839,0.052,99,99,0.502,0.038,0.981,0.049
1039,308.283,306.294,18.624,0.034,0.87,0.054,99,99,0.572,0.039,1.102,0.047
1094,422.601,526.085,18.624,0.033,0.81,0.05,99,99,0.475,0.036,0.907,0.057
1076,1533.13,1962.93,18.625,0.038,0.776,0.054,99,99,0.504,0.042,0.971,0.055
1096,12.918,313.08,18.631,0.033,0.974,0.055,99,99,0.421,0.049,1.085,0.047
1049,1824.26,221.074,18.632,0.025,1.027,0.05,99,99,0.59,0.031,1.177,0.043
1122,609.175,49.623,18.635,0.031,0.88,0.048,99,99,0.446,0.036,0.973,0.056
1022,707.88,376.304,18.638,0.033,1.177,0.079,99,99,0.662,0.041,1.245,0.058
1088,1605.76,1944.63,18.641,0.029,0.893,0.048,99,99,0.54,0.033,99,99
1005,1442.32,1662.75,18.643,0.034,0.871,0.056,99,99,0.656,0.037,1.165,0.049
1093,632.931,507.203,18.643,0.04,0.663,0.057,99,99,0.429,0.049,1.01,0.068
1109,1958.56,1645.17,18.645,0.035,0.737,0.052,99,99,0.482,0.041,0.874,0.051
1067,822.036,1415.94,18.646,0.032,0.956,0.056,99,99,0.53,0.035,1.153,0.048
1132,390.804,1587.98,18.647,0.029,0.798,0.043,99,99,0.467,0.033,0.817,0.046
1099,596.97,1459.32,18.65,0.03,0.817,0.049,99,99,0.499,0.034,0.952,0.047
1078,1716.38,1174.85,18.654,0.029,0.995,0.048,99,99,0.59,0.034,1.09,0.046
1114,579.199,306.766,18.654,0.038,0.873,0.055,99,99,0.503,0.044,0.992,0.057
1048,117.035,476.181,18.656,0.033,1.161,0.064,99,99,0.589,0.038,1.236,0.049
1112,1503.34,870.688,18.656,0.036,0.772,0.059,99,99,0.467,0.041,0.973,0.059
1035,1204.34,80.484,18.658,0.032,1.05,0.082,99,99,0.602,0.035,1.201,0.058
1100,1780.06,704.357,18.662,0.035,0.846,0.067,99,99,0.508,0.041,0.992,0.054
1116,1367.63,120.636,18.662,0.037,0.893,0.069,99,99,0.487,0.042,0.947,0.057
1139,647.819,1349.3,18.667,0.037,0.722,0.052,99,99,0.424,0.043,0.893,0.056
877,866.928,811.917,18.671,0.033,1.415,0.063,99,99,0.863,0.034,1.678,0.044
1140,917.18,1643.71,18.672,0.033,0.689,0.052,99,99,0.423,0.038,0.885,0.052
1111,1330.45,216.969,18.673,0.031,0.847,0.057,99,99,0.516,0.037,0.995,0.05
1138,1833.27,432.974,18.68,0.034,0.679,0.052,99,99,0.434,0.038,0.914,0.057
1160,1346.41,1888.19,18.682,0.035,0.885,0.055,99,99,0.45,0.039,0.848,0.055
1072,1502.82,1756.32,18.683,0.027,1.017,0.05,99,99,0.64,0.032,1.128,0.043
1083,2008.09,968.8,18.686,0.037,0.534,0.051,99,99,0.507,0.042,0.911,0.06
902,609.925,664.04,18.689,0.028,1.333,0.059,99,99,0.839,0.031,1.587,0.037
1037,57.21,379.516,18.69,0.036,1.137,0.079,99,99,0.608,0.042,1.25,0.049
1120,380.363,1646.85,18.694,0.033,0.911,0.055,99,99,0.541,0.038,1.057,0.057
1130,424.892,282.744,18.697,0.043,0.891,0.063,99,99,0.496,0.046,1.01,0.054
1118,1988.51,1358.36,18.7,0.037,0.764,0.058,99,99,0.521,0.041,0.985,0.055
977,1705.89,350.424,18.703,0.049,1.223,0.072,99,99,0.747,0.051,1.431,0.06
1145,1611.83,1243.98,18.703,0.031,0.742,0.051,99,99,0.484,0.035,0.913,0.054
1146,1255.51,1610.16,18.703,0.032,0.858,0.046,99,99,0.509,0.035,0.977,0.048
1180,731.938,920.656,18.704,0.034,0.629,0.054,99,99,0.38,0.038,0.73,0.057
1057,765.41,1720.03,18.705,0.032,1.103,0.059,99,99,0.633,0.035,1.201,0.043
1106,1779.22,1113.91,18.705,0.034,1.085,0.056,99,99,0.572,0.037,1.105,0.047
1142,1749.7,1712.44,18.705,0.026,0.792,0.047,99,99,0.511,0.032,0.939,0.051
1129,1947.21,1064.84,18.707,0.037,0.666,0.057,99,99,0.502,0.041,0.943,0.06
1174,315.8,53.817,18.713,0.037,0.805,0.059,99,99,0.398,0.042,0.98,0.057
1136,669.618,511.464,18.714,0.047,0.887,0.083,99,99,0.491,0.051,1.074,0.07
1153,1635.64,339.099,18.714,0.034,0.987,0.056,99,99,0.508,0.041,1.019,0.051
1175,1925.03,1359.84,18.716,0.036,0.757,0.052,99,99,0.438,0.04,0.813,0.059
1151,519.561,1688.92,18.717,0.031,0.744,0.048,99,99,0.477,0.037,0.977,0.052
1189,224.579,713.799,18.718,0.043,0.929,0.063,99,99,0.421,0.049,0.989,0.061
1082,181.365,796.919,18.72,0.032,1.047,0.06,99,99,0.617,0.036,1.203,0.049
1188,80.864,1063.94,18.72,0.035,0.789,0.054,99,99,0.415,0.041,0.881,0.052
1123,1679.26,827.405,18.722,0.035,0.721,0.053,99,99,0.542,0.039,1.008,0.055
1117,1773.01,224.18,18.723,0.036,0.719,0.065,99,99,0.536,0.041,1.04,0.056
1166,60.602,1575.94,18.724,0.037,0.889,0.055,99,99,0.471,0.044,1.017,0.055
1075,180.027,1184.64,18.725,0.03,0.96,0.055,99,99,0.655,0.034,1.157,0.046
1165,205.681,1818.13,18.727,0.034,0.864,0.054,99,99,0.504,0.04,0.923,0.055
1156,902.222,473.473,18.729,0.043,0.956,0.067,99,99,0.518,0.047,1.016,0.068
1126,312.926,1396.46,18.73,0.035,1.002,0.056,99,99,0.568,0.039,1.13,0.049
1115,67.396,432.876,18.732,0.04,1.015,0.079,99,99,0.539,0.045,1.121,0.054
1172,347.092,673.284,18.734,0.029,0.902,0.053,99,99,0.474,0.036,0.994,0.051
1147,627.321,215.061,18.737,0.042,1.009,0.061,99,99,0.568,0.047,1.141,0.058
1107,1561.77,699.266,18.742,0.029,1.151,0.057,99,99,0.63,0.034,1.197,0.043
1202,639.819,1149.03,18.743,0.04,0.624,0.055,99,99,0.367,0.044,0.847,0.065
997,1600.8,1281.74,18.745,0.033,1.151,0.065,99,99,0.794,0.038,1.448,0.047
1173,533.973,377.795,18.745,0.035,0.69,0.057,99,99,0.455,0.045,99,99
1164,1024.54,1885.16,18.746,0.034,1.082,0.06,99,99,0.555,0.04,1.025,0.052
1053,411.295,1149.09,18.747,0.032,1.173,0.062,99,99,0.704,0.036,1.309,0.045
1148,1014.14,1278.1,18.752,0.035,0.657,0.053,99,99,0.533,0.037,0.932,0.057
1170,1791.32,637.804,18.757,0.036,0.637,0.062,99,99,0.481,0.041,0.884,0.06
1167,843.042,1892.9,18.761,0.041,0.851,0.063,99,99,0.517,0.047,1.043,0.061
1163,1034.1,1805.18,18.763,0.035,0.764,0.05,99,99,0.543,0.04,0.99,0.059
1080,723.127,128.951,18.765,0.027,1.164,0.078,99,99,0.636,0.034,1.332,0.042
1162,920.384,1504.12,18.766,0.029,0.607,0.049,99,99,0.507,0.035,99,99
1187,716.501,467.784,18.77,0.038,0.788,0.066,99,99,0.499,0.043,0.921,0.067
1219,1655.7,1486.52,18.77,0.031,0.733,0.051,99,99,0.39,0.037,0.899,0.05
1221,1131.16,1327.99,18.77,0.038,0.659,0.056,99,99,0.38,0.044,0.814,0.059
1184,1603.08,1130.74,18.773,0.032,0.688,0.05,99,99,0.486,0.038,0.925,0.055
1230,626.082,32.531,18.778,0.048,0.791,0.06,99,99,0.421,0.053,0.924,0.066
1195,1443.99,1149.61,18.78,0.033,0.936,0.054,99,99,0.527,0.038,1.014,0.052
1207,488.282,1851.05,18.78,0.033,0.779,0.052,99,99,0.476,0.038,0.92,0.052
1243,650.15,382.609,18.78,0.053,0.834,0.074,99,99,0.399,0.056,0.886,0.075
1197,70.85,1680.21,18.789,0.039,0.713,0.055,99,99,0.477,0.044,0.977,0.057
1191,419.217,782.502,18.79,0.046,0.925,0.065,99,99,0.528,0.05,1.086,0.063
1223,893.987,963.027,18.792,0.046,0.762,0.065,99,99,0.445,0.05,0.904,0.065
1204,1383.5,1588.97,18.793,0.035,0.619,0.052,99,99,0.441,0.042,0.89,0.066
1208,344.716,886.048,18.797,0.04,0.869,0.068,99,99,0.481,0.044,1.024,0.06
1185,1084.03,1881.28,18.798,0.035,0.977,0.06,99,99,0.556,0.04,1.055,0.052
1209,1024.27,561.59,18.799,0.034,0.701,0.061,99,99,0.494,0.04,0.895,0.053
1205,1466.44,1774.39,18.802,0.031,0.721,0.05,99,99,0.498,0.037,0.949,0.05
1268,455.411,1016.5,18.803,0.034,0.873,0.055,99,99,0.384,0.04,0.916,0.054
1086,1992.18,1622.47,18.806,0.037,1.277,0.077,99,99,0.729,0.042,1.285,0.051
1227,902.981,701.249,18.807,0.044,0.666,0.056,99,99,0.401,0.052,0.874,0.069
1231,1317.57,881.707,18.808,0.038,0.672,0.057,99,99,0.426,0.047,0.842,0.064
1143,1494.42,1505.11,18.809,0.035,0.922,0.058,99,99,0.642,0.038,1.143,0.054
1259,47.544,431.329,18.809,0.037,0.817,0.068,99,99,0.402,0.047,0.881,0.057
1210,1713.6,1439.82,18.81,0.036,0.847,0.057,99,99,0.518,0.039,0.992,0.058
1238,986.742,1515.22,18.812,0.037,0.848,0.055,99,99,0.475,0.042,0.946,0.06
1217,309.785,1566.89,18.813,0.033,0.951,0.056,99,99,0.521,0.038,1.018,0.055
1200,540.818,1783.9,18.816,0.037,0.799,0.054,99,99,0.537,0.042,1.039,0.052
1182,1816.8,1186.59,18.817,0.033,0.635,0.047,99,99,0.556,0.037,0.932,0.052
1226,848.535,342.719,18.817,0.041,0.815,0.062,99,99,0.497,0.044,0.897,0.069
1240,1424.32,44.131,18.817,0.04,0.823,0.061,99,99,0.46,0.045,0.933,0.061
1232,1455.16,869.96,18.819,0.04,0.731,0.061,99,99,0.454,0.047,0.942,0.074
1242,1304.06,449.565,18.825,0.029,0.849,0.05,99,99,0.465,0.04,0.991,0.051
1233,632.296,1600.92,18.826,0.03,0.656,0.058,99,99,0.45,0.038,0.883,0.054
1220,1548.45,659.865,18.827,0.039,0.902,0.064,99,99,0.515,0.043,1.022,0.061
1161,1836.83,1988.19,18.828,0.037,0.5,0.056,99,99,0.53,0.045,1.095,0.056
1218,466.743,1817.73,18.836,0.035,0.706,0.054,99,99,0.516,0.041,0.961,0.056
1334,4.582,497.529,18.836,0.045,0.87,0.072,99,99,0.28,0.059,99,99
1247,1981.74,950.823,18.839,0.048,0.702,0.066,99,99,99,99,0.907,0.081
1110,1229.73,1474.09,18.84,0.036,1.152,0.079,99,99,0.709,0.039,1.266,0.052
1225,1014.04,1592.46,18.841,0.037,0.709,0.059,99,99,0.493,0.043,1.091,0.082
1248,1365.99,307.58,18.842,0.035,1.112,0.081,99,99,0.488,0.039,1.005,0.069
1271,921.367,1695.36,18.842,0.039,0.708,0.057,99,99,0.43,0.046,0.824,0.065
1206,886.678,443.666,18.846,0.047,0.693,0.075,99,99,0.544,0.051,0.982,0.068
1274,1890.99,658.811,18.846,0.038,0.771,0.076,99,99,0.428,0.046,0.905,0.066
1262,1246.87,1030.96,18.847,0.038,0.96,0.064,99,99,0.475,0.043,1.004,0.055
1092,1321.56,774.755,18.848,0.045,1.075,0.09,99,99,0.737,0.051,1.334,0.06
1176,449.538,1107.56,18.853,0.036,0.941,0.059,99,99,0.59,0.038,1.19,0.05
1255,1126.57,687.717,18.855,0.045,0.735,0.062,99,99,0.474,0.052,0.963,0.068
1289,795.031,19.012,18.856,0.043,0.856,0.077,99,99,0.403,0.051,0.955,0.069
1249,583.193,1828.72,18.86,0.036,0.845,0.06,99,99,0.507,0.041,1,0.055
1276,561.021,1758.11,18.865,0.034,0.799,0.058,99,99,0.485,0.04,99,99
1222,1721.08,190.955,18.866,0.056,0.869,0.078,99,99,0.574,0.059,1.036,0.079
1254,678.719,1390.21,18.867,0.038,0.703,0.054,99,99,0.493,0.042,0.954,0.066
1265,22.616,1392.63,18.867,0.038,0.552,0.054,99,99,0.405,0.047,0.799,0.063
1169,1344.51,453.764,18.868,0.041,1.064,0.085,99,99,0.608,0.046,1.225,0.056
1279,1207.25,798.298,18.868,0.035,0.811,0.077,99,99,0.464,0.04,0.914,0.071
1245,1782.26,1603.45,18.869,0.031,0.834,0.055,99,99,0.531,0.037,1.02,0.054
1282,1916.54,741.795,18.869,0.047,0.852,0.066,99,99,0.531,0.054,99,99
1256,1807.47,1234.4,18.873,0.04,0.796,0.061,99,99,0.542,0.047,0.961,0.061
1250,1364.89,980.33,18.88,0.039,0.891,0.082,99,99,0.512,0.043,1.01,0.06
1286,973.373,586.742,18.881,0.038,0.88,0.064,99,99,0.46,0.042,1.043,0.059
1124,1298.87,207.965,18.882,0.039,1.268,0.078,99,99,0.725,0.046,1.404,0.053
1177,1311.42,995.942,18.885,0.035,1.006,0.054,99,99,0.673,0.038,1.292,0.051
1105,763.99,1061.68,18.888,0.04,1.056,0.076,99,99,0.705,0.043,1.338,0.049
1302,931.53,373.297,18.89,0.044,0.779,0.07,99,99,0.431,0.05,0.948,0.068
1128,1631.85,1753.59,18.895,0.04,1.138,0.077,99,99,0.745,0.043,1.292,0.053
905,548.694,1713.79,18.897,0.038,1.489,0.072,99,99,0.964,0.039,1.865,0.046
1305,934.765,994.423,18.898,0.036,0.862,0.057,99,99,0.491,0.043,0.937,0.058
1257,1779.52,1840.56,18.899,0.035,0.821,0.056,99,99,0.578,0.039,99,99
1287,1648.66,142.55,18.901,0.043,1.028,0.071,99,99,0.567,0.055,1.062,0.064
1317,454.482,802.755,18.901,0.035,0.795,0.067,99,99,0.446,0.041,0.791,0.065
1192,1916.54,1284.88,18.902,0.038,1.185,0.078,99,99,0.619,0.042,1.256,0.051
1291,882.244,1043.46,18.914,0.041,0.625,0.061,99,99,0.445,0.046,0.958,0.059
1407,1074.26,1272.16,18.915,0.038,0.975,0.061,99,99,0.287,0.047,0.826,0.066
1203,316.673,1362.54,18.917,0.04,1.03,0.066,99,99,0.64,0.042,1.262,0.058
1307,518.3,1444.69,18.917,0.031,0.806,0.057,99,99,0.476,0.037,0.996,0.057
1296,1316.73,920.421,18.918,0.047,1.048,0.076,99,99,0.491,0.054,1.104,0.064
1263,1046.3,103.631,18.92,0.039,0.898,0.079,99,99,0.567,0.044,1.051,0.066
1351,1107.05,739.913,18.921,0.037,0.864,0.07,99,99,0.408,0.048,0.903,0.066
1234,1402.25,735.726,18.925,0.037,0.979,0.07,99,99,0.632,0.042,1.09,0.052
1322,676.328,277.551,18.925,0.058,0.913,0.088,99,99,0.476,0.063,0.953,0.078
1312,909.62,311.352,18.927,0.049,0.691,0.069,99,99,0.468,0.056,0.859,0.077
1290,625.554,409.62,18.93,0.06,0.857,0.083,99,99,0.525,0.066,1.059,0.078
1214,1116.86,836.383,18.932,0.039,0.771,0.061,99,99,0.648,0.044,1.202,0.057
1168,1381.78,609.54,18.935,0.038,1.21,0.093,99,99,0.694,0.042,1.303,0.053
1321,725.878,270.79,18.935,0.043,0.856,0.079,99,99,0.448,0.047,1.046,0.068
1359,743.021,535.721,18.935,0.051,0.75,0.081,99,99,0.418,0.061,0.825,0.082
1354,844.709,761.146,18.937,0.035,0.852,0.057,99,99,0.442,0.04,0.937,0.079
1295,866.317,1157.55,18.939,0.042,0.996,0.074,99,99,0.531,0.046,1.04,0.059
798,367.7,1869.26,18.942,0.037,1.526,0.093,99,99,1.047,0.041,2.348,0.045
1323,177.446,1355.13,18.942,0.034,0.691,0.055,99,99,0.442,0.041,0.942,0.052
1251,437.246,1543.83,18.943,0.04,1.089,0.065,99,99,0.64,0.045,1.259,0.058
1314,1716.25,1272.34,18.945,0.038,1.056,0.059,99,99,0.59,0.044,1.021,0.057
1377,1065.28,541.185,18.946,0.051,0.889,0.088,99,99,0.409,0.056,0.883,0.085
1337,1153.43,1775.13,18.949,0.041,0.692,0.058,99,99,0.444,0.049,99,99
1339,1031.47,387.177,18.952,0.04,0.705,0.072,99,99,0.456,0.047,0.895,0.062
1341,894.125,863.302,18.953,0.053,0.749,0.074,99,99,0.492,0.058,0.835,0.078
1345,819.606,1891.34,18.953,0.036,0.792,0.062,99,99,0.474,0.045,0.915,0.058
1267,226.949,871.846,18.955,0.049,0.9,0.073,99,99,0.575,0.056,1.207,0.065
1328,1637.46,1499.23,18.955,0.045,0.932,0.072,99,99,0.558,0.054,0.945,0.062
1364,181.73,813.993,18.958,0.037,0.917,0.065,99,99,0.448,0.046,0.986,0.06
1336,492.527,1544.92,18.96,0.035,1.042,0.063,99,99,0.501,0.041,1.105,0.058
1325,809.276,857.019,18.962,0.054,0.891,0.076,99,99,0.522,0.062,1.063,0.073
1342,398.204,1826.56,18.969,0.038,0.867,0.065,99,99,0.501,0.046,1.019,0.063
1348,922.249,620.787,18.972,0.055,0.867,0.075,99,99,0.523,0.059,0.99,0.086
1388,814.123,916.632,18.972,0.042,0.77,0.063,99,99,0.408,0.052,0.928,0.104
1338,1731.81,854.075,18.977,0.06,0.651,0.073,99,99,0.467,0.063,0.929,0.081
1252,1813.22,1992.89,18.978,0.045,0.363,0.06,99,99,0.491,0.053,99,99
1393,692.781,1889.37,18.983,0.043,0.917,0.068,99,99,0.448,0.05,0.92,0.068
1332,1177.34,137.802,18.994,0.046,0.87,0.084,99,99,0.51,0.052,1.062,0.065
1386,1991.99,487.574,18.994,0.061,0.633,0.089,99,99,0.399,0.07,99,99
1319,494.3,1325.92,18.998,0.037,1.056,0.066,99,99,0.584,0.042,1.146,0.056
1353,1707.51,1240.34,18.998,0.037,0.731,0.063,99,99,0.53,0.045,99,99
1350,341.252,1859.74,19.002,0.039,1.172,0.081,99,99,0.545,0.045,1.1,0.062
1369,989.324,980.997,19.01,0.047,0.914,0.084,99,99,0.499,0.055,1.041,0.068
1395,1638.4,733.501,19.012,0.04,0.761,0.073,99,99,0.453,0.053,99,99
1310,1372.43,1319.94,19.017,0.04,1.038,0.076,99,99,0.653,0.049,1.243,0.068
1384,1254.48,1211.09,19.017,0.042,0.852,0.064,99,99,0.521,0.048,0.956,0.062
1436,436.466,1530.34,19.024,0.043,0.751,0.064,99,99,0.346,0.054,99,99
1405,1939.35,980.317,19.026,0.061,0.838,0.082,99,99,0.48,0.064,99,99
1385,1256.47,1655.57,19.027,0.038,0.661,0.059,99,99,0.487,0.043,0.904,0.062
1318,1177.8,257.046,19.029,0.049,0.913,0.085,99,99,0.549,0.055,1.171,0.065
1415,352.492,533.079,19.029,0.047,0.723,0.075,99,99,0.425,0.053,0.854,0.07
1431,856.305,1438.28,19.03,0.041,0.827,0.066,99,99,0.411,0.047,99,99
1401,759.275,1199.48,19.031,0.04,0.754,0.061,99,99,0.462,0.048,0.926,0.067
1360,583.023,1265.71,19.036,0.047,1.04,0.086,99,99,0.574,0.054,1.114,0.07
1370,410.025,1168.91,19.037,0.042,0.761,0.064,99,99,0.551,0.046,1.022,0.094
1404,1283.46,976.254,19.05,0.041,0.915,0.073,99,99,0.538,0.053,1.01,0.075
1344,1407.44,1546.65,19.051,0.048,1.036,0.08,99,99,0.599,0.051,1.141,0.068
1414,166.08,1585.07,19.051,0.036,0.727,0.06,99,99,0.461,0.046,0.905,0.059
1432,1625.31,842.779,19.052,0.048,0.799,0.063,99,99,0.487,0.057,99,99
1335,1167.72,784.93,19.056,0.065,0.912,0.105,99,99,0.582,0.072,1.122,0.081
1391,671.025,1850.46,19.056,0.047,0.925,0.068,99,99,0.561,0.053,1.109,0.068
1394,166.819,1670.57,19.06,0.044,0.851,0.073,99,99,0.56,0.05,99,99
1418,1001.05,332.029,19.06,0.048,0.895,0.091,99,99,0.454,0.057,1.001,0.07
1383,1290.55,1198.01,19.063,0.051,0.863,0.076,99,99,0.553,0.055,1.062,0.07
1316,1086.79,1071.2,19.065,0.045,0.863,0.067,99,99,0.675,0.05,1.211,0.065
1428,1864.97,377.176,19.065,0.041,0.863,0.085,99,99,0.458,0.051,0.922,0.066
1456,604.518,782.931,19.067,0.047,0.611,0.071,99,99,0.348,0.054,0.771,0.087
1442,696.413,899.387,19.068,0.045,0.935,0.088,99,99,0.466,0.053,0.877,0.088
1277,249.024,525.701,19.075,0.052,1.076,0.081,99,99,0.755,0.056,1.298,0.067
1366,1642.06,1252.21,19.081,0.033,0.751,0.061,99,99,0.64,0.04,1.068,0.057
1396,866.341,649.793,19.093,0.049,0.686,0.066,99,99,0.573,0.053,0.927,0.09
1371,592.517,1054.25,19.1,0.048,0.764,0.07,99,99,0.596,0.051,1.173,0.067
1084,1906.14,1201.89,19.101,0.046,1.426,0.101,99,99,0.917,0.049,1.743,0.057
1468,600.953,1239.72,19.104,0.042,1.036,0.071,99,99,0.498,0.048,0.904,0.069
1426,1619.29,1598.78,19.105,0.046,0.619,0.07,99,99,0.477,0.053,0.96,0.069
1477,1337.74,1297.4,19.109,0.042,0.722,0.064,99,99,0.379,0.053,99,99
1452,1056.83,876.684,19.111,0.046,0.717,0.074,99,99,0.437,0.055,0.988,0.075
1479,1290.11,867.06,19.112,0.043,0.889,0.068,99,99,0.441,0.059,0.952,0.072
1455,731.025,1314.12,19.12,0.045,0.953,0.073,99,99,0.551,0.052,0.918,0.07
1438,1134.17,1391.51,19.131,0.039,0.744,0.064,99,99,0.615,0.053,99,99
1376,1621.96,1882.8,19.14,0.047,0.862,0.08,99,99,0.677,0.052,1.16,0.068
1481,96.413,1494.13,19.144,0.042,0.723,0.061,99,99,0.457,0.054,99,99
1306,1871.97,1301.87,19.146,0.042,0.941,0.079,99,99,0.714,0.047,1.362,0.055
1437,1278.3,1469.54,19.148,0.042,1.078,0.077,99,99,0.585,0.049,1.152,0.065
1399,1136.04,711.209,19.156,0.061,0.819,0.089,99,99,0.636,0.07,1.181,0.079
1450,859.025,1671.7,19.156,0.043,0.737,0.068,99,99,0.561,0.05,99,99
1478,1731.91,919.591,19.156,0.068,0.665,0.093,99,99,0.456,0.072,99,99
1392,996.936,1382.16,19.157,0.048,1.212,0.092,99,99,0.662,0.053,1.252,0.07
1494,595.781,1895.64,19.157,0.047,0.621,0.073,99,99,0.39,0.054,0.83,0.074
1444,880.295,616.368,19.163,0.047,0.87,0.08,99,99,0.578,0.054,1.077,0.074
1471,1281.65,1246.05,19.165,0.047,0.756,0.077,99,99,0.517,0.053,0.89,0.08
1649,539.582,1003.63,19.387,0.052,0.859,0.08,99,99,0.5,0.063,99,99
1531,224.124,1498.69,19.177,0.05,0.86,0.078,99,99,0.416,0.063,99,99
1532,710.773,1722.24,19.183,0.046,0.968,0.07,99,99,0.484,0.056,0.867,0.088
839,932.24,701.522,19.196,0.055,1.607,0.112,99,99,1.138,0.055,2.384,0.062
1260,183.669,910.279,19.197,0.053,1.268,0.108,99,99,0.805,0.056,1.533,0.066
1484,330.627,1737.38,19.201,0.06,0.755,0.085,99,99,0.558,0.067,99,99
1533,1654.99,1917.45,19.22,0.052,0.88,0.082,99,99,0.456,0.059,0.934,0.074
1462,414.152,796.252,19.226,0.053,0.945,0.088,99,99,0.618,0.06,1.206,0.078
1540,989.408,539.672,19.227,0.054,0.694,0.086,99,99,0.405,0.064,0.879,0.08
1515,159.017,1264.93,19.242,0.049,0.857,0.077,99,99,0.527,0.058,1.041,0.072
1510,1730.32,1406.9,19.244,0.045,0.596,0.071,99,99,0.492,0.051,0.899,0.082
1553,247.81,1850.37,19.252,0.045,0.711,0.073,99,99,0.43,0.056,99,99
1372,1741.99,1383.24,19.258,0.051,1.111,0.096,99,99,0.775,0.054,1.452,0.072
1505,1154.28,760.389,19.26,0.063,0.825,0.089,99,99,0.497,0.075,1.125,0.081
1613,525.645,1743.36,19.414,0.057,0.998,0.099,99,99,0.614,0.065,99,99
1543,460.473,1874.63,19.282,0.047,0.669,0.076,99,99,0.485,0.055,0.958,0.073
1569,696.321,867.351,19.294,0.047,0.897,0.119,99,99,0.477,0.059,0.994,0.09
1550,1302.98,1646.71,19.31,0.056,0.564,0.077,99,99,0.461,0.065,99,99
1357,1212.26,1543.25,19.312,0.053,0.189,0.068,99,99,99,99,99,99
1535,1653.81,942.558,19.329,0.057,0.821,0.101,99,99,0.618,0.068,1.074,0.092
1614,1566.85,717.133,19.33,0.048,0.984,0.089,99,99,0.505,0.062,99,99
1416,765.771,874.987,19.331,0.054,1.35,0.133,99,99,0.798,0.061,1.406,0.075
1597,1247.39,959.625,19.334,0.057,0.712,0.104,99,99,99,99,0.907,0.104
1621,1142.26,962.005,19.342,0.074,0.904,0.119,99,99,0.487,0.087,99,99
1579,1540.48,1122.33,19.348,0.058,0.697,0.084,99,99,0.524,0.068,0.98,0.093
1518,865.077,856.049,19.349,0.054,0.739,0.088,99,99,0.652,0.06,1.082,0.089
1592,818.915,1512.53,19.354,0.06,1.015,0.1,99,99,0.571,0.067,99,99
1595,928.548,723.701,19.359,0.071,0.753,0.103,99,99,0.506,0.08,0.986,0.1
1610,590.257,1041.36,19.368,0.055,0.719,0.085,99,99,0.487,0.066,0.931,0.094
1673,1581.17,542.828,19.378,0.061,0.846,0.104,99,99,0.342,0.067,0.967,0.092
1628,523.95,1047.67,19.383,0.058,0.8,0.089,99,99,0.505,0.068,99,99
1685,803.577,873.823,19.383,0.072,0.87,0.097,99,99,0.406,0.084,99,99
1571,985.214,1783.44,19.39,0.055,0.857,0.091,99,99,0.594,0.061,1.172,0.081
1692,1550.02,1104.06,19.39,0.057,0.801,0.092,99,99,0.355,0.07,0.694,0.104
1650,331.057,1404.92,19.394,0.058,0.935,0.102,99,99,0.459,0.069,1.001,0.093
1624,134.028,1788.41,19.397,0.067,0.609,0.101,99,99,0.46,0.077,99,99
1583,1885.5,1905.8,19.398,0.063,0.77,0.105,99,99,0.572,0.07,1.095,0.096
1648,202.587,834.126,19.4,0.06,0.921,0.107,99,99,0.426,0.071,1.025,0.084
1570,1300.59,1219.59,19.402,0.063,0.773,0.099,99,99,0.606,0.067,1.111,0.09
1671,1599.93,775.593,19.404,0.053,0.734,0.099,99,99,0.39,0.068,0.887,0.084
1594,1503.67,1919.12,19.406,0.05,0.826,0.084,99,99,0.585,0.054,99,99
1681,740.513,853.054,19.406,0.055,1.006,0.116,99,99,0.43,0.069,0.85,0.108
1659,754.036,1389.21,19.421,0.051,0.725,0.082,99,99,0.477,0.062,0.879,0.093
1645,498.468,1022.81,19.426,0.051,0.63,0.078,99,99,0.466,0.064,99,99
1689,1177.27,1513.71,19.432,0.054,0.694,0.091,99,99,0.365,0.067,99,99
1688,1489.87,1904.79,19.433,0.057,0.86,0.097,99,99,0.434,0.065,99,99
1640,1917.2,990.257,19.441,0.065,0.677,0.093,99,99,0.53,0.073,99,99
1639,1037.6,942.725,19.444,0.06,0.893,0.114,99,99,0.566,0.068,0.968,0.096
1677,700.797,915.719,19.455,0.063,0.885,0.114,99,99,0.462,0.07,1.091,0.106
1699,1010.82,884.961,19.461,0.071,0.76,0.121,99,99,0.422,0.086,99,99
1637,1254.56,920.36,19.463,0.051,0.953,0.112,99,99,0.574,0.064,1.151,0.085
1651,1800.62,553.692,19.47,0.065,0.794,0.107,99,99,0.573,0.072,99,99
1593,1357.67,848.33,19.476,0.064,0.593,0.119,99,99,0.663,0.071,1.034,0.094
1690,506.634,1290.81,19.477,0.063,0.749,0.098,99,99,0.475,0.072,0.904,0.095
1561,653.104,1040.09,19.488,0.068,0.968,0.105,99,99,0.756,0.073,1.319,0.091
1663,386.408,1319.92,19.506,0.063,0.969,0.112,99,99,99,99,1.248,0.09
1691,1097.56,645.552,19.513,0.069,0.72,0.107,99,99,0.532,0.081,99,99
1503,847.706,1341.83,19.523,0.063,1.213,0.117,99,99,0.833,0.067,1.475,0.081
1721,1568.31,1281.86,19.532,0.067,0.576,0.096,99,99,0.372,0.079,99,99
1756,1098.51,1773.36,19.546,0.063,1.071,0.107,99,99,0.429,0.072,99,99
1702,1508.02,1199.52,19.551,0.06,0.814,0.098,99,99,0.566,0.066,99,99
1720,669.781,1032.53,19.557,0.066,0.783,0.103,99,99,0.523,0.076,0.947,0.115
1680,415.286,1329.6,19.57,0.071,0.833,0.107,99,99,0.634,0.079,1.175,0.102
1716,1166.64,986.674,19.58,0.093,0.99,0.148,99,99,0.608,0.102,99,99
1667,1174.12,967.779,19.584,0.086,0.514,0.11,99,99,0.575,0.096,1.145,0.108
1706,236.075,518.239,19.584,0.077,0.993,0.119,99,99,0.603,0.089,1.156,0.105
1736,497.659,1735.88,19.585,0.072,0.736,0.101,99,99,0.521,0.081,99,99
1701,1067.29,1767.28,19.591,0.065,0.923,0.118,99,99,0.669,0.075,99,99
1704,1122.31,1997.88,19.612,0.066,0.527,0.101,99,99,0.586,0.077,99,99
1718,891.523,1356.31,19.612,0.066,0.624,0.102,99,99,0.578,0.079,99,99
1738,1957.17,944.789,19.623,0.1,0.563,0.141,99,99,0.495,0.115,99,99
1769,1547.5,1204.76,19.628,0.073,0.711,0.113,99,99,0.38,0.087,99,99
1743,1117.58,1792.85,19.635,0.066,0.596,0.105,99,99,0.516,0.078,99,99
1725,836.32,1509.91,19.657,0.065,0.932,0.118,99,99,0.698,0.074,99,99
1762,1008.91,1840.63,19.679,0.088,0.845,0.137,99,99,0.57,0.098,99,99
1753,1539.72,712.753,19.725,0.076,0.891,0.126,99,99,0.674,0.085,99,99
1760,955.966,1874.92,19.789,0.074,0.532,0.113,99,99,0.592,0.084,1.932,0.18
1723,831.813,1497.11,19.803,0.076,0.997,0.145,99,99,0.847,0.082,99,99
1804,469.391,1835.55,19.806,0.094,0.758,0.149,99,99,99,99,99,99
1815,743.86,893.792,19.833,0.077,0.829,0.156,99,99,0.25,0.114,99,99
1784,165.518,891.948,19.899,0.117,0.7,0.158,99,99,0.599,0.121,1.387,0.145
233,1485.66,1804.43,16.447,0.007,0.621,0.011,-0.005,0.03,0.39,0.01,0.754,0.012
347,78.799,560.43,16.979,0.012,0.849,0.023,99,99,0.46,0.018,0.925,0.021
247,1160.92,1399.91,16.531,0.007,0.62,0.011,0.016,0.044,0.401,0.01,0.785,0.013
176,256.627,141.162,16.024,0.007,0.768,0.013,0.111,0.039,0.382,0.012,0.826,0.012
558,1857.07,1227.23,17.647,0.014,0.704,0.021,99,99,0.481,0.018,0.934,0.023
42,1559.13,1169.98,14.393,0.003,0.54,0.005,-0.023,0.007,0.333,0.006,0.651,0.006
621,1706.8,97.649,17.805,0.022,0.708,0.031,99,99,0.483,0.028,0.913,0.036
679,485.651,1384.75,17.924,0.017,0.958,0.028,99,99,0.5,0.021,1.021,0.025
737,265.078,375.146,18.056,0.028,0.796,0.041,99,99,0.495,0.033,1.022,0.039
763,64.444,511.216,18.08,0.023,0.803,0.038,99,99,0.442,0.027,0.927,0.033
833,198.726,655.747,18.204,0.028,0.909,0.048,99,99,0.458,0.032,0.923,0.037
677,278.781,1572.74,17.903,0.017,0.655,0.026,99,99,0.407,0.021,0.861,0.027
868,387.086,1915.77,18.309,0.023,0.543,0.034,-0.112,0.132,0.421,0.029,0.751,0.041
891,1669.79,972.997,18.311,0.035,1.006,0.052,99,99,0.459,0.037,0.98,0.047
787,1918.39,1743.58,18.161,0.019,0.73,0.032,99,99,0.481,0.023,0.975,0.032
945,157.434,323.784,18.394,0.028,0.874,0.051,99,99,0.453,0.036,0.944,0.041
958,1300.79,337.85,18.443,0.024,0.83,0.039,99,99,0.489,0.03,1.023,0.039
982,58.022,1371.75,18.455,0.028,0.677,0.041,99,99,0.433,0.032,0.851,0.042
204,1696.88,1159.48,16.308,0.005,0.809,0.009,0.155,0.036,0.505,0.008,0.982,0.009
955,1986.49,1241.17,18.424,0.028,0.868,0.043,99,99,0.486,0.032,0.978,0.047
1040,1565.68,589.243,18.542,0.028,0.649,0.041,99,99,0.41,0.037,0.799,0.052
188,961.906,1827.64,16.174,0.008,0.572,0.012,0.02,0.024,0.36,0.01,0.707,0.013
1159,1940.94,1063.42,18.78,0.033,0.835,0.052,99,99,0.582,0.037,1.031,0.052
753,1571.65,680.798,18.03,0.019,0.873,0.029,99,99,0.452,0.025,0.936,0.031
408,281.418,1715.43,17.216,0.011,0.686,0.018,0.025,0.053,0.435,0.014,0.846,0.019
1495,537.875,994.856,19.174,0.044,0.634,0.066,99,99,0.38,0.053,0.927,0.075
1581,532.743,1736.85,19.268,0.05,1.086,0.092,99,99,0.434,0.059,0.991,0.082
