ID,x,y,V,Verr,BV,BVerr,UB,UBerr,VR,VRerr,VI,VIerr
1,285.354,1997.54,8.904,0.006,1.52,0.01,1.808,0.007,0.86,0.008,1.795,0.009
2,714.979,550.034,9.617,0.008,0.272,0.011,-0.553,0.006,0.218,0.017,0.392,0.019
3,718.116,717.5,10.56,0.006,0.381,0.009,-0.059,0.005,0.26,0.013,0.47,0.02
4,1260.81,1947.68,11.26,0.007,0.353,0.01,-0.019,0.007,0.238,0.012,0.435,0.013
5,2026.07,1149.53,11.738,0.005,-0.108,0.012,-0.32,0.013,0.196,0.007,0.405,0.009
6,383.237,190.291,11.747,0.005,0.165,0.007,0.145,0.005,0.098,0.008,0.207,0.011
7,1029.44,1121.11,11.845,0.002,0.451,0.004,-0.05,0.004,0.29,0.004,0.542,0.004
8,1363.46,1427.43,11.946,0.003,1.829,0.005,1.557,0.008,1.028,0.006,2.031,0.007
9,1399.23,657.023,12.053,0.004,0.397,0.005,-0.351,0.004,0.271,0.006,0.554,0.008
11,1395.54,1894.44,12.277,0.006,0.882,0.008,0.35,0.007,0.512,0.01,0.969,0.011
12,1801.51,50.087,12.297,0.004,0.369,0.006,-0.128,0.005,0.241,0.006,0.51,0.012
13,1685.75,728.377,12.402,0.004,0.239,0.006,0.168,0.005,0.156,0.007,0.302,0.008
15,478.514,1028.64,12.531,0.003,0.321,0.005,-0.334,0.004,0.222,0.004,0.439,0.005
16,1980.18,942.752,12.592,0.005,0.567,0.008,0.034,0.006,0.391,0.007,0.756,0.009
17,1811.28,189.453,12.611,0.005,0.447,0.007,0.141,0.006,0.289,0.007,0.578,0.012
19,497.931,130.223,12.683,0.005,0.336,0.007,0.194,0.006,0.202,0.007,0.418,0.013
20,1340.12,1454.62,12.74,0.004,0.549,0.005,-0.076,0.004,0.354,0.006,0.658,0.007
21,189.874,878.518,12.794,0.005,0.567,0.008,0.479,0.007,0.323,0.008,0.679,0.008
22,1338.06,438.538,12.963,0.005,0.392,0.007,-0.014,0.005,0.259,0.007,0.537,0.012
23,520.26,969.317,12.966,0.003,1.625,0.008,1.112,0.015,0.903,0.004,1.805,0.005
24,152.735,465.268,13.171,0.008,1.5,0.011,1.231,0.018,0.799,0.011,1.602,0.013
25,1643.22,925.04,13.212,0.005,0.541,0.008,0.466,0.008,0.327,0.008,0.686,0.01
26,954.929,1977.84,13.284,0.005,0.679,0.006,0.092,0.004,0.397,0.007,0.747,0.01
27,1594.98,2001.51,13.334,0.004,1.273,0.006,0.821,0.01,0.693,0.007,1.355,0.008
28,1750.96,365.189,13.459,0.007,0.525,0.01,-0.076,0.008,0.338,0.009,0.655,0.014
29,1471.38,886.22,13.488,0.006,1.096,0.01,0.774,0.012,0.63,0.008,1.206,0.01
30,1420.68,1056.85,13.501,0.003,1.312,0.006,0.87,0.012,0.736,0.006,1.451,0.006
31,1114.67,931.095,13.581,0.006,0.906,0.01,0.484,0.01,0.544,0.008,1.006,0.01
32,522.392,609.109,13.587,0.006,0.573,0.009,0.048,0.007,0.376,0.008,0.738,0.012
33,660.089,1178.47,13.595,0.003,1.491,0.004,1.086,0.014,0.85,0.004,1.68,0.005
35,416.593,1817.1,13.69,0.007,0.401,0.011,0.297,0.01,0.265,0.01,0.545,0.015
36,1064.6,1361.33,13.697,0.004,2.122,0.007,1.612,0.045,1.237,0.006,2.472,0.006
37,791.861,385.252,13.77,0.008,0.698,0.011,0.357,0.01,0.417,0.01,0.847,0.015
38,1393,1963.85,13.778,0.006,0.635,0.008,0.005,0.006,0.387,0.008,0.74,0.012
39,1093.71,996.163,13.862,0.004,2.032,0.01,98.88,99,1.155,0.006,2.313,0.006
41,494.745,682.303,13.963,0.007,0.752,0.01,0.15,0.01,0.455,0.01,0.871,0.013
42,1298.58,233.235,14.003,0.009,2.081,0.012,98.88,99,1.194,0.01,2.364,0.014
43,201.741,1021.09,14.004,0.005,0.79,0.007,0.076,0.007,0.498,0.008,1.054,0.007
44,1018.17,1296.88,14.052,0.01,2.208,0.025,98.88,99,1.305,0.012,2.596,0.013
45,1730.41,60.524,14.16,0.009,0.817,0.013,0.141,0.012,0.513,0.013,1.003,0.017
46,736.499,1161.17,14.164,0.002,1.264,0.004,0.688,0.013,0.743,0.004,1.466,0.004
47,1860.37,310.617,14.196,0.009,0.592,0.013,0.392,0.011,0.351,0.013,0.74,0.017
48,396.387,543.32,14.206,0.007,0.998,0.01,0.649,0.014,0.616,0.01,1.165,0.014
49,512.463,845.283,14.223,0.006,1.131,0.009,0.766,0.017,0.63,0.009,1.202,0.011
50,1483.64,966.066,14.23,0.007,1.99,0.011,98.88,99,1.127,0.01,2.248,0.01
51,1006.35,1193.58,14.251,0.003,0.481,0.005,0.26,0.007,0.317,0.005,0.644,0.006
52,1902.15,231.517,14.252,0.009,0.537,0.013,0.418,0.012,0.316,0.013,0.679,0.016
53,1563.41,1497.48,14.361,0.005,0.495,0.007,0.36,0.009,0.299,0.008,0.598,0.008
54,859.569,395.609,14.362,0.008,1.849,0.011,1.271,0.056,1.061,0.01,2.148,0.014
55,1394.15,49.501,14.372,0.009,0.574,0.013,0.065,0.012,0.355,0.013,0.718,0.016
56,959.652,1522.87,14.378,0.004,2.28,0.007,98.88,99,1.296,0.006,2.574,0.007
57,318.601,1577.92,14.379,0.007,0.562,0.01,0.005,0.008,0.362,0.01,0.707,0.013
58,208.693,631.057,14.382,0.008,2.059,0.012,98.88,99,1.158,0.011,2.318,0.013
59,910.301,386.173,14.39,0.008,0.928,0.011,0.582,0.015,0.574,0.011,1.218,0.015
60,1854.37,1721.88,14.405,0.006,0.564,0.009,0.058,0.008,0.377,0.009,0.712,0.01
61,1005.44,531.789,14.409,0.008,0.528,0.011,0.027,0.01,0.333,0.012,0.639,0.014
62,1039.86,431.882,14.422,0.008,0.659,0.011,0.039,0.01,0.406,0.012,0.785,0.015
63,1090.57,391.824,14.429,0.009,1.612,0.012,1.464,0.063,0.878,0.012,1.719,0.016
64,1511.48,1680.82,14.453,0.006,2.315,0.009,98.88,99,1.353,0.008,2.68,0.011
65,534.291,864.892,14.453,0.007,0.524,0.01,0.403,0.011,0.299,0.01,0.622,0.012
66,1562.86,1717.11,14.493,0.006,0.455,0.008,0.253,0.009,0.301,0.008,0.603,0.01
67,150.889,538.16,14.518,0.008,1.282,0.012,0.786,0.023,0.749,0.012,1.554,0.014
68,2016.06,1326.1,14.526,0.004,0.456,0.006,-0.041,0.009,0.413,0.007,0.796,0.008
69,1525.59,991.066,14.54,0.008,1.248,0.014,0.804,0.026,0.795,0.012,1.592,0.013
70,308.452,756.848,14.552,0.007,0.863,0.01,0.268,0.016,0.515,0.011,1.033,0.013
71,891.316,1873.56,14.602,0.006,0.654,0.008,-0.041,0.008,0.403,0.008,0.768,0.012
72,635.262,105.7,14.609,0.009,0.425,0.012,0.311,0.012,0.219,0.013,0.485,0.015
73,397.714,1481.37,14.632,0.005,0.912,0.007,0.361,0.014,0.551,0.007,1.122,0.01
74,1721.49,1261.49,14.64,0.003,0.633,0.006,0.326,0.01,0.412,0.007,0.861,0.007
75,1525.11,1439.97,14.641,0.004,0.586,0.006,0.288,0.009,0.373,0.007,0.763,0.007
77,1430.84,1669.49,14.688,0.006,0.97,0.008,-0.056,0.01,0.638,0.009,1.334,0.013
78,1443.1,1470,14.694,0.005,0.744,0.007,0.177,0.01,0.467,0.007,0.874,0.007
79,1176.43,213.805,14.722,0.008,0.462,0.012,0.351,0.013,0.263,0.013,0.562,0.013
80,1642.01,1374.91,14.726,0.005,0.694,0.01,0.022,0.011,0.436,0.008,0.827,0.008
81,956.72,1294.24,14.759,0.004,2.094,0.006,98.88,99,1.19,0.006,2.381,0.006
82,1505.05,1436,14.797,0.004,1.982,0.007,98.88,99,1.129,0.007,2.22,0.007
83,1742.49,990.913,14.855,0.008,0.69,0.014,0.006,0.014,0.444,0.012,0.837,0.015
952,618.822,1993.73,18.364,0.023,1.059,0.05,98.88,99,0.72,0.027,1.43,0.034
85,1837.23,326.452,14.863,0.008,0.712,0.012,0.452,0.021,0.422,0.013,0.844,0.015
86,1440.78,1004.48,14.923,0.003,0.922,0.006,0.663,0.019,0.589,0.006,1.236,0.006
87,1024.21,1635.98,14.937,0.005,1.327,0.007,0.881,0.035,0.751,0.006,1.454,0.01
88,1692.81,747.216,14.965,0.007,0.771,0.01,0.046,0.016,0.489,0.012,0.953,0.013
89,1880.41,1723,14.968,0.006,0.969,0.008,0.615,0.024,0.619,0.009,1.291,0.01
90,33.015,301.557,14.977,0.009,0.5,0.014,0.302,0.015,0.239,0.015,0.566,0.015
91,1749.68,521.013,14.984,0.01,1.396,0.015,0.871,0.057,0.863,0.015,1.733,0.017
92,766.801,239.644,14.988,0.007,2.056,0.012,98.88,99,1.156,0.011,2.341,0.014
93,1338.7,1907.06,15.002,0.005,0.754,0.007,0.126,0.012,0.486,0.007,0.943,0.01
94,468.345,1001.29,15.003,0.044,1.248,0.055,0.133,0.03,0.886,0.047,1.814,0.051
95,917.758,1055.86,15.016,0.003,0.66,0.005,0.529,0.017,0.391,0.004,0.817,0.005
97,1735.44,814.979,15.056,0.007,1.662,0.012,98.88,99,0.945,0.012,1.879,0.013
98,967.98,1633.38,15.078,0.005,2.074,0.009,98.88,99,1.211,0.007,2.417,0.01
99,1473.69,694.229,15.097,0.007,0.776,0.011,0.247,0.021,0.504,0.011,1.046,0.012
100,1068.55,1783.7,15.102,0.008,0.981,0.011,0.248,0.017,0.634,0.011,1.318,0.016
101,1622.64,1583.26,15.106,0.005,0.698,0.007,0.168,0.014,0.456,0.008,0.89,0.009
103,1898.39,320.826,15.113,0.008,0.635,0.012,-0.034,0.015,0.388,0.013,0.785,0.015
104,1890.31,260.896,15.119,0.007,0.535,0.011,0.486,0.022,0.294,0.012,0.646,0.013
105,1885.2,1319.97,15.123,0.004,0.749,0.006,-0.17,0.012,0.486,0.007,1.026,0.006
106,287.187,184.645,15.133,0.007,0.665,0.011,0.286,0.017,0.386,0.011,0.829,0.013
107,839.552,1414.37,15.146,0.004,0.715,0.006,0.395,0.016,0.433,0.006,0.852,0.007
108,741.994,987.085,15.197,0.006,0.631,0.01,0.02,0.015,0.394,0.01,0.753,0.011
109,1115.54,664.241,15.204,0.007,0.921,0.01,0.514,0.024,0.561,0.012,1.196,0.013
110,624.271,373.901,15.207,0.007,1.61,0.012,98.88,99,0.919,0.011,1.859,0.015
111,1748.23,1317.96,15.216,0.004,0.585,0.006,0.402,0.015,0.373,0.007,0.768,0.008
112,1140.15,1423.79,15.218,0.004,0.948,0.006,0.617,0.024,0.604,0.006,1.255,0.007
113,1693.42,145.999,15.224,0.008,2.362,0.014,98.88,99,1.359,0.013,2.739,0.017
114,1361.35,657.638,15.225,0.007,1.038,0.011,0.139,0.021,0.651,0.012,1.376,0.013
115,840.374,244.044,15.225,0.006,0.763,0.01,0.107,0.019,0.458,0.01,0.889,0.012
116,315.333,208.892,15.23,0.007,0.649,0.011,0.037,0.02,0.389,0.011,0.786,0.012
719,1161.78,1303.57,17.857,0.015,0.998,0.031,98.88,99,0.642,0.019,1.29,0.022
118,512.296,1313.25,15.254,0.005,0.781,0.007,0.221,0.021,0.484,0.006,0.962,0.008
119,1342.22,453.714,15.27,0.007,0.795,0.01,0.51,0.026,0.481,0.012,0.987,0.013
120,1304.87,547.629,15.324,0.007,0.744,0.011,0.436,0.025,0.457,0.012,0.942,0.013
121,591.746,1894.6,15.34,0.01,0.884,0.014,0.259,0.023,0.537,0.013,1.084,0.019
122,823.023,2002.96,15.348,0.005,0.644,0.007,0.416,0.019,0.39,0.006,0.801,0.01
123,1375.74,1600.46,15.351,0.006,0.934,0.008,0.556,0.023,0.584,0.008,1.227,0.009
124,104.703,1401.51,15.356,0.006,0.673,0.01,-0.064,0.015,0.424,0.01,0.837,0.01
125,1042.57,1323.6,15.357,0.004,1.625,0.008,98.88,99,0.939,0.006,1.842,0.006
126,1058.05,150.338,15.372,0.007,0.843,0.011,0.286,0.026,0.511,0.011,1.061,0.013
127,1022.92,1867.38,15.373,0.006,0.893,0.009,0.409,0.025,0.566,0.008,1.077,0.012
128,24.945,966.445,15.383,0.007,1.319,0.012,98.88,99,0.843,0.011,1.613,0.012
129,1389.93,262.64,15.389,0.007,1.994,0.015,98.88,99,1.122,0.011,2.258,0.014
130,315.266,385.554,15.393,0.006,1.02,0.01,0.476,0.039,0.608,0.011,1.265,0.012
458,1786.82,1388.96,17.155,0.009,0.967,0.017,98.88,99,0.599,0.011,1.25,0.016
132,965.186,1135.09,15.422,0.004,2.03,0.01,98.88,99,1.175,0.005,2.366,0.006
133,996.894,1452.68,15.426,0.004,1.968,0.009,98.88,99,1.2,0.006,2.426,0.007
134,1332.37,653.455,15.426,0.007,1.884,0.012,98.88,99,1.074,0.012,2.133,0.014
135,1274.99,1289.8,15.441,0.005,0.85,0.007,0.367,0.023,0.53,0.007,1.11,0.007
136,1114.34,1484.19,15.445,0.004,1.301,0.007,0.832,0.047,0.767,0.006,1.496,0.007
137,1631.57,1186.31,15.466,0.005,0.611,0.008,0.435,0.02,0.379,0.009,0.757,0.008
138,905.808,851.715,15.468,0.008,0.973,0.011,0.633,0.037,0.599,0.011,1.25,0.013
139,1938,1914.45,15.477,0.005,-0.035,0.008,0.178,0.017,0.446,0.007,0.898,0.009
140,723.633,376.377,15.482,0.006,0.863,0.01,0.595,0.036,0.507,0.011,1.033,0.011
141,1101.06,1101.77,15.484,0.003,0.887,0.006,0.379,0.025,0.548,0.006,1.153,0.006
142,1225.46,1156.92,15.498,0.004,0.945,0.006,-0.038,0.015,0.587,0.006,1.227,0.007
143,1105.01,1387.01,15.513,0.005,0.99,0.007,0.615,0.031,0.624,0.006,1.292,0.008
144,887.113,529.018,15.522,0.006,0.726,0.01,0.057,0.025,0.463,0.01,0.907,0.011
145,1361.06,992.655,15.525,0.008,0.739,0.011,0.078,0.018,0.447,0.012,0.879,0.013
146,1097.69,73.572,15.527,0.007,1.514,0.013,98.88,99,0.833,0.012,1.669,0.014
147,517.667,1361.11,15.528,0.004,2.188,0.011,98.88,99,1.271,0.005,2.517,0.007
148,1866.73,1676.86,15.551,0.005,1.474,0.01,98.88,99,0.885,0.008,1.753,0.009
149,1176.42,1183.84,15.557,0.004,0.908,0.007,0.395,0.025,0.559,0.006,1.165,0.006
150,719.132,1166.8,15.558,0.004,0.979,0.006,0.394,0.028,0.604,0.005,1.203,0.006
151,1055.52,48.822,15.569,0.008,1.43,0.014,0.161,0.038,0.961,0.013,2.01,0.016
152,151.366,163.203,15.58,0.008,0.938,0.014,0.439,0.036,0.529,0.013,1.152,0.013
402,1376.88,1825.26,16.948,0.009,0.93,0.016,98.88,99,0.583,0.011,1.204,0.016
154,1451.29,1152.04,15.589,0.005,0.745,0.008,0.507,0.025,0.453,0.008,0.889,0.008
155,1870.18,81.23,15.598,0.008,0.799,0.013,0.05,0.046,0.46,0.013,0.927,0.013
156,1336.87,1828.63,15.616,0.006,0.742,0.008,0.072,0.019,0.492,0.008,0.95,0.011
157,536.66,1497.82,15.616,0.006,0.597,0.009,0.389,0.021,0.35,0.008,0.723,0.01
158,233.28,917.727,15.621,0.007,0.894,0.011,0.306,0.033,0.54,0.011,1.042,0.013
159,897.562,1594.8,15.623,0.005,0.742,0.007,0.22,0.021,0.469,0.006,0.925,0.009
160,1304.82,986.675,15.624,0.007,1.074,0.013,0.903,0.058,0.644,0.011,1.356,0.013
161,1755.52,1422.16,15.636,0.005,0.912,0.008,0.206,0.025,0.58,0.009,1.155,0.01
162,2011.17,1001.95,15.644,0.006,0.604,0.01,0.507,0.034,0.527,0.009,1.08,0.011
163,478.43,1285.33,15.645,0.005,0.97,0.008,0.104,0.023,0.622,0.006,1.299,0.008
164,1158.42,1376.68,15.649,0.005,1.021,0.009,0.566,0.04,0.633,0.006,1.303,0.008
165,810.256,80.462,15.65,0.006,0.757,0.01,0.244,0.028,0.445,0.01,0.925,0.012
166,799.557,917.614,15.655,0.006,0.776,0.01,0.098,0.025,0.48,0.01,0.91,0.01
168,981.329,1490.19,15.66,0.004,1.097,0.007,0.769,0.049,0.677,0.006,1.425,0.021
169,747.237,217.953,15.669,0.007,1.074,0.011,0.683,0.054,0.637,0.011,1.338,0.013
170,20.367,712.681,15.679,0.009,0.71,0.014,0.459,0.032,0.395,0.013,0.842,0.015
171,468.977,459.694,15.689,0.007,1.304,0.012,0.847,0.079,0.799,0.011,1.645,0.013
172,1346.37,400.866,15.707,0.007,1.856,0.015,98.88,99,1.076,0.012,2.165,0.015
174,1661.09,1693.98,15.71,0.006,0.715,0.009,0.098,0.021,0.46,0.008,0.871,0.01
175,1155.97,890.676,15.72,0.007,1.406,0.012,98.88,99,0.802,0.011,1.592,0.012
176,1412.65,1045.08,15.724,0.004,0.894,0.007,0.241,0.027,0.558,0.006,1.123,0.007
177,544.699,843.248,15.725,0.006,2.935,0.022,98.88,99,1.736,0.01,3.444,0.01
178,386.837,922.079,15.728,0.007,0.88,0.01,98.88,99,0.523,0.01,1.057,0.012
179,1736.33,1269.37,15.734,0.005,0.752,0.008,0.454,0.032,0.488,0.008,1.012,0.009
180,632.093,1307.01,15.741,0.004,0.73,0.007,0.342,0.025,0.47,0.006,0.934,0.007
181,458.679,1760.86,15.753,0.009,0.824,0.012,0.151,0.022,0.508,0.011,1.011,0.016
182,771.874,1581.97,15.805,0.006,0.815,0.009,0.183,0.023,0.5,0.008,1.01,0.01
183,1435.54,981.015,15.817,0.008,0.655,0.012,0.554,0.042,0.407,0.012,0.817,0.013
184,936.421,358.358,15.82,0.007,1.045,0.011,0.607,0.067,0.673,0.012,1.406,0.015
185,265.695,651.355,15.83,0.008,0.785,0.013,98.88,99,0.475,0.012,0.922,0.013
186,327.638,296.876,15.83,0.008,0.758,0.013,0.518,0.045,0.397,0.012,0.881,0.013
187,994.631,1371.78,15.85,0.005,1.075,0.008,0.466,0.044,0.67,0.006,1.398,0.008
188,1759.83,565.795,15.854,0.007,0.852,0.014,98.88,99,0.536,0.013,1.086,0.013
189,1263.8,327.406,15.859,0.007,0.775,0.012,0.323,0.035,0.493,0.012,1.001,0.013
190,1770.39,1367.32,15.877,0.006,0.65,0.01,0.442,0.026,0.386,0.009,0.792,0.009
191,1357.23,175.051,15.893,0.007,0.766,0.012,0.598,0.044,0.431,0.012,0.935,0.013
192,376.323,881.688,15.896,0.007,0.991,0.011,0.27,0.044,0.602,0.01,1.223,0.013
193,1579.33,1018.22,15.909,0.004,1.831,0.011,98.88,99,1.035,0.008,2.047,0.008
194,304.827,1793.23,15.922,0.01,1.082,0.014,0.457,0.044,0.657,0.013,1.395,0.017
195,747.688,1120.57,15.924,0.005,1.003,0.008,0.458,0.04,0.601,0.006,1.134,0.008
196,1643.97,1280.99,15.926,0.005,0.911,0.009,0.387,0.034,0.563,0.009,1.044,0.009
197,980.746,763.458,15.928,0.006,0.944,0.01,98.88,99,0.6,0.01,1.247,0.011
198,1686.32,1444.06,15.931,0.005,0.962,0.01,98.88,99,0.576,0.008,1.064,0.009
199,1096.55,1126.86,15.938,0.005,1.191,0.01,98.88,99,0.76,0.006,1.405,0.008
200,1262.61,686.977,15.939,0.008,0.933,0.013,0.29,0.041,0.576,0.012,1.129,0.013
201,1814.33,1603.14,15.954,0.006,0.799,0.009,0.087,0.025,0.497,0.009,0.972,0.01
202,1433.68,816.147,15.956,0.008,1.271,0.014,0.775,0.103,0.728,0.013,1.409,0.013
203,1699.85,752.514,15.965,0.009,0.97,0.014,98.88,99,0.578,0.013,1.114,0.015
204,785.492,1377.92,15.966,0.006,0.943,0.009,0.417,0.036,0.573,0.007,1.187,0.009
206,1238.22,720.655,15.967,0.008,1.007,0.012,0.384,0.043,0.633,0.012,1.237,0.013
207,192.469,1466.31,15.969,0.008,1.133,0.013,0.53,0.05,0.625,0.011,1.254,0.013
208,1580.27,673.971,15.974,0.007,0.981,0.012,0.601,0.051,0.627,0.011,1.302,0.012
209,1849.15,1018.18,15.986,0.005,0.818,0.009,0.386,0.037,0.493,0.009,1.058,0.01
210,323.885,1303.78,15.987,0.007,1.02,0.01,0.328,0.04,0.641,0.009,1.29,0.01
212,812.596,665.812,15.994,0.007,0.792,0.011,0.152,0.036,0.488,0.011,0.929,0.012
211,1271.8,202.921,15.994,0.009,1.85,0.016,98.88,99,1.074,0.013,2.157,0.016
213,787.175,667.227,16.005,0.007,0.854,0.01,0.225,0.042,0.528,0.011,1.06,0.012
214,1020.1,1605.45,16.012,0.006,0.817,0.01,0.11,0.027,0.545,0.008,1.053,0.01
215,1762.07,571.284,16.022,0.008,0.833,0.015,0.1,0.047,0.49,0.013,1.02,0.016
216,290.71,634.385,16.029,0.008,1.259,0.014,98.88,99,0.765,0.012,1.608,0.013
217,1160.45,1114.97,16.036,0.005,0.783,0.009,0.228,0.027,0.49,0.007,1.002,0.01
218,1220.96,560.989,16.047,0.007,1.102,0.012,98.88,99,0.682,0.011,1.43,0.013
219,992.563,497.217,16.054,0.007,0.937,0.013,0.327,0.052,0.587,0.011,1.174,0.011
220,918.07,117.38,16.058,0.008,0.841,0.013,0.126,0.035,0.489,0.011,0.976,0.013
221,769.221,147.174,16.062,0.007,1.019,0.012,0.483,0.065,0.588,0.011,1.231,0.013
222,1404.19,1653.44,16.067,0.006,0.916,0.01,0.26,0.038,0.579,0.008,1.134,0.012
223,1075.95,456.057,16.074,0.007,0.933,0.012,0.32,0.045,0.561,0.011,1.111,0.011
224,1821.43,423.26,16.076,0.017,0.873,0.026,0.245,0.045,0.564,0.028,1.118,0.03
225,1237.19,68.418,16.093,0.008,1.113,0.014,98.88,99,0.649,0.013,1.38,0.013
226,978.78,1715.05,16.095,0.022,0.914,0.032,0.493,0.056,0.574,0.032,1.178,0.039
227,1663.75,1993.11,16.097,0.006,0.771,0.01,0.14,0.028,0.48,0.008,0.9,0.011
228,160.373,243.896,16.112,0.009,0.935,0.015,0.345,0.055,0.517,0.014,1.025,0.015
229,958.724,1860.46,16.116,0.006,0.751,0.01,0.036,0.027,0.48,0.008,0.936,0.011
230,1487.45,694.169,16.123,0.008,0.752,0.013,0.082,0.041,0.466,0.012,0.877,0.013
231,429.723,18.764,16.128,0.008,1.324,0.016,98.88,99,0.775,0.012,1.652,0.014
232,526.738,450.591,16.142,0.008,0.891,0.013,0.303,0.043,0.544,0.01,1.1,0.013
233,1586.5,1492.1,16.151,0.005,0.8,0.009,0.415,0.039,0.499,0.009,1.012,0.01
234,871.958,1091.27,16.16,0.005,1.09,0.009,98.88,99,0.664,0.006,1.329,0.008
235,1696.38,1307.17,16.16,0.006,0.705,0.01,0.568,0.041,0.439,0.009,0.909,0.01
236,802.245,1355.38,16.165,0.006,0.979,0.01,0.36,0.049,0.614,0.008,1.273,0.01
237,991.816,1399.51,16.166,0.005,1.181,0.01,98.88,99,0.719,0.006,1.515,0.008
239,1449.35,251.144,16.183,0.014,0.911,0.021,0.254,0.059,0.572,0.021,1.044,0.019
240,817.15,1182.27,16.19,0.006,0.825,0.01,0.179,0.039,0.491,0.008,0.924,0.009
241,662.041,1953.42,16.192,0.006,0.776,0.01,0.061,0.031,0.48,0.008,0.92,0.013
242,1564.99,1158.25,16.194,0.005,1.03,0.01,0.836,0.08,0.647,0.008,1.35,0.008
243,1163.1,1580.08,16.206,0.006,0.924,0.01,0.434,0.047,0.585,0.008,1.204,0.011
244,1590.08,1012.77,16.209,0.006,2.536,0.022,98.88,99,1.571,0.009,3.274,0.009
245,1199.46,947.162,16.219,0.009,0.852,0.014,0.325,0.052,0.536,0.013,1.092,0.014
246,1175.13,1221.69,16.222,0.006,0.909,0.01,0.263,0.042,0.563,0.008,1.094,0.01
247,184.518,1251.28,16.222,0.007,0.866,0.011,0.199,0.035,0.52,0.011,1.053,0.012
248,1073.17,789.911,16.241,0.008,0.901,0.014,0.217,0.049,0.567,0.013,1.129,0.014
249,1360.61,1307.36,16.243,0.006,1.039,0.01,98.88,99,0.647,0.008,1.342,0.009
251,962.119,1307.83,16.244,0.006,0.983,0.01,98.88,99,0.625,0.008,1.295,0.009
250,1056.05,811.547,16.244,0.009,2.284,0.022,98.88,99,1.304,0.013,2.588,0.015
252,1969.35,1860.67,16.249,0.006,1.821,0.022,98.88,99,1.521,0.008,3.131,0.009
253,1839.98,773.674,16.269,0.008,1.098,0.014,98.88,99,0.671,0.013,1.276,0.015
254,299.17,1772.39,16.277,0.008,0.943,0.014,0.397,0.046,0.57,0.012,1.094,0.015
806,617.952,1155.79,18.048,0.029,1.321,0.045,98.88,99,0.714,0.03,1.564,0.034
256,1012.84,1364.44,16.291,0.006,1.082,0.01,98.88,99,0.667,0.008,1.393,0.009
257,765.748,1251.59,16.294,0.006,0.835,0.01,0.492,0.046,0.519,0.007,1.068,0.009
258,276.427,578.552,16.297,0.009,0.923,0.015,98.88,99,0.512,0.012,1.121,0.013
259,1394.21,257.114,16.303,0.008,0.858,0.013,0.256,0.06,0.493,0.012,0.888,0.026
260,1559.12,1375.49,16.31,0.006,0.939,0.01,0.413,0.055,0.606,0.008,1.253,0.009
261,1870.96,1583.72,16.312,0.006,0.993,0.011,0.349,0.05,0.606,0.009,1.18,0.009
262,559.985,1012.89,16.315,0.005,1.103,0.01,98.88,99,0.675,0.006,1.391,0.008
263,514.374,586.389,16.317,0.009,0.969,0.014,0.288,0.052,0.59,0.013,1.191,0.015
264,1714.1,1885.91,16.336,0.009,0.935,0.013,98.88,99,0.612,0.012,1.267,0.015
266,522.1,943.745,16.34,0.01,1.084,0.015,98.88,99,0.652,0.016,1.341,0.019
265,1558.52,473.895,16.34,0.007,0.949,0.014,0.398,0.07,0.582,0.012,1.096,0.013
267,494.886,1957.35,16.346,0.007,1.084,0.013,98.88,99,0.659,0.01,1.381,0.013
269,1875.73,1277.91,16.361,0.007,1.715,0.02,98.88,99,1.017,0.01,2.024,0.01
270,629.955,1670.28,16.369,0.006,1.01,0.012,98.88,99,0.648,0.008,1.352,0.01
271,692.638,2004.1,16.37,0.009,0.987,0.014,98.88,99,0.615,0.011,1.172,0.016
272,517.668,1399.09,16.382,0.006,0.988,0.01,0.282,0.048,0.6,0.008,1.177,0.01
273,95.926,314.286,16.383,0.01,0.872,0.017,0.125,0.044,0.487,0.015,1.03,0.015
274,704.909,1368.92,16.393,0.006,0.896,0.01,0.614,0.065,0.572,0.008,1.204,0.015
275,802.376,260.421,16.399,0.007,1.937,0.022,98.88,99,1.156,0.011,2.359,0.013
276,540.735,476.067,16.421,0.009,0.961,0.015,98.88,99,0.555,0.015,1.114,0.014
277,1336.99,1385.03,16.426,0.02,0.991,0.029,98.88,99,0.612,0.027,1.291,0.031
279,899.797,1345.45,16.437,0.006,1.032,0.011,0.392,0.062,0.649,0.008,1.339,0.01
278,880.894,304.761,16.437,0.008,1.159,0.014,98.88,99,0.715,0.011,1.505,0.013
280,1140.03,1671.1,16.44,0.006,0.918,0.01,0.524,0.06,0.582,0.008,1.217,0.01
281,1879.78,813.161,16.45,0.009,1.037,0.017,98.88,99,0.631,0.013,1.222,0.017
282,1057.84,1247.83,16.454,0.006,1.07,0.012,98.88,99,0.648,0.008,1.374,0.009
284,957.066,908.734,16.456,0.007,0.803,0.013,0.232,0.052,0.511,0.011,1,0.013
283,1958.42,1473.18,16.456,0.006,0.916,0.012,0.326,0.061,0.551,0.008,1.057,0.011
285,625.109,1319.27,16.461,0.007,0.832,0.011,0.215,0.047,0.526,0.008,1.052,0.011
287,1947.87,999.762,16.465,0.007,1.012,0.013,0.284,0.058,0.587,0.011,1.191,0.013
288,774.785,1715.67,16.474,0.007,0.851,0.012,0.249,0.049,0.52,0.009,0.975,0.013
289,732.336,203.573,16.475,0.008,0.841,0.013,0.17,0.05,0.511,0.011,1.091,0.014
290,1692.38,827.491,16.493,0.009,0.902,0.016,0.267,0.062,0.559,0.013,1.123,0.015
293,1227.01,1256.78,16.494,0.007,0.885,0.012,98.88,99,0.543,0.009,1.126,0.011
292,1342.03,284.766,16.494,0.009,0.89,0.016,0.16,0.054,0.553,0.013,1.126,0.017
291,544.54,150.525,16.494,0.008,1.994,0.022,98.88,99,1.102,0.011,2.219,0.013
294,311.962,1304.58,16.498,0.007,0.868,0.011,98.88,99,0.529,0.009,1.096,0.01
295,1605.84,1322.42,16.505,0.007,0.979,0.011,98.88,99,0.616,0.01,1.283,0.01
296,1366.67,1467.48,16.507,0.007,1.124,0.013,98.88,99,0.746,0.009,1.377,0.011
297,1083.79,1544.94,16.508,0.006,1.035,0.011,98.88,99,0.65,0.01,1.339,0.01
298,1981.36,261.291,16.509,0.011,0.148,0.044,98.88,99,0.518,0.016,1.074,0.019
299,180.549,1893.39,16.513,0.013,0.944,0.022,0.204,0.061,0.554,0.018,1.134,0.027
300,1660.3,796.054,16.544,0.009,0.89,0.016,0.258,0.062,0.551,0.014,1.073,0.015
301,1242.51,1316.45,16.548,0.008,0.866,0.014,0.38,0.061,0.573,0.011,1.127,0.014
302,728.097,1353.19,16.557,0.007,1.086,0.013,98.88,99,0.693,0.009,1.439,0.01
303,1710.09,1529.6,16.565,0.008,2.195,0.022,98.88,99,1.294,0.011,2.541,0.011
304,1342.64,168.993,16.567,0.009,0.93,0.016,98.88,99,0.582,0.013,1.161,0.015
305,817.447,1173.16,16.571,0.007,1.127,0.013,98.88,99,0.696,0.009,1.456,0.01
306,835.236,1502.75,16.571,0.007,1.039,0.013,98.88,99,0.645,0.009,1.303,0.011
307,709.613,1986.36,16.573,0.008,0.912,0.014,0.103,0.052,0.557,0.01,1.105,0.015
309,1076.01,419.176,16.577,0.01,0.974,0.016,98.88,99,0.546,0.013,1.051,0.015
310,1036.9,1359.36,16.586,0.007,1.076,0.012,98.88,99,0.678,0.009,1.412,0.01
311,1637.52,1038.61,16.594,0.007,0.828,0.012,0.434,0.063,0.519,0.011,1.098,0.012
312,499.951,1540,16.601,0.008,0.928,0.013,98.88,99,0.588,0.009,1.18,0.013
313,373.07,499.886,16.602,0.011,0.93,0.017,98.88,99,0.539,0.014,1.055,0.017
314,740.467,358.88,16.608,0.009,0.963,0.016,98.88,99,0.595,0.013,1.231,0.015
315,700.233,789.231,16.625,0.011,1.185,0.024,98.88,99,0.778,0.015,1.597,0.016
317,1357.94,1373.86,16.63,0.008,1.108,0.014,98.88,99,0.69,0.011,1.435,0.013
318,1592.56,234.626,16.638,0.01,0.804,0.016,98.88,99,0.486,0.014,1.027,0.017
319,263.512,754.584,16.639,0.011,0.959,0.017,0.254,0.079,0.572,0.014,1.162,0.016
320,1174.94,1706.6,16.643,0.007,0.806,0.012,0.002,0.041,0.52,0.009,1.005,0.013
321,1245.56,831.142,16.644,0.007,1.038,0.014,98.88,99,0.622,0.011,1.235,0.014
322,277.542,1102.55,16.655,0.017,0.934,0.023,98.88,99,0.595,0.027,1.214,0.037
323,1740.32,650.495,16.656,0.01,1.673,0.03,98.88,99,0.997,0.014,2.009,0.014
324,784.245,1169.74,16.665,0.006,0.964,0.01,0.534,0.079,0.589,0.008,1.091,0.01
325,209.24,446.645,16.666,0.01,1.196,0.017,98.88,99,0.708,0.014,1.459,0.015
326,1227.58,1219.04,16.668,0.007,1.02,0.015,98.88,99,0.642,0.009,1.325,0.011
327,1541.6,883.44,16.668,0.01,0.934,0.018,98.88,99,0.56,0.014,1.191,0.017
328,1546.12,1742.65,16.678,0.007,1.834,0.02,98.88,99,1.075,0.009,2.14,0.012
330,1324.24,1882.01,16.679,0.009,0.838,0.014,0.105,0.051,0.537,0.012,1.058,0.016
329,1900.72,1670.65,16.679,0.008,1.019,0.014,98.88,99,0.631,0.011,1.313,0.013
331,584.116,1135.19,16.685,0.006,1.021,0.012,98.88,99,0.628,0.008,1.248,0.01
332,1398.4,100.142,16.686,0.009,1.087,0.018,98.88,99,0.629,0.013,1.188,0.015
333,2015.23,605.586,16.695,0.009,1.169,0.026,98.88,99,1.06,0.013,2.151,0.016
334,605.242,907.063,16.704,0.011,1.007,0.017,0.366,0.084,0.604,0.013,1.209,0.016
335,1898.61,424.489,16.711,0.01,1.233,0.019,98.88,99,0.706,0.015,1.419,0.015
336,1492.22,115.893,16.711,0.011,1.02,0.017,98.88,99,0.589,0.015,1.234,0.016
338,917.747,1170.33,16.728,0.029,1.268,0.033,98.88,99,0.601,0.028,1.362,0.032
339,1447.36,1750.39,16.729,0.009,0.911,0.014,98.88,99,0.591,0.012,1.116,0.013
340,1269.36,1189.25,16.735,0.008,2.459,0.027,98.88,99,1.422,0.009,2.818,0.01
341,1349.66,132.134,16.739,0.01,0.932,0.018,98.88,99,0.547,0.019,1.038,0.017
342,789.907,16.801,16.74,0.01,0.982,0.017,98.88,99,0.537,0.014,1.165,0.015
344,1577.68,1926.85,16.747,0.01,2.065,0.026,98.88,99,1.188,0.012,2.358,0.014
345,742.058,92.891,16.747,0.011,0.916,0.017,98.88,99,0.507,0.014,1.002,0.016
349,1013.12,519.586,16.755,0.018,0.897,0.024,98.88,99,0.533,0.02,1.072,0.023
348,499.719,1827.93,16.755,0.008,0.905,0.013,98.88,99,0.529,0.011,0.998,0.015
347,248.656,955.984,16.755,0.014,0.896,0.02,98.88,99,0.566,0.019,1.141,0.023
350,50.049,1841.71,16.756,0.014,0.928,0.021,98.88,99,0.511,0.019,1.01,0.025
351,1760.62,1606.45,16.761,0.008,1.985,0.022,98.88,99,1.148,0.011,2.267,0.013
352,1582.01,1950.03,16.762,0.007,0.855,0.013,0.138,0.058,0.52,0.01,1.024,0.015
353,1821.73,198.783,16.763,0.013,0.861,0.023,98.88,99,0.503,0.019,0.987,0.022
354,1209.78,553.013,16.764,0.01,1.679,0.023,98.88,99,1.004,0.013,2.014,0.015
355,1842.33,344.821,16.766,0.009,0.96,0.017,98.88,99,0.569,0.013,1.155,0.015
356,1065.57,670.264,16.77,0.01,0.886,0.017,98.88,99,0.567,0.013,1.176,0.016
357,637.589,741.534,16.78,0.012,1.009,0.02,98.88,99,0.649,0.014,1.301,0.017
358,1783.36,1408.18,16.781,0.008,0.891,0.014,0.373,0.057,0.566,0.011,1.058,0.013
729,736.788,36.529,17.883,0.019,1.301,0.042,98.88,99,0.761,0.022,1.563,0.024
360,191.202,566.376,16.792,0.012,0.88,0.02,98.88,99,0.491,0.017,1.032,0.02
361,1340.29,1205.13,16.807,0.008,0.92,0.014,98.88,99,0.56,0.011,1.155,0.014
362,1491.29,143.391,16.808,0.01,1.072,0.017,98.88,99,0.64,0.015,1.348,0.015
363,578.237,679.822,16.811,0.009,1.253,0.018,98.88,99,0.738,0.013,1.558,0.015
365,168.035,374.393,16.82,0.011,1.085,0.021,98.88,99,0.614,0.015,1.19,0.018
366,614.895,442.975,16.821,0.011,1.014,0.018,98.88,99,0.59,0.014,1.177,0.016
367,315.223,1246.97,16.829,0.015,1.137,0.024,98.88,99,0.679,0.023,1.335,0.027
368,302.048,1062.76,16.832,0.008,1.357,0.017,98.88,99,0.811,0.01,1.699,0.011
369,425.847,842.271,16.837,0.009,0.904,0.015,98.88,99,0.568,0.013,1.142,0.015
370,483.265,1335.27,16.838,0.008,0.879,0.014,98.88,99,0.539,0.01,1.111,0.027
371,491.971,1360.68,16.842,0.009,2.091,0.025,98.88,99,1.215,0.01,2.421,0.012
372,677.718,1806.84,16.844,0.009,1.132,0.017,98.88,99,0.705,0.012,1.49,0.013
373,1924.61,1749.37,16.853,0.007,0.978,0.015,98.88,99,0.623,0.011,1.277,0.012
374,813.753,1791.87,16.856,0.009,0.958,0.014,98.88,99,0.609,0.011,1.23,0.016
375,956.175,1388.2,16.865,0.007,1.066,0.015,98.88,99,0.643,0.01,1.323,0.012
376,1659.9,89.268,16.869,0.01,2.008,0.025,98.88,99,1.161,0.015,2.318,0.015
377,1181.56,847.439,16.872,0.011,1.028,0.02,98.88,99,0.614,0.014,1.22,0.018
378,931.595,432.96,16.873,0.011,0.881,0.017,98.88,99,0.534,0.015,1.077,0.016
380,1133.62,1367.46,16.875,0.008,1.02,0.016,98.88,99,0.608,0.011,1.264,0.012
379,1992.13,654.691,16.875,0.012,0.635,0.021,98.88,99,0.6,0.017,1.176,0.019
382,994.507,819.318,16.879,0.026,1.067,0.038,98.88,99,0.677,0.038,1.238,0.05
381,1588.51,776.31,16.879,0.011,1.18,0.019,98.88,99,0.734,0.015,1.357,0.016
383,526.751,171.303,16.883,0.008,0.954,0.015,98.88,99,0.559,0.013,1.077,0.015
384,892.047,1206.61,16.889,0.008,0.963,0.014,98.88,99,0.619,0.01,1.207,0.012
385,728.582,921.267,16.899,0.01,1.104,0.018,98.88,99,0.662,0.013,1.284,0.017
386,1726.9,366.641,16.904,0.012,1.075,0.02,98.88,99,0.662,0.016,1.353,0.017
725,588.904,1275.58,17.864,0.015,1.227,0.033,98.88,99,0.751,0.018,1.538,0.02
388,1234.07,1415.17,16.915,0.007,1.017,0.015,98.88,99,0.598,0.01,1.249,0.013
1037,1246.63,1348.41,18.551,0.029,1.006,0.06,98.88,99,0.653,0.033,1.367,0.038
390,1121.99,1853.88,16.92,0.011,0.852,0.017,0.204,0.067,0.55,0.015,1.075,0.019
391,1946.98,390.03,16.923,0.011,0.961,0.021,98.88,99,0.615,0.015,1.245,0.016
393,847.328,374.284,16.926,0.011,0.979,0.017,0.376,0.112,0.578,0.015,1.16,0.019
394,1096.82,1479.03,16.927,0.008,1.097,0.016,98.88,99,0.672,0.01,1.399,0.013
395,803.218,1717.03,16.927,0.012,0.88,0.018,0.246,0.081,0.541,0.019,1.071,0.026
396,722.446,513.278,16.933,0.017,0.889,0.03,98.88,99,0.573,0.022,1.168,0.023
397,1173.25,1429.66,16.934,0.008,1.122,0.016,98.88,99,0.662,0.012,1.389,0.013
400,1346.25,1600.07,16.943,0.007,0.887,0.015,98.88,99,0.551,0.011,1.127,0.012
401,1516.81,167.777,16.945,0.012,0.931,0.019,98.88,99,0.564,0.017,1.19,0.018
403,1461.58,651.133,16.95,0.01,1.142,0.02,98.88,99,0.73,0.015,1.509,0.017
404,991.057,1542.63,16.953,0.008,1.022,0.014,98.88,99,0.654,0.011,1.315,0.013
405,1915.16,347.956,16.953,0.01,0.98,0.017,98.88,99,0.612,0.015,1.25,0.018
406,943.503,829.249,16.956,0.011,1.264,0.023,98.88,99,0.734,0.014,1.546,0.016
407,335.306,1114.82,16.958,0.008,1.132,0.017,98.88,99,0.687,0.011,1.36,0.013
1198,975.793,1590.45,19.202,0.046,1.345,0.101,98.88,99,0.816,0.051,99,99
409,1995.51,1452.09,16.971,0.01,1.105,0.017,98.88,99,0.686,0.013,1.336,0.013
410,96.075,1094.34,16.981,0.027,1.378,0.036,98.88,99,0.924,0.041,1.886,0.054
411,228.851,499.253,16.992,0.013,0.925,0.021,98.88,99,0.538,0.017,1.107,0.019
412,1309.35,1991.87,16.993,0.009,1.161,0.02,98.88,99,0.703,0.012,1.433,0.015
413,1201.2,1282.77,16.994,0.008,0.854,0.014,98.88,99,0.538,0.011,1.117,0.013
414,887.697,408.429,16.998,0.011,1.131,0.021,0.205,0.125,0.672,0.014,1.43,0.016
415,1185.98,1708.06,17.006,0.008,2.1,0.026,98.88,99,1.23,0.01,2.461,0.013
416,897.135,1406.07,17.026,0.008,1.026,0.016,98.88,99,0.617,0.011,1.317,0.013
417,1127.05,1762.07,17.027,0.009,1.186,0.018,98.88,99,0.751,0.011,1.567,0.015
418,880.039,1725.92,17.027,0.008,0.979,0.014,98.88,99,0.621,0.011,1.239,0.013
419,1235.99,1134.08,17.032,0.009,0.88,0.015,98.88,99,0.57,0.011,1.16,0.015
420,1889.27,1427.58,17.04,0.01,0.955,0.017,0.181,0.074,0.598,0.015,1.207,0.015
421,1192.83,1228.09,17.045,0.009,1.133,0.019,98.88,99,0.7,0.012,1.474,0.013
422,898.761,1142.61,17.048,0.012,1.057,0.019,98.88,99,0.641,0.015,1.216,0.019
423,1327.77,1562.99,17.056,0.034,0.857,0.044,0.102,0.075,0.593,0.045,1.134,0.053
424,1266.42,1346.74,17.059,0.009,0.94,0.019,98.88,99,0.587,0.011,1.141,0.015
426,1508.65,767.613,17.062,0.012,0.845,0.02,98.88,99,0.494,0.017,1.049,0.022
427,1036.17,1632.13,17.063,0.011,1.053,0.017,98.88,99,0.643,0.013,1.222,0.017
428,1237.8,677.682,17.063,0.011,0.962,0.017,98.88,99,0.603,0.015,1.183,0.018
429,1777.26,1919.61,17.067,0.01,2.668,0.044,98.88,99,1.584,0.012,3.145,0.013
431,1479.53,957.256,17.068,0.011,0.823,0.019,98.88,99,0.508,0.021,1.027,0.027
430,1360.18,648.608,17.068,0.011,0.858,0.021,98.88,99,0.56,0.014,1.116,0.019
432,1459.38,393.457,17.081,0.011,0.899,0.019,98.88,99,0.529,0.015,1.135,0.018
433,795.318,497.93,17.084,0.011,1.993,0.039,98.88,99,1.15,0.013,2.316,0.015
434,1971.02,124.306,17.084,0.014,0.864,0.023,98.88,99,0.581,0.019,1.18,0.021
435,1175.63,1685.69,17.085,0.01,1.055,0.017,0.254,0.094,0.665,0.012,1.33,0.015
438,955.834,991.962,17.101,0.01,0.938,0.017,98.88,99,0.59,0.014,1.193,0.016
439,735.556,1209.15,17.107,0.022,1.156,0.031,98.88,99,0.757,0.044,1.284,0.027
440,1625.47,731.668,17.113,0.012,1.012,0.022,98.88,99,0.599,0.015,1.264,0.019
441,740.787,536.594,17.113,0.031,0.66,0.06,98.88,99,99,99,0.957,0.039
442,1097.61,726.055,17.114,0.012,0.997,0.021,98.88,99,0.558,0.017,1.086,0.02
443,798.125,763.449,17.116,0.013,1.041,0.026,98.88,99,0.59,0.016,1.119,0.019
444,654.083,1203.71,17.118,0.009,2.198,0.035,98.88,99,1.273,0.01,2.485,0.011
445,1357.55,1184.42,17.12,0.009,1.012,0.018,98.88,99,0.575,0.011,1.236,0.013
446,474.37,1373.15,17.127,0.01,1.04,0.017,98.88,99,0.637,0.012,1.308,0.015
447,1292.07,1423.72,17.128,0.009,1.04,0.018,98.88,99,0.661,0.011,1.277,0.016
448,760.308,589.868,17.13,0.011,0.857,0.019,98.88,99,0.566,0.015,1.097,0.019
450,1037.49,1271.81,17.133,0.009,1.095,0.016,98.88,99,0.671,0.012,1.383,0.015
451,690.38,1505.2,17.144,0.01,0.989,0.018,98.88,99,0.605,0.012,1.178,0.017
453,211.402,749.122,17.148,0.032,1.238,0.041,98.88,99,0.937,0.056,1.922,0.059
454,2005.76,1475.31,17.15,0.01,0.959,0.017,98.88,99,0.616,0.013,1.291,0.016
455,1948.46,837.428,17.152,0.013,1.093,0.023,98.88,99,0.66,0.017,1.361,0.019
456,474.811,445.167,17.154,0.011,1.872,0.034,98.88,99,1.077,0.013,2.142,0.015
457,110.095,648.642,17.154,0.039,1.054,0.057,98.88,99,0.446,0.041,1.054,0.045
459,683.427,936.667,17.161,0.016,1.261,0.03,98.88,99,0.767,0.021,1.561,0.026
460,773.701,113.8,17.162,0.011,2.035,0.038,98.88,99,1.111,0.014,2.259,0.016
461,904.227,275.145,17.166,0.012,1.034,0.021,98.88,99,0.635,0.015,1.302,0.019
462,1433.89,1773.79,17.168,0.011,0.966,0.018,98.88,99,0.624,0.015,1.262,0.019
463,953.619,1341.49,17.175,0.013,0.952,0.021,98.88,99,0.59,0.015,1.233,0.017
465,1340.77,778.051,17.184,0.012,0.919,0.022,98.88,99,0.583,0.015,1.181,0.019
468,1481.91,766.064,17.186,0.011,0.988,0.02,98.88,99,0.591,0.016,1.157,0.018
467,602.68,44.839,17.186,0.013,1.167,0.021,98.88,99,0.71,0.017,1.531,0.019
469,355.933,802.757,17.19,0.011,2.455,0.046,98.88,99,1.458,0.015,2.864,0.015
470,2027.09,1800.81,17.19,0.011,0.111,0.019,98.88,99,0.574,0.014,1.12,0.018
471,1265.62,920.338,17.191,0.012,0.914,0.019,98.88,99,0.571,0.017,1.164,0.02
472,979.795,1835.19,17.195,0.01,1.094,0.021,98.88,99,0.698,0.012,1.464,0.015
473,955.813,656.743,17.197,0.013,2.409,0.05,98.88,99,1.402,0.015,2.777,0.017
474,1880.64,1127.51,17.2,0.012,1.189,0.026,98.88,99,0.755,0.014,1.532,0.017
475,1282.62,1164.72,17.204,0.008,0.959,0.017,98.88,99,0.609,0.012,1.205,0.013
477,1878.93,1272.54,17.208,0.013,1.08,0.023,98.88,99,0.637,0.016,1.228,0.019
478,1335.91,1494.08,17.21,0.011,0.949,0.018,98.88,99,0.617,0.013,1.275,0.016
479,865.925,961.793,17.211,0.013,1.136,0.022,98.88,99,0.676,0.016,1.318,0.019
480,978.712,1440.53,17.214,0.011,1.194,0.021,98.88,99,0.752,0.012,1.576,0.016
481,434.923,1103.99,17.214,0.01,1.064,0.018,98.88,99,0.673,0.012,1.373,0.015
482,349.48,43.168,17.215,0.012,0.96,0.021,98.88,99,0.513,0.017,1.116,0.019
483,1680.78,1219.38,17.218,0.01,0.971,0.018,98.88,99,0.621,0.013,1.303,0.016
484,143.776,1608.35,17.219,0.013,1.556,0.027,98.88,99,1.066,0.017,2.428,0.021
485,1082.87,1344.6,17.221,0.008,1.107,0.021,98.88,99,0.672,0.011,1.392,0.014
486,431.335,644.482,17.222,0.012,1.141,0.023,98.88,99,0.724,0.015,1.474,0.017
487,692.433,1634.88,17.224,0.011,0.967,0.017,98.88,99,0.59,0.013,1.153,0.018
488,463.823,991.123,17.225,0.036,2.039,0.064,98.88,99,1.125,0.042,2.247,0.042
960,1538.23,1671.25,18.371,0.025,1.082,0.05,98.88,99,0.715,0.027,1.345,0.034
490,519.826,951.468,17.239,0.014,0.921,0.025,98.88,99,0.6,0.024,1.239,0.027
491,1415.86,767.709,17.24,0.014,1.111,0.026,98.88,99,0.676,0.018,1.309,0.021
492,1372.3,1028.19,17.243,0.009,1.039,0.02,98.88,99,0.671,0.012,1.402,0.015
493,1726.55,1553.76,17.245,0.011,1.144,0.024,98.88,99,0.723,0.013,1.4,0.016
494,1078.68,742.722,17.246,0.013,1.119,0.026,98.88,99,0.685,0.016,1.453,0.019
495,686.794,1375.61,17.249,0.011,2.046,0.035,98.88,99,1.205,0.012,2.401,0.014
496,374.702,1259.29,17.259,0.01,1.162,0.021,98.88,99,0.697,0.012,1.354,0.015
497,1918.32,1508.98,17.267,0.01,1.113,0.024,98.88,99,0.688,0.013,1.448,0.015
498,670.933,730.973,17.272,0.013,1.577,0.034,98.88,99,0.936,0.016,1.857,0.017
499,1280.44,1714.66,17.274,0.025,1.117,0.035,98.88,99,0.674,0.035,1.269,0.042
500,1061.4,938.203,17.275,0.015,1.092,0.026,98.88,99,0.703,0.018,1.397,0.021
501,1749.74,145.105,17.277,0.013,1.066,0.023,98.88,99,0.636,0.017,1.289,0.02
502,869.742,249.296,17.285,0.011,1.933,0.034,98.88,99,1.133,0.014,2.323,0.015
503,61.798,1874.73,17.285,0.015,1.435,0.028,98.88,99,0.883,0.019,1.9,0.024
504,1309.48,1492.86,17.295,0.027,1.005,0.043,98.88,99,0.63,0.037,1.143,0.032
505,904.004,1463.13,17.296,0.013,1.058,0.024,98.88,99,0.62,0.015,1.37,0.019
506,198.546,1512.48,17.3,0.011,0.985,0.021,98.88,99,0.561,0.014,1.16,0.016
507,1107.79,1403.74,17.303,0.009,1.191,0.023,98.88,99,0.706,0.012,1.417,0.014
508,897.669,1375.31,17.304,0.01,1.098,0.022,98.88,99,0.665,0.012,1.389,0.014
509,943.214,700.005,17.312,0.011,2.072,0.041,98.88,99,1.185,0.014,2.393,0.015
510,1647.35,1535.84,17.314,0.011,1.432,0.024,98.88,99,0.953,0.012,1.942,0.015
511,679.365,559.446,17.314,0.025,0.971,0.051,98.88,99,0.719,0.028,1.359,0.031
512,1399.85,1417.24,17.315,0.009,1.086,0.019,98.88,99,0.684,0.011,1.266,0.015
513,1875.02,1155.79,17.316,0.011,0.981,0.02,98.88,99,0.588,0.013,1.162,0.019
514,1542.94,1406.58,17.317,0.01,1.094,0.022,98.88,99,0.673,0.013,1.388,0.015
516,914.689,1500.65,17.323,0.012,1.047,0.022,98.88,99,0.662,0.014,1.382,0.017
517,974.019,1922.76,17.327,0.011,1.026,0.028,98.88,99,0.656,0.014,1.331,0.018
518,1057.03,1374.18,17.329,0.037,0.961,0.075,98.88,99,0.65,0.046,1.335,0.051
519,1973.55,1723.13,17.334,0.011,0.928,0.022,98.88,99,0.515,0.014,1.096,0.02
520,1474.36,1690.23,17.338,0.012,1.88,0.035,98.88,99,1.106,0.014,2.206,0.017
521,637.796,697.916,17.342,0.016,1.224,0.03,98.88,99,0.748,0.019,1.547,0.021
522,1979.9,1904.03,17.344,0.013,-0.108,0.021,98.88,99,0.582,0.016,1.266,0.019
523,1425.93,262.853,17.349,0.014,1.898,0.04,98.88,99,1.156,0.017,2.319,0.018
524,1667.75,1053.89,17.352,0.011,0.933,0.02,98.88,99,0.582,0.014,1.229,0.017
525,1003,988.83,17.353,0.011,0.95,0.021,98.88,99,0.562,0.016,1.177,0.019
551,1604.65,1655,17.427,0.012,0.945,0.022,98.88,99,0.594,0.015,1.18,0.019
527,1035.88,1422.03,17.367,0.011,1.049,0.02,98.88,99,0.65,0.013,1.336,0.016
528,886.851,1053.78,17.367,0.015,1.15,0.026,98.88,99,0.782,0.028,1.466,0.029
530,1462.74,1447.62,17.372,0.012,0.947,0.02,98.88,99,0.623,0.015,1.23,0.018
531,1540.27,1950.5,17.374,0.011,1.895,0.04,98.88,99,1.142,0.013,2.289,0.015
533,1898.48,931.002,17.375,0.012,1.001,0.022,98.88,99,0.603,0.016,1.176,0.021
532,1417.96,423.638,17.375,0.012,1.009,0.03,98.88,99,0.619,0.017,1.232,0.019
534,285.382,1946.99,17.375,0.03,1.271,0.042,98.88,99,99,99,1.945,0.065
535,1277.32,689.297,17.377,0.014,1.145,0.024,98.88,99,0.712,0.017,1.38,0.022
536,642.811,1100.43,17.379,0.01,2.14,0.042,98.88,99,1.261,0.011,2.545,0.012
537,954.323,363.724,17.387,0.014,1.046,0.027,98.88,99,0.618,0.019,1.318,0.021
538,1049.67,1184.87,17.389,0.01,1.044,0.019,98.88,99,0.63,0.013,1.323,0.015
539,503.791,1007.13,17.394,0.013,1.148,0.023,98.88,99,0.709,0.015,1.481,0.018
540,995.771,1250.03,17.396,0.011,1.043,0.022,98.88,99,0.665,0.013,1.391,0.016
541,1542.74,77.674,17.396,0.016,0.988,0.029,98.88,99,0.588,0.02,1.237,0.024
543,1102.03,1207.67,17.403,0.011,1.019,0.022,98.88,99,0.623,0.014,1.301,0.016
542,1983.29,1864.33,17.403,0.011,0.29,0.023,98.88,99,0.638,0.014,1.308,0.017
544,838.688,393.08,17.404,0.012,2.168,0.043,98.88,99,1.223,0.015,2.447,0.017
545,555.526,1211.29,17.408,0.011,1.022,0.022,98.88,99,0.624,0.013,1.25,0.017
546,1640.41,860.117,17.409,0.015,0.98,0.025,98.88,99,0.618,0.018,1.202,0.02
547,1048.73,451.049,17.41,0.013,1.045,0.025,98.88,99,0.671,0.017,1.319,0.019
548,609.725,1354.81,17.413,0.011,2.055,0.04,98.88,99,1.219,0.012,2.419,0.014
549,1683.88,30.26,17.414,0.015,1.258,0.033,98.88,99,0.717,0.019,1.529,0.022
550,475.739,1302.29,17.416,0.013,1.028,0.023,98.88,99,0.611,0.015,1.14,0.019
552,1143.74,1523,17.428,0.016,1.676,0.035,98.88,99,1.008,0.02,1.948,0.023
554,1618.49,1657.16,17.429,0.013,1.001,0.022,98.88,99,0.623,0.016,1.284,0.019
555,1089.14,1098.36,17.431,0.012,0.969,0.021,98.88,99,0.576,0.015,1.222,0.018
556,1522.09,1783.44,17.436,0.012,1.034,0.024,98.88,99,0.58,0.015,1.25,0.02
557,1405.21,252.128,17.439,0.013,1.14,0.029,98.88,99,0.682,0.017,1.344,0.021
558,1784.6,1142.56,17.447,0.013,1.772,0.038,98.88,99,1.055,0.015,2.104,0.016
559,1843.35,1265.29,17.45,0.011,1.764,0.033,98.88,99,1.063,0.013,2.133,0.014
561,1293.9,1619.08,17.451,0.011,1.008,0.022,98.88,99,0.594,0.014,1.207,0.018
560,1774.77,467.106,17.451,0.013,0.996,0.027,98.88,99,0.644,0.017,1.315,0.019
562,1809.95,992.52,17.452,0.014,1.351,0.028,98.88,99,0.924,0.018,1.782,0.02
563,1433.3,278.361,17.455,0.013,1.026,0.029,98.88,99,0.6,0.017,1.289,0.022
564,1740.53,1697.34,17.457,0.012,0.97,0.022,98.88,99,0.619,0.016,1.201,0.019
566,1276.14,1539.19,17.458,0.011,0.941,0.023,98.88,99,0.589,0.014,1.206,0.017
565,475.749,1250.59,17.458,0.012,1.143,0.022,98.88,99,0.665,0.014,1.318,0.019
568,1808.25,1933,17.459,0.012,1.019,0.021,98.88,99,0.671,0.014,1.329,0.019
569,1692.59,1518.64,17.475,0.013,1.927,0.041,98.88,99,1.18,0.015,2.351,0.017
571,28.898,1913.12,17.476,0.016,1.179,0.029,98.88,99,0.643,0.022,1.427,0.03
570,1808.71,81.451,17.476,0.015,1.786,0.038,98.88,99,1.02,0.019,2.089,0.02
572,449.99,1265.37,17.477,0.011,1.317,0.024,98.88,99,0.803,0.013,1.688,0.016
573,1533.4,819.216,17.478,0.016,0.891,0.029,98.88,99,0.535,0.021,1.118,0.025
574,1476.88,1146.95,17.479,0.01,1.572,0.033,98.88,99,1.007,0.013,2.034,0.013
575,1357.9,1279.12,17.48,0.012,0.997,0.02,98.88,99,0.623,0.015,1.235,0.021
576,1496.63,1406.4,17.484,0.027,1.075,0.041,98.88,99,0.686,0.041,1.357,0.049
577,1067.98,1543.96,17.487,0.012,0.987,0.021,98.88,99,0.653,0.015,1.267,0.019
578,1800.28,799.582,17.491,0.012,1.075,0.03,98.88,99,0.625,0.017,1.247,0.02
579,1859.84,541.519,17.498,0.015,1.032,0.029,98.88,99,0.605,0.018,1.219,0.023
581,1096.85,1749.47,17.515,0.013,1.09,0.025,98.88,99,0.702,0.016,1.431,0.019
580,1936.45,325.05,17.515,0.019,1.124,0.029,98.88,99,0.718,0.022,1.512,0.026
582,783.045,560.237,17.517,0.017,1.078,0.039,98.88,99,0.776,0.022,1.545,0.027
583,1871.52,290.647,17.519,0.017,1.198,0.034,98.88,99,0.722,0.022,1.376,0.025
584,1069.45,820.859,17.521,0.014,2.002,0.058,98.88,99,1.149,0.017,2.313,0.019
1034,1354.59,1925.26,18.545,0.039,1.142,0.077,98.88,99,0.593,0.051,1.231,0.069
586,135.701,310.582,17.528,0.016,1.024,0.032,98.88,99,0.575,0.022,1.234,0.026
587,2023.29,784.539,17.532,0.016,0.438,0.037,98.88,99,0.711,0.021,1.403,0.024
588,1493.32,1978.17,17.534,0.013,0.977,0.021,98.88,99,0.608,0.016,1.249,0.019
589,974.702,195.757,17.536,0.015,1.05,0.03,98.88,99,0.637,0.02,1.216,0.022
590,258.576,1037.7,17.538,0.013,1.372,0.027,98.88,99,0.867,0.016,1.81,0.017
591,1797.65,141.77,17.538,0.014,1.219,0.031,98.88,99,0.695,0.019,1.463,0.022
592,946.944,862.378,17.54,0.016,1.171,0.029,98.88,99,0.705,0.019,1.355,0.022
593,972.662,242.912,17.544,0.014,1.117,0.029,98.88,99,0.682,0.019,1.444,0.021
594,1102.8,1923.88,17.545,0.02,1.06,0.037,98.88,99,0.665,0.023,1.444,0.053
597,1270.52,691.29,17.549,0.016,0.909,0.026,98.88,99,0.589,0.02,1.205,0.024
596,391.406,1219.77,17.549,0.016,1.086,0.028,98.88,99,0.675,0.02,1.331,0.025
598,1148.07,1675.54,17.556,0.012,1.036,0.024,98.88,99,0.64,0.015,1.312,0.019
599,731.95,1585.39,17.559,0.012,1.051,0.024,98.88,99,0.681,0.015,1.396,0.019
600,1059.56,1465.68,17.564,0.014,1.073,0.026,98.88,99,0.691,0.016,1.417,0.019
601,1989.64,562.542,17.565,0.017,0.966,0.036,98.88,99,0.822,0.021,1.519,0.026
602,277.848,125.267,17.574,0.015,0.963,0.028,98.88,99,0.502,0.019,1.16,0.02
604,1229.88,1145.5,17.575,0.011,1.011,0.024,98.88,99,0.599,0.016,1.191,0.019
603,572.087,1221.48,17.575,0.015,1.204,0.032,98.88,99,0.706,0.017,1.525,0.02
605,1007.04,907.053,17.58,0.016,1.138,0.029,98.88,99,0.753,0.019,1.545,0.024
606,1452.92,994.109,17.58,0.016,1.079,0.028,98.88,99,0.688,0.019,1.272,0.021
607,799.398,940.578,17.581,0.013,1.228,0.033,98.88,99,0.733,0.017,1.431,0.02
608,1550.85,1809.64,17.588,0.016,0.894,0.027,98.88,99,0.607,0.021,1.129,0.032
609,1826.56,1439.66,17.59,0.015,0.92,0.024,98.88,99,0.535,0.019,1.17,0.021
610,613.853,1968.64,17.595,0.014,1.267,0.027,98.88,99,0.786,0.016,1.448,0.022
611,829.326,120.578,17.595,0.016,1.162,0.031,98.88,99,0.659,0.02,1.412,0.025
612,1883.7,1891.14,17.597,0.015,0.861,0.027,98.88,99,0.596,0.018,1.275,0.019
613,1521.84,726.904,17.598,0.017,1.088,0.028,98.88,99,0.696,0.021,1.383,0.025
614,1979.58,1198.9,17.599,0.012,0.959,0.025,98.88,99,0.586,0.017,1.184,0.022
615,1553.13,1880.93,17.6,0.014,1.219,0.027,98.88,99,0.734,0.016,1.364,0.02
616,93.795,1467.96,17.6,0.014,1.244,0.026,98.88,99,0.722,0.018,1.487,0.02
617,1228.33,1451.96,17.601,0.012,1.015,0.023,98.88,99,0.601,0.015,1.257,0.019
618,1122.84,1925.06,17.605,0.027,1.154,0.048,98.88,99,0.66,0.033,1.297,0.039
619,117.734,603.516,17.606,0.019,2.382,0.073,98.88,99,1.476,0.022,2.987,0.023
620,785.051,452.398,17.607,0.029,1.116,0.043,98.88,99,0.711,0.041,1.399,0.055
621,1678.66,1742.53,17.61,0.014,0.971,0.025,98.88,99,0.679,0.018,1.289,0.024
622,1261.53,975.448,17.62,0.016,1.105,0.028,98.88,99,0.741,0.019,1.478,0.023
623,1715.06,997.56,17.625,0.015,1.058,0.027,98.88,99,0.655,0.018,1.259,0.022
624,1840.84,1877.02,17.634,0.017,1.069,0.028,98.88,99,0.703,0.02,1.263,0.024
625,1108.83,1264.64,17.635,0.015,1.227,0.028,98.88,99,0.755,0.018,1.537,0.02
627,641.35,852.049,17.645,0.02,1.079,0.033,98.88,99,0.625,0.022,1.264,0.027
626,1681.66,345.94,17.645,0.017,1.078,0.032,98.88,99,0.661,0.021,1.333,0.024
629,1207.74,898.222,17.651,0.018,1.956,0.049,98.88,99,1.159,0.02,2.325,0.022
628,1313.39,234.763,17.651,0.017,2.265,0.061,98.88,99,1.333,0.019,2.671,0.022
630,1481.12,1423.64,17.653,0.01,1.107,0.024,98.88,99,0.709,0.015,1.442,0.017
631,594.683,1491.79,17.654,0.011,1.117,0.023,98.88,99,0.702,0.013,1.511,0.018
633,1096.87,599.289,17.656,0.017,1.084,0.031,98.88,99,0.696,0.02,1.425,0.024
632,2018.37,830.73,17.656,0.022,0.912,0.049,98.88,99,0.965,0.028,1.93,0.029
634,1237.92,316.089,17.657,0.016,1.113,0.028,98.88,99,0.697,0.021,1.413,0.024
635,1640.77,1400.82,17.658,0.023,1.065,0.038,98.88,99,0.623,0.025,1.355,0.029
636,1612.73,1529.7,17.66,0.014,1.017,0.024,98.88,99,0.627,0.017,1.307,0.019
637,1951.26,1901.8,17.663,0.014,0.284,0.027,98.88,99,0.701,0.016,1.385,0.021
638,667.978,1796.93,17.666,0.015,1.082,0.025,98.88,99,0.65,0.017,1.38,0.021
639,330.489,1463.46,17.669,0.014,1.108,0.026,98.88,99,0.645,0.017,1.312,0.022
640,1293.79,128.195,17.674,0.017,1.403,0.037,98.88,99,0.852,0.02,1.613,0.026
641,869.162,373.377,17.675,0.017,1.272,0.034,98.88,99,0.723,0.021,1.401,0.026
643,714.605,891.385,17.679,0.017,1.225,0.033,98.88,99,0.718,0.02,1.38,0.024
644,874.439,104.205,17.681,0.013,1.048,0.028,98.88,99,0.567,0.017,1.244,0.025
645,1496.31,1282.22,17.682,0.014,1.262,0.029,98.88,99,0.795,0.016,1.614,0.02
646,264.803,1241.58,17.685,0.017,2.138,0.052,98.88,99,1.221,0.018,2.496,0.02
647,1480.51,372.247,17.687,0.017,0.853,0.028,98.88,99,0.524,0.022,1.125,0.026
648,1279.75,906.797,17.689,0.019,1.06,0.032,98.88,99,0.664,0.024,1.346,0.027
649,1084.26,1404.03,17.69,0.015,1.05,0.025,98.88,99,0.67,0.017,1.355,0.021
650,1118.29,982.841,17.69,0.016,1.032,0.03,98.88,99,0.591,0.02,1.225,0.024
651,1190.1,1779.67,17.692,0.015,2.041,0.045,98.88,99,1.2,0.016,2.398,0.019
652,851.119,286.759,17.692,0.016,1.278,0.034,98.88,99,0.75,0.02,1.539,0.023
653,1650.65,1035.62,17.695,0.014,0.957,0.023,98.88,99,0.605,0.019,1.204,0.022
654,648.455,540.438,17.698,0.017,1.032,0.036,98.88,99,0.643,0.02,1.28,0.026
655,1366.87,1497.77,17.701,0.013,1.272,0.03,98.88,99,0.812,0.016,1.589,0.02
656,727.712,1226.58,17.702,0.013,1.076,0.025,98.88,99,0.64,0.015,1.353,0.019
657,1728.59,525.423,17.704,0.02,1.044,0.034,98.88,99,0.642,0.025,1.35,0.027
659,1749.84,1585.36,17.717,0.016,1.078,0.03,98.88,99,0.657,0.02,1.328,0.023
660,1390.47,445.824,17.718,0.015,1.955,0.057,98.88,99,1.127,0.018,2.224,0.019
661,291.697,461.98,17.718,0.017,1.085,0.036,98.88,99,0.651,0.02,1.339,0.026
662,1208.18,137.831,17.721,0.018,1.173,0.034,98.88,99,0.684,0.022,1.367,0.025
664,689.47,1295.14,17.73,0.015,1.13,0.027,98.88,99,0.7,0.016,1.454,0.02
663,345.167,1013.85,17.73,0.014,1.374,0.032,98.88,99,0.846,0.017,1.795,0.021
666,1336.22,1645.65,17.733,0.016,1.397,0.035,98.88,99,0.848,0.018,1.624,0.022
665,1294.2,1794.57,17.733,0.015,1.837,0.04,98.88,99,1.114,0.016,2.228,0.019
667,1863.6,941.24,17.734,0.016,0.942,0.034,98.88,99,0.565,0.021,1.182,0.025
668,1369.37,1199.63,17.735,0.021,0.719,0.05,98.88,99,0.721,0.024,1.455,0.028
669,985.732,1729.06,17.736,0.014,0.966,0.027,98.88,99,0.619,0.016,1.238,0.022
670,839.972,773.22,17.747,0.013,1.095,0.029,98.88,99,0.702,0.017,1.385,0.023
671,1624.96,1645.2,17.747,0.016,0.96,0.028,98.88,99,0.671,0.019,1.278,0.024
672,413.844,360.333,17.75,0.016,1.061,0.029,98.88,99,0.579,0.02,1.16,0.024
673,1118.96,1299.73,17.752,0.015,1.179,0.028,98.88,99,0.683,0.018,1.437,0.022
674,1478.21,1066.86,17.753,0.015,1.292,0.032,98.88,99,0.794,0.018,1.596,0.019
675,1387.86,334.248,17.757,0.015,1.065,0.035,98.88,99,0.623,0.02,1.269,0.023
676,173.129,1771.82,17.761,0.015,1.15,0.029,98.88,99,0.74,0.019,1.529,0.022
677,751.279,1272.71,17.763,0.016,1.426,0.034,98.88,99,0.873,0.018,1.756,0.02
678,830.416,1278.04,17.765,0.015,1.076,0.027,98.88,99,0.671,0.017,1.286,0.022
679,1044.14,1261.22,17.767,0.015,1.124,0.031,98.88,99,0.726,0.018,1.484,0.02
680,468.607,1272.84,17.77,0.017,1.505,0.037,98.88,99,0.955,0.019,1.958,0.021
681,1727.22,151.237,17.77,0.019,1.229,0.035,98.88,99,0.73,0.023,1.486,0.025
682,1968.06,1680.78,17.773,0.017,1.345,0.036,98.88,99,0.801,0.019,1.585,0.023
684,726.759,1688.66,17.774,0.017,0.98,0.031,98.88,99,0.579,0.02,1.132,0.029
683,1848.74,1458.12,17.774,0.015,1.143,0.029,98.88,99,0.725,0.018,1.449,0.022
686,721.279,921.439,17.779,0.017,1.191,0.034,98.88,99,0.704,0.02,1.497,0.024
687,1767.78,670.787,17.78,0.02,1.161,0.04,98.88,99,0.695,0.03,1.358,0.038
689,526.442,406.313,17.784,0.018,1.077,0.039,98.88,99,0.638,0.02,1.226,0.026
690,72.555,1319.28,17.786,0.017,1.285,0.035,98.88,99,0.764,0.02,1.646,0.022
691,1245.65,1193.85,17.794,0.015,2.119,0.061,98.88,99,1.23,0.017,2.413,0.019
692,841.62,1534.86,17.802,0.013,1.031,0.026,98.88,99,0.688,0.016,1.262,0.021
693,881.144,1678.42,17.802,0.016,0.99,0.029,98.88,99,0.574,0.019,1.28,0.025
694,1147.61,1411.32,17.803,0.015,1.293,0.033,98.88,99,0.781,0.017,1.484,0.022
695,650.615,1368.22,17.803,0.017,1.074,0.03,98.88,99,0.633,0.019,1.337,0.023
696,351.915,811.652,17.807,0.017,1.131,0.029,98.88,99,0.663,0.022,1.291,0.027
698,785.628,62.933,17.811,0.018,1.312,0.039,98.88,99,0.749,0.023,1.519,0.025
700,817.314,1548.48,17.812,0.012,1.167,0.027,98.88,99,0.673,0.015,1.389,0.019
701,816.96,1684.2,17.815,0.017,1.164,0.031,98.88,99,0.707,0.019,1.466,0.026
704,888.64,1725.15,17.817,0.013,1.054,0.029,98.88,99,0.805,0.03,1.423,0.021
703,797.336,682.659,17.817,0.017,1.251,0.038,98.88,99,0.72,0.022,1.389,0.024
702,1902.29,1642.14,17.817,0.015,1.127,0.031,98.88,99,0.73,0.017,1.507,0.022
705,809.437,138.413,17.82,0.015,1.083,0.033,98.88,99,0.653,0.02,1.299,0.026
706,322.29,887.407,17.822,0.021,1.227,0.039,98.88,99,0.734,0.024,1.53,0.028
707,974.227,1379.84,17.827,0.013,1.179,0.029,98.88,99,0.708,0.016,1.462,0.019
708,625.818,1415.65,17.827,0.015,1.037,0.029,98.88,99,0.603,0.018,1.224,0.023
709,560.19,588.387,17.828,0.019,1.205,0.037,98.88,99,0.684,0.022,1.463,0.026
710,508.825,1864.55,17.837,0.019,1.204,0.065,98.88,99,0.764,0.022,1.468,0.026
713,1143.97,1799.71,17.838,0.021,1.07,0.036,98.88,99,0.656,0.028,1.269,0.036
712,604.385,1000.61,17.838,0.015,1.174,0.033,98.88,99,0.733,0.018,1.565,0.021
714,1358.08,928.667,17.839,0.02,0.96,0.04,98.88,99,0.609,0.025,1.226,0.028
715,1248.47,1635.87,17.84,0.015,0.974,0.027,98.88,99,0.582,0.019,1.114,0.022
883,1080.01,1322.51,18.208,0.019,1.028,0.04,98.88,99,0.654,0.023,1.295,0.027
717,1193.7,1562.3,17.845,0.058,1.011,0.083,98.88,99,0.537,0.079,1.182,0.1
718,103.446,1482.55,17.855,0.016,1.176,0.031,98.88,99,0.702,0.02,1.48,0.022
720,961.246,998.391,17.857,0.014,0.963,0.03,98.88,99,0.61,0.017,1.288,0.021
721,709.831,1509.42,17.859,0.016,1.084,0.032,98.88,99,0.668,0.019,1.332,0.023
722,779.39,760.665,17.859,0.02,0.978,0.039,98.88,99,0.633,0.025,1.243,0.028
723,1601.01,1899.07,17.861,0.017,0.973,0.029,98.88,99,0.586,0.02,1.22,0.026
724,1775.8,34.773,17.863,0.021,1.199,0.042,98.88,99,0.66,0.026,1.394,0.028
726,1221.97,1304.04,17.864,0.015,1.037,0.033,98.88,99,0.649,0.018,1.268,0.023
727,211.508,306.594,17.877,0.019,2.338,0.072,98.88,99,1.339,0.021,2.714,0.024
1145,81.748,423.445,18.843,0.041,1.588,0.122,98.88,99,0.999,0.043,2.076,0.05
730,1395.89,1048.65,17.884,0.016,1.22,0.033,98.88,99,0.743,0.019,1.528,0.023
731,812.759,1276.85,17.891,0.015,1.566,0.039,98.88,99,0.99,0.017,2.101,0.019
732,1477.57,996.984,17.891,0.017,1.057,0.031,98.88,99,0.652,0.021,1.261,0.026
733,813.616,1436.05,17.892,0.014,1.196,0.036,98.88,99,0.702,0.017,1.362,0.02
734,265.568,1209.42,17.894,0.016,1.282,0.034,98.88,99,0.756,0.019,1.602,0.021
736,1224.84,809.491,17.896,0.016,1.059,0.032,98.88,99,0.662,0.02,1.309,0.026
737,1990.64,1592.16,17.897,0.018,1.162,0.035,98.88,99,0.744,0.022,1.428,0.025
738,1132.54,1203.56,17.902,0.014,1.003,0.031,98.88,99,0.618,0.017,1.326,0.022
739,1304.71,957.046,17.903,0.016,1.194,0.04,98.88,99,0.761,0.02,1.469,0.025
740,821.208,631.813,17.906,0.016,1.22,0.035,98.88,99,0.71,0.021,1.486,0.026
741,1619.27,1195.48,17.907,0.015,1.933,0.053,98.88,99,1.151,0.017,2.265,0.019
743,1634.21,1030.8,17.912,0.016,0.911,0.03,98.88,99,0.566,0.021,1.151,0.026
742,625.023,891.535,17.912,0.022,1.154,0.041,98.88,99,0.716,0.025,1.345,0.029
744,2008.54,692.115,17.913,0.02,1.406,0.075,98.88,99,1.222,0.023,2.436,0.025
745,1680.69,1022.11,17.919,0.015,0.887,0.027,98.88,99,0.554,0.019,1.184,0.026
746,903.81,1240.5,17.921,0.014,1.094,0.03,98.88,99,0.641,0.017,1.328,0.021
747,690.513,1341.02,17.924,0.016,1.121,0.029,98.88,99,0.723,0.019,1.483,0.023
748,2026.7,92.189,17.927,0.025,0.384,0.072,98.88,99,1.072,0.027,2.273,0.033
749,689.541,401.141,17.931,0.017,1.049,0.04,98.88,99,0.648,0.02,1.366,0.028
750,1676.7,247.326,17.939,0.019,0.989,0.035,98.88,99,0.564,0.024,1.22,0.028
752,1418.21,1548.72,17.947,0.018,1.07,0.033,98.88,99,0.646,0.02,1.316,0.026
753,1879.37,1951.52,17.949,0.017,0.596,0.036,98.88,99,0.715,0.02,1.341,0.026
754,1815.15,917.803,17.951,0.019,1.241,0.045,98.88,99,0.753,0.022,1.45,0.028
758,1306.34,1100.82,17.958,0.016,1.051,0.03,98.88,99,0.628,0.021,1.287,0.024
757,581.625,181.182,17.958,0.02,1.517,0.047,98.88,99,0.871,0.023,1.81,0.027
759,1323.07,1625.45,17.96,0.015,1.133,0.033,98.88,99,0.669,0.018,1.386,0.023
760,1496.74,288.16,17.96,0.022,1.056,0.038,98.88,99,0.644,0.025,1.321,0.029
761,954.022,985.024,17.961,0.045,1.059,0.063,98.88,99,0.594,0.051,1.248,0.065
762,1256,1747.86,17.962,0.017,0.963,0.035,98.88,99,0.625,0.02,1.287,0.026
763,689.679,1405.41,17.965,0.017,1.082,0.034,98.88,99,0.645,0.019,1.288,0.023
765,488.589,1470.3,17.966,0.017,1.026,0.032,98.88,99,0.676,0.02,1.351,0.023
764,1648.79,1959.09,17.966,0.028,1.288,0.052,98.88,99,0.757,0.029,1.605,0.033
767,935.673,928.367,17.971,0.02,1.141,0.04,98.88,99,0.701,0.023,1.449,0.028
766,1350.4,1814.32,17.971,0.018,1.107,0.032,98.88,99,0.729,0.02,1.508,0.026
769,1011.56,1136.24,17.972,0.02,1.171,0.038,98.88,99,0.61,0.023,1.326,0.026
768,60.144,218.855,17.972,0.021,1.376,0.049,98.88,99,0.764,0.025,1.664,0.027
770,1298.88,1493.65,17.974,0.018,1.115,0.035,98.88,99,0.735,0.021,1.424,0.024
771,567.314,1541.53,17.978,0.016,1.126,0.033,98.88,99,0.707,0.019,1.473,0.025
774,1766.08,768.293,17.985,0.022,1.136,0.047,98.88,99,0.687,0.027,1.321,0.03
775,1808.64,262.501,17.991,0.023,1.183,0.045,98.88,99,0.674,0.03,1.428,0.039
776,1224.71,1003.31,17.992,0.017,1,0.03,98.88,99,0.594,0.019,1.286,0.026
777,740.791,1059.3,17.994,0.019,2.148,0.064,98.88,99,1.256,0.02,2.525,0.022
778,1139.47,357.842,17.994,0.019,1.288,0.044,98.88,99,0.795,0.025,1.625,0.026
779,1211.24,723.41,18,0.021,1.262,0.042,98.88,99,0.768,0.025,1.494,0.03
780,1631.23,784.673,18,0.022,0.95,0.037,98.88,99,0.545,0.028,1.113,0.036
781,1072.98,327.088,18.002,0.023,1.074,0.048,98.88,99,0.675,0.026,1.357,0.031
782,801.932,981.578,18.004,0.019,1.176,0.05,98.88,99,0.723,0.024,1.46,0.027
783,1630.82,1414.92,18.004,0.018,1.043,0.033,98.88,99,0.672,0.021,1.377,0.024
785,1336.78,1805.79,18.007,0.021,1.097,0.036,98.88,99,0.702,0.024,1.361,0.032
784,158.098,1061.38,18.007,0.017,1.155,0.037,98.88,99,0.669,0.02,1.423,0.026
786,1068.73,975.249,18.009,0.025,1.252,0.054,98.88,99,0.772,0.026,1.571,0.03
787,1477.13,1285.78,18.01,0.017,1.194,0.032,98.88,99,0.699,0.02,1.489,0.026
788,1426.24,1357.47,18.014,0.015,1.147,0.034,98.88,99,0.744,0.019,1.517,0.022
789,1949.01,271.684,18.017,0.025,1.242,0.044,98.88,99,0.691,0.029,1.439,0.034
790,588.369,346.376,18.018,0.02,1.272,0.043,98.88,99,0.739,0.025,1.556,0.029
791,1460.1,824.868,18.021,0.019,1.204,0.039,98.88,99,0.73,0.022,1.482,0.027
792,1116.93,1817,18.023,0.018,1.114,0.033,98.88,99,0.679,0.021,1.362,0.026
793,1001.14,60.923,18.024,0.022,1.198,0.046,98.88,99,0.732,0.026,1.51,0.03
794,1881.11,1653.62,18.025,0.02,1.911,0.064,98.88,99,1.113,0.022,2.242,0.024
795,1771.06,1198.61,18.027,0.018,1,0.039,98.88,99,0.652,0.024,1.356,0.025
796,1083.93,662.999,18.03,0.022,1.894,0.079,98.88,99,1.084,0.026,2.143,0.028
797,1990.46,1252.1,18.031,0.019,1.083,0.041,98.88,99,0.635,0.023,1.224,0.027
798,1431.27,1330.26,18.033,0.018,1.276,0.037,98.88,99,0.748,0.021,1.571,0.026
799,1508.49,645.792,18.038,0.022,2.029,0.069,98.88,99,1.189,0.024,2.394,0.027
800,429.141,202.745,18.039,0.02,1.222,0.043,98.88,99,0.683,0.025,1.327,0.029
801,1318.7,1255.31,18.041,0.021,1.065,0.039,98.88,99,0.686,0.024,1.427,0.029
803,1484.93,595.771,18.043,0.021,1.107,0.038,98.88,99,0.67,0.025,1.338,0.032
802,1953.82,859.74,18.043,0.023,1.173,0.046,98.88,99,0.698,0.027,1.414,0.036
804,1226.83,1589.39,18.044,0.038,1.105,0.058,98.88,99,0.684,0.053,1.352,0.061
805,1889.95,767.866,18.046,0.023,1.048,0.047,98.88,99,0.664,0.026,1.338,0.034
807,1278.37,107.599,18.048,0.022,1.087,0.049,98.88,99,0.656,0.027,1.371,0.033
808,1403.78,954.435,18.049,0.02,1.15,0.041,98.88,99,0.701,0.023,1.377,0.029
809,1411.21,1249.78,18.064,0.016,2.22,0.079,98.88,99,1.308,0.018,2.608,0.02
810,1670.77,1007.29,18.066,0.02,1.037,0.036,98.88,99,0.639,0.023,1.277,0.03
811,280.391,871.532,18.067,0.02,1.173,0.047,98.88,99,0.749,0.024,1.484,0.027
813,708.495,365.775,18.074,0.021,1.101,0.044,98.88,99,0.698,0.025,1.382,0.032
814,1241.33,1921.74,18.078,0.02,0.9,0.04,98.88,99,0.596,0.023,1.18,0.032
816,520.688,398.575,18.089,0.025,1.192,0.048,98.88,99,0.685,0.027,1.414,0.032
819,922.288,1326.57,18.093,0.019,1.29,0.046,98.88,99,0.751,0.022,1.51,0.026
817,1122.61,1524.89,18.093,0.018,1.433,0.046,98.88,99,0.885,0.021,1.809,0.023
818,687.427,821.771,18.093,0.019,1.34,0.052,98.88,99,0.89,0.022,1.845,0.027
821,584.819,885.247,18.094,0.019,1.259,0.04,98.88,99,0.786,0.023,1.63,0.025
820,1905.91,1110.05,18.094,0.02,2.001,0.066,98.88,99,1.146,0.023,2.323,0.025
823,88.531,1547.1,18.097,0.02,1.566,0.048,98.88,99,0.852,0.022,1.831,0.027
824,1027.81,700.61,18.098,0.023,1.234,0.047,98.88,99,0.734,0.026,1.493,0.03
826,1418.42,1132.09,18.099,0.022,1.113,0.039,98.88,99,0.768,0.025,1.533,0.029
825,1858.43,1222.66,18.099,0.02,1.93,0.064,98.88,99,1.171,0.021,2.326,0.024
827,537.243,1151.28,18.102,0.017,1.259,0.036,98.88,99,0.763,0.021,1.606,0.025
828,347.235,671.212,18.103,0.021,1.211,0.041,98.88,99,0.657,0.025,1.337,0.032
830,1081.14,1227.8,18.106,0.021,1.164,0.044,98.88,99,0.728,0.024,1.364,0.029
829,1251.87,1220.19,18.106,0.019,1.131,0.042,98.88,99,0.709,0.022,1.41,0.028
831,1224.16,620.036,18.106,0.025,1.201,0.044,98.88,99,0.706,0.027,1.368,0.032
833,419.135,1266.56,18.108,0.018,1.268,0.035,98.88,99,0.773,0.022,1.696,0.029
832,1087.92,179.358,18.108,0.022,1.392,0.052,98.88,99,0.876,0.027,1.782,0.03
834,949.687,531.046,18.111,0.023,1.286,0.046,98.88,99,0.806,0.026,1.638,0.029
836,696.922,1127.28,18.116,0.019,1.122,0.038,98.88,99,0.668,0.021,1.422,0.027
837,1185.92,1517.69,18.118,0.021,1.019,0.036,98.88,99,0.615,0.024,1.327,0.03
838,1420.78,46.416,18.123,0.022,1.317,0.049,98.88,99,0.739,0.025,1.381,0.032
839,477.743,395.83,18.125,0.019,1.375,0.052,98.88,99,0.797,0.024,1.679,0.03
840,540.492,1178.33,18.127,0.018,1.211,0.04,98.88,99,0.803,0.021,1.637,0.024
841,1828.48,862.496,18.127,0.02,1.082,0.044,98.88,99,0.717,0.025,1.301,0.03
842,1485.57,360.694,18.128,0.025,1.046,0.042,98.88,99,0.639,0.028,1.337,0.037
843,1056.92,1255.57,18.131,0.018,1.314,0.04,98.88,99,0.746,0.022,1.564,0.026
844,1528.83,1248.78,18.133,0.019,2.074,0.062,98.88,99,1.297,0.02,2.552,0.023
845,1262.31,1538.51,18.137,0.017,1.016,0.036,98.88,99,0.633,0.02,1.295,0.029
846,882.336,281.191,18.139,0.023,1.533,0.051,98.88,99,0.938,0.026,1.908,0.03
847,190.726,434.108,18.139,0.022,1.07,0.044,98.88,99,0.632,0.028,1.309,0.031
849,1190.07,1421.6,18.144,0.035,1.27,0.054,98.88,99,0.736,0.045,1.516,0.057
848,1233.55,555.757,18.144,0.026,1.138,0.045,98.88,99,0.727,0.029,1.419,0.036
851,1345.37,417.273,18.145,0.023,1.032,0.047,98.88,99,0.634,0.026,1.288,0.031
850,1870.92,570.143,18.145,0.021,1.021,0.045,98.88,99,0.712,0.026,1.454,0.031
853,806.445,1736.64,18.149,0.02,1.059,0.036,98.88,99,0.68,0.023,1.285,0.03
855,1326.35,1326.88,18.151,0.025,0.982,0.062,98.88,99,0.802,0.036,1.42,0.034
856,2003.94,1270.81,18.152,0.019,0.968,0.038,98.88,99,0.679,0.023,1.402,0.025
858,1332.92,330.798,18.152,0.025,1.174,0.048,98.88,99,0.702,0.028,1.368,0.031
857,1949.07,698.421,18.152,0.032,1.209,0.047,98.88,99,0.734,0.034,1.467,0.041
859,1160.85,1202.09,18.153,0.018,1.125,0.045,98.88,99,0.791,0.021,1.558,0.025
860,1191.27,1682.33,18.154,0.02,1.212,0.041,98.88,99,0.725,0.023,1.426,0.026
861,1603.27,1350.98,18.156,0.019,1.082,0.038,98.88,99,0.744,0.022,1.442,0.028
862,917.497,1281.23,18.159,0.02,1.285,0.042,98.88,99,0.807,0.026,1.806,0.041
863,498.643,316.993,18.159,0.027,1.398,0.049,98.88,99,0.803,0.036,1.643,0.045
864,269.649,1827.48,18.161,0.022,1.156,0.043,98.88,99,0.681,0.027,1.426,0.03
865,627.386,740.138,18.167,0.028,1.3,0.055,98.88,99,0.782,0.03,1.582,0.035
866,1921.51,1355.76,18.172,0.02,1.32,0.047,98.88,99,0.815,0.023,1.593,0.028
867,1452.04,841.336,18.174,0.026,1.21,0.053,98.88,99,0.69,0.035,1.473,0.044
869,988.501,1226.84,18.182,0.02,1.08,0.041,98.88,99,0.682,0.023,1.411,0.027
868,1039.12,283.788,18.182,0.026,1.088,0.049,98.88,99,0.69,0.028,1.408,0.033
871,1056.97,1565.33,18.184,0.03,1.159,0.05,98.88,99,0.658,0.037,1.391,0.049
870,836.368,563.842,18.184,0.019,1.191,0.041,98.88,99,0.784,0.023,1.532,0.029
946,1040.58,1768.48,18.345,0.022,1.174,0.045,98.88,99,0.733,0.026,1.442,0.031
872,1262.44,33.342,18.187,0.022,1.069,0.042,98.88,99,0.671,0.026,1.38,0.033
874,1395.09,431.326,18.188,0.025,1.367,0.058,98.88,99,0.791,0.027,1.634,0.033
875,838.806,342.021,18.194,0.021,1.491,0.054,98.88,99,0.794,0.024,1.713,0.028
876,2005.74,256.495,18.197,0.026,0.896,0.074,98.88,99,0.935,0.03,1.933,0.033
877,694.396,1265.82,18.198,0.022,1.29,0.045,98.88,99,0.724,0.024,1.488,0.028
878,117.245,1588.26,18.199,0.023,1.402,0.048,98.88,99,0.754,0.026,1.607,0.031
879,1276.69,1214.06,18.204,0.025,1.208,0.046,98.88,99,0.755,0.028,1.531,0.031
880,1034.07,1594.25,18.204,0.023,1.019,0.04,98.88,99,0.621,0.027,1.297,0.033
882,1505.58,1130.07,18.206,0.02,1.104,0.036,98.88,99,0.663,0.022,1.318,0.031
884,856.981,1306.3,18.212,0.022,1.247,0.043,98.88,99,0.785,0.028,1.545,0.033
885,1049,793.019,18.214,0.026,1.116,0.047,98.88,99,0.741,0.028,1.522,0.033
886,1516.88,741.624,18.216,0.027,0.953,0.045,98.88,99,0.578,0.031,1.233,0.042
888,1275.33,1245.6,18.23,0.021,1.563,0.053,98.88,99,0.885,0.023,1.759,0.026
889,1881.21,328.409,18.231,0.028,1.194,0.058,98.88,99,0.728,0.031,1.515,0.036
890,699.853,1577.46,18.232,0.021,1.246,0.046,98.88,99,0.812,0.024,1.602,0.03
891,549.549,1390.51,18.237,0.021,1.21,0.046,98.88,99,0.768,0.024,1.417,0.03
892,842.955,1402.61,18.239,0.022,1.012,0.041,98.88,99,0.64,0.026,1.288,0.031
893,68.467,447.712,18.24,0.032,1.214,0.06,98.88,99,0.695,0.035,1.509,0.041
894,1165.18,1339.28,18.242,0.02,1.107,0.041,98.88,99,0.72,0.024,1.42,0.029
895,1527.94,1493.47,18.245,0.021,1.282,0.041,98.88,99,0.824,0.024,1.608,0.029
896,1439.44,284.533,18.245,0.026,1.051,0.048,98.88,99,0.632,0.029,1.314,0.034
897,1057.26,1155.19,18.247,0.023,1.144,0.048,98.88,99,0.702,0.026,1.395,0.035
900,800.288,1403.82,18.252,0.02,1.051,0.043,98.88,99,0.669,0.023,1.353,0.029
899,576.353,1165.07,18.252,0.022,1.297,0.048,98.88,99,0.771,0.024,1.539,0.033
898,1940.56,1636.14,18.252,0.022,1.91,0.078,98.88,99,1.148,0.024,2.295,0.027
901,1410.96,1136.58,18.256,0.023,1.171,0.046,98.88,99,0.725,0.026,1.475,0.032
902,1048.87,402.024,18.257,0.027,1.577,0.062,98.88,99,0.984,0.029,1.91,0.034
903,1393.86,1460.31,18.259,0.019,1.266,0.044,98.88,99,0.687,0.024,1.457,0.028
904,1088.32,866.791,18.259,0.027,1.118,0.059,98.88,99,0.65,0.033,1.296,0.04
905,1192.01,1595.67,18.261,0.02,1.094,0.039,98.88,99,0.682,0.024,1.329,0.031
906,1412.32,990.375,18.267,0.018,1.031,0.044,98.88,99,0.602,0.026,1.377,0.032
907,1375.67,803.26,18.275,0.027,1.33,0.066,98.88,99,0.872,0.03,1.774,0.034
908,1256.77,590.337,18.275,0.029,1.329,0.051,98.88,99,0.771,0.031,1.504,0.035
910,1392.15,1186.45,18.276,0.026,1.072,0.042,98.88,99,0.712,0.028,1.453,0.033
911,1682.01,1806.53,18.276,0.028,1.022,0.041,98.88,99,0.624,0.03,1.205,0.037
909,695.532,143.587,18.276,0.028,1.427,0.066,98.88,99,0.846,0.031,1.823,0.035
912,1937.22,1784.12,18.278,0.025,1.2,0.049,98.88,99,0.741,0.029,1.444,0.034
913,121.107,1274.83,18.279,0.022,1.118,0.042,98.88,99,0.654,0.026,1.304,0.033
914,1848.65,714.733,18.283,0.033,1.118,0.067,98.88,99,0.666,0.035,1.479,0.043
915,918.611,1793.62,18.285,0.027,1.221,0.048,98.88,99,0.794,0.033,1.609,0.039
916,757.62,1415.39,18.287,0.02,1.121,0.04,98.88,99,0.669,0.022,1.386,0.03
917,864.788,126.743,18.287,0.028,1.199,0.055,98.88,99,0.667,0.031,1.403,0.04
918,669.627,516.293,18.289,0.028,1,0.057,98.88,99,0.669,0.032,1.37,0.038
919,952.68,493.144,18.29,0.03,1.327,0.066,98.88,99,0.824,0.042,1.591,0.051
920,823.643,231.888,18.291,0.02,1.094,0.048,98.88,99,0.715,0.026,1.424,0.031
921,561.923,187.812,18.293,0.026,1.244,0.047,98.88,99,0.787,0.029,1.61,0.033
922,1473.2,2000.58,18.294,0.025,0.996,0.045,98.88,99,0.657,0.03,1.311,0.037
924,185.305,469.331,18.296,0.027,1.18,0.051,98.88,99,0.677,0.032,1.355,0.039
926,1380.81,1669.19,18.3,0.02,1.162,0.045,98.88,99,0.723,0.025,1.384,0.029
925,1600.79,165.416,18.3,0.027,1.22,0.05,98.88,99,0.753,0.03,1.601,0.035
927,911.444,1038.07,18.302,0.023,1.182,0.048,98.88,99,0.735,0.029,1.416,0.04
928,1307.7,111.697,18.303,0.026,1.503,0.065,98.88,99,0.885,0.029,1.786,0.033
929,621.013,1229.51,18.309,0.062,1.3,0.08,98.88,99,0.608,0.062,1.314,0.071
931,1057.37,466.285,18.313,0.033,1.285,0.066,98.88,99,0.79,0.036,1.63,0.039
932,993.489,1346.17,18.317,0.026,1.198,0.049,98.88,99,0.737,0.028,1.508,0.033
933,1141.29,1164.57,18.318,0.025,1.057,0.044,98.88,99,0.612,0.027,1.371,0.032
934,1366.06,1133.14,18.324,0.018,1.2,0.041,98.88,99,0.713,0.023,1.381,0.029
935,1872.15,804.399,18.326,0.028,1.135,0.058,98.88,99,0.713,0.032,1.359,0.038
936,213.351,355.868,18.326,0.039,1.194,0.088,98.88,99,0.725,0.054,1.477,0.063
938,412.941,523.239,18.329,0.029,1.283,0.062,98.88,99,0.684,0.031,1.418,0.038
939,650.251,1734.17,18.33,0.022,1.073,0.045,98.88,99,0.655,0.027,1.369,0.031
940,355.194,217.153,18.332,0.028,1.165,0.052,98.88,99,0.725,0.032,1.491,0.036
941,800.488,632.12,18.339,0.025,1.312,0.061,98.88,99,0.778,0.029,1.564,0.035
942,1986.45,832.264,18.341,0.029,1.222,0.058,98.88,99,0.817,0.033,1.587,0.038
943,1566.87,28.71,18.342,0.025,1.577,0.07,98.88,99,0.905,0.031,1.851,0.034
944,411.357,1100.68,18.344,0.023,1.478,0.063,98.88,99,0.891,0.025,1.875,0.029
945,1695.7,1229.79,18.345,0.023,1.292,0.05,98.88,99,0.771,0.027,1.607,0.032
947,644.518,942.881,18.346,0.029,1.222,0.057,98.88,99,0.752,0.033,1.537,0.04
948,835.49,204.385,18.351,0.027,1.433,0.069,98.88,99,0.943,0.047,1.675,0.039
949,1852.63,189.355,18.352,0.03,1.09,0.057,98.88,99,0.701,0.034,1.497,0.039
950,1242.53,106.051,18.355,0.028,1.51,0.061,98.88,99,0.872,0.03,1.891,0.034
951,213.632,113.336,18.359,0.028,1.416,0.056,98.88,99,0.822,0.03,1.814,0.036
953,759.48,1324.78,18.364,0.023,1.119,0.049,98.88,99,0.673,0.026,1.421,0.032
956,310.177,645.051,18.366,0.025,1.374,0.057,98.88,99,0.738,0.028,1.521,0.035
955,902.735,129.814,18.366,0.033,1.355,0.064,98.88,99,0.786,0.035,1.667,0.039
957,1965.55,966.822,18.368,0.037,1.16,0.066,98.88,99,0.653,0.04,1.274,0.049
961,1329.7,683.219,18.371,0.023,1.054,0.051,98.88,99,0.693,0.027,1.352,0.036
959,1477.89,598.534,18.371,0.029,1.258,0.059,98.88,99,0.793,0.032,1.464,0.039
962,1573.48,256.387,18.375,0.03,1.358,0.063,98.88,99,0.766,0.036,1.536,0.038
964,1580.46,988.97,18.377,0.019,0.983,0.047,98.88,99,0.625,0.026,1.299,0.033
963,1512.08,896.602,18.377,0.028,1.028,0.049,98.88,99,0.614,0.031,1.319,0.039
965,1716.44,450.762,18.381,0.032,1.06,0.065,98.88,99,0.679,0.035,1.339,0.042
966,454.831,1293.66,18.382,0.023,1.32,0.058,98.88,99,0.869,0.026,1.745,0.031
967,857.737,800.525,18.383,0.026,1.428,0.064,98.88,99,0.878,0.029,1.808,0.033
968,1022.89,1686.37,18.384,0.022,1.074,0.042,98.88,99,0.665,0.027,1.3,0.031
970,1427.09,734.163,18.388,0.028,1.047,0.054,98.88,99,0.682,0.031,1.329,0.038
971,831.588,792.398,18.39,0.022,1.058,0.049,98.88,99,0.65,0.028,1.294,0.037
973,1192.07,1385.66,18.391,0.027,1.128,0.049,98.88,99,0.666,0.029,1.304,0.036
972,509.767,529.531,18.391,0.025,1.366,0.061,98.88,99,0.801,0.028,1.649,0.033
975,1644.18,183.025,18.392,0.025,0.983,0.05,98.88,99,0.625,0.031,1.249,0.04
977,698.754,1417.2,18.404,0.032,0.968,0.051,98.88,99,0.66,0.034,1.429,0.044
978,779.1,2004.82,18.408,0.025,1.375,0.057,98.88,99,0.819,0.027,1.706,0.032
979,1824.13,797.864,18.408,0.028,1.15,0.06,98.88,99,0.684,0.031,1.43,0.041
980,1508.33,798.674,18.414,0.034,1.174,0.063,98.88,99,0.674,0.036,1.326,0.048
982,1299.67,1441.49,18.416,0.027,1.36,0.056,98.88,99,0.81,0.029,1.668,0.035
983,1618.75,1454.35,18.417,0.023,1.117,0.047,98.88,99,0.695,0.027,1.441,0.033
985,656.524,1995.42,18.418,0.029,0.809,0.056,98.88,99,99,99,99,99
986,214.624,934.68,18.42,0.032,1.61,0.071,98.88,99,0.999,0.035,2.051,0.04
987,504.806,225.038,18.422,0.027,1.397,0.071,98.88,99,0.887,0.031,1.771,0.035
988,497.849,1987.57,18.423,0.026,1.512,0.064,98.88,99,0.873,0.028,1.922,0.034
989,1061.82,1431.82,18.428,0.025,1.183,0.059,98.88,99,0.701,0.028,1.485,0.035
990,1249.45,1897.98,18.431,0.028,1.138,0.056,98.88,99,0.769,0.031,1.51,0.038
991,1091.8,774.696,18.433,0.029,1.196,0.059,98.88,99,0.77,0.032,1.568,0.036
992,993.349,1967.19,18.437,0.022,1.192,0.052,98.88,99,0.768,0.027,1.524,0.032
994,1005.31,1993.18,18.439,0.022,1.23,0.05,98.88,99,0.728,0.027,1.531,0.034
993,1131.09,589.333,18.439,0.028,1.293,0.054,98.88,99,0.853,0.031,1.739,0.034
995,1229.1,1076.67,18.441,0.023,1.349,0.053,98.88,99,0.757,0.027,1.552,0.032
996,145.335,994.08,18.442,0.025,1.26,0.05,98.88,99,0.842,0.027,1.706,0.031
997,1565.85,1319.89,18.443,0.027,1.156,0.056,98.88,99,0.626,0.03,1.36,0.037
998,867.194,1264.14,18.452,0.026,1.22,0.048,98.88,99,0.688,0.03,1.401,0.035
1001,1953.81,1443.95,18.458,0.023,1.039,0.047,98.88,99,0.674,0.028,1.297,0.036
1002,1392.48,1349.61,18.459,0.025,1.138,0.055,98.88,99,0.646,0.028,1.392,0.033
1003,1061.15,1340.06,18.46,0.022,1.053,0.046,98.88,99,0.737,0.027,1.477,0.033
1004,2011.71,332.403,18.462,0.034,0.728,0.089,98.88,99,1.222,0.036,2.964,0.038
1005,1552.66,356.272,18.469,0.035,1.171,0.068,98.88,99,0.72,0.039,1.527,0.049
1006,1558.35,43.988,18.469,0.036,1.315,0.082,98.88,99,0.682,0.042,1.453,0.05
1007,1252.19,1663.17,18.471,0.021,1.087,0.049,98.88,99,0.723,0.025,1.418,0.03
1008,1643.83,363.795,18.471,0.025,1.217,0.066,98.88,99,0.71,0.029,1.419,0.036
1009,1760.73,683.251,18.477,0.031,1.112,0.068,98.88,99,0.685,0.035,1.474,0.041
1010,938.044,1244.18,18.481,0.022,1.179,0.053,98.88,99,0.727,0.027,1.456,0.031
1011,1875.29,922.69,18.481,0.027,1.026,0.056,98.88,99,0.655,0.032,1.287,0.04
1013,1775.24,1875.45,18.486,0.026,0.98,0.045,98.88,99,0.679,0.03,1.413,0.036
1014,23.559,567.461,18.487,0.03,1.291,0.066,98.88,99,0.688,0.035,1.519,0.039
1015,1162.67,1463.86,18.49,0.023,1.239,0.051,98.88,99,0.704,0.03,1.483,0.036
1018,768.52,747.602,18.504,0.035,1.083,0.069,98.88,99,0.781,0.04,1.49,0.053
1019,306.364,1075.86,18.504,0.027,1.126,0.055,98.88,99,0.698,0.031,1.42,0.037
1021,1130.05,1119.44,18.506,0.026,1.121,0.051,98.88,99,0.669,0.03,1.331,0.036
1020,1432.45,1384.78,18.506,0.028,1.377,0.061,98.88,99,0.894,0.03,1.707,0.033
1022,722.604,1454.35,18.509,0.021,1.163,0.049,98.88,99,0.681,0.026,1.426,0.033
1023,530.431,1523.92,18.514,0.025,1.259,0.058,98.88,99,0.804,0.03,1.649,0.036
1024,656.617,909.839,18.518,0.037,1.37,0.083,98.88,99,0.832,0.04,1.635,0.046
1025,1225.4,1528.9,18.525,0.025,1.339,0.056,98.88,99,0.938,0.027,1.765,0.032
1026,1397.25,1948.14,18.527,0.022,1.254,0.06,98.88,99,0.834,0.026,1.571,0.032
1027,240.981,295.248,18.536,0.028,1.233,0.066,98.88,99,0.668,0.034,1.458,0.038
1028,1826.86,881.966,18.537,0.038,1.103,0.067,98.88,99,0.762,0.047,1.603,0.06
1030,1540.76,789.104,18.538,0.041,1.196,0.077,98.88,99,0.683,0.044,1.483,0.054
1032,1688.57,1339.66,18.54,0.026,1.327,0.056,98.88,99,0.788,0.028,1.462,0.036
1033,1999.69,1214.15,18.545,0.029,1.084,0.054,98.88,99,0.71,0.031,1.488,0.038
1035,1447.62,1167.41,18.546,0.03,1.221,0.055,98.88,99,0.753,0.033,1.549,0.039
1036,1686.8,338.863,18.548,0.029,1.173,0.057,98.88,99,0.782,0.034,1.54,0.04
1041,1185.52,1208.09,18.556,0.029,1.227,0.057,98.88,99,0.748,0.032,1.455,0.044
1040,336.747,581.299,18.556,0.029,1.196,0.06,98.88,99,0.743,0.032,1.612,0.038
1042,1022.11,1533.34,18.559,0.022,1.067,0.051,98.88,99,0.741,0.027,1.444,0.03
1043,1371.96,1069.32,18.56,0.031,1.102,0.053,98.88,99,0.696,0.035,1.456,0.04
1044,1738.08,1656.73,18.563,0.027,1.57,0.073,98.88,99,0.999,0.029,1.971,0.032
1045,478.524,1008.83,18.566,0.026,1.335,0.07,98.88,99,0.797,0.03,1.668,0.033
1046,840.931,1906.53,18.567,0.029,1.196,0.056,98.88,99,0.751,0.031,1.476,0.038
1047,1930.64,1405.08,18.568,0.03,1.05,0.055,98.88,99,0.714,0.034,1.382,0.04
1048,961.157,947.929,18.57,0.029,1.169,0.058,98.88,99,0.626,0.033,1.349,0.041
1049,1754.96,441.989,18.575,0.03,1.29,0.074,98.88,99,0.816,0.035,1.683,0.037
1050,1078.18,1252.31,18.576,0.029,1.183,0.059,98.88,99,0.747,0.033,1.433,0.043
1051,892.313,1112.07,18.577,0.027,1.229,0.055,98.88,99,0.772,0.03,1.597,0.036
1052,925.362,1666.98,18.578,0.029,1.006,0.054,98.88,99,0.694,0.032,1.393,0.041
1055,154.247,452.086,18.591,0.031,1.029,0.07,98.88,99,0.748,0.036,1.457,0.049
1056,1818.01,701.251,18.593,0.028,1.537,0.088,98.88,99,0.948,0.032,1.849,0.036
1057,727.755,19.348,18.593,0.036,1.37,0.072,98.88,99,0.808,0.038,1.698,0.045
1058,779.555,1609.17,18.595,0.039,1.183,0.067,98.88,99,0.617,0.044,1.463,0.06
1059,960.524,1541.97,18.596,0.026,1.068,0.058,98.88,99,0.712,0.031,1.431,0.041
1060,1268.97,1418.64,18.612,0.03,1.137,0.064,98.88,99,0.747,0.033,1.469,0.041
1061,848.788,1210.92,18.617,0.031,1.099,0.055,98.88,99,0.655,0.034,1.361,0.043
1063,1599.81,1220.36,18.623,0.029,1.262,0.057,98.88,99,0.782,0.032,1.558,0.038
1062,337.789,791.972,18.623,0.031,1.353,0.071,98.88,99,0.814,0.033,1.598,0.04
1065,898.401,1447.9,18.625,0.027,1.17,0.061,98.88,99,0.678,0.03,1.387,0.042
1064,2025.4,1828.83,18.625,0.033,0.156,0.064,98.88,99,0.91,0.036,1.77,0.043
1066,974.502,1454.31,18.628,0.033,1.271,0.067,98.88,99,0.783,0.036,1.577,0.04
1068,1299.57,1170.95,18.629,0.034,1.15,0.059,98.88,99,0.745,0.036,1.521,0.043
1067,1852.73,1853.41,18.629,0.028,1.193,0.056,98.88,99,0.789,0.032,1.619,0.037
1069,794.531,810.477,18.632,0.033,1.31,0.084,98.88,99,0.669,0.039,1.413,0.045
1070,209.402,417.206,18.632,0.034,1.312,0.075,98.88,99,0.681,0.038,1.335,0.049
1072,462.471,1171.21,18.652,0.03,1.221,0.062,98.88,99,0.789,0.032,1.641,0.038
1071,112.701,1714.9,18.652,0.034,1.553,0.074,98.88,99,1.096,0.037,2.726,0.039
1073,941.044,1572.11,18.654,0.029,1.183,0.063,98.88,99,0.679,0.033,1.438,0.041
1074,914.233,844.301,18.659,0.032,1.087,0.068,98.88,99,0.672,0.036,1.342,0.043
1075,1143.89,1831.26,18.659,0.034,1.014,0.058,98.88,99,0.636,0.038,1.278,0.047
1076,1856.03,666.365,18.664,0.047,1.214,0.083,98.88,99,0.77,0.051,1.588,0.061
1077,1803.34,911.345,18.665,0.03,1.353,0.078,98.88,99,0.777,0.037,1.62,0.041
1078,435.045,990.713,18.666,0.034,1.036,0.064,98.88,99,0.678,0.04,1.394,0.045
1079,1022.85,426.835,18.67,0.039,1.269,0.076,98.88,99,0.689,0.043,1.193,0.056
1081,1750.42,1931.61,18.671,0.033,1.088,0.061,98.88,99,0.661,0.038,1.263,0.049
1080,60.892,350.886,18.671,0.033,1.126,0.069,98.88,99,0.681,0.038,1.367,0.05
1083,599.486,1260.48,18.678,0.033,1.205,0.073,98.88,99,0.778,0.036,1.578,0.043
1084,1784.25,783.204,18.678,0.034,0.916,0.062,98.88,99,0.725,0.04,1.408,0.047
1085,96.983,1284.46,18.68,0.028,1.363,0.072,98.88,99,0.848,0.03,1.761,0.036
1088,1712.34,861.927,18.685,0.039,1.14,0.07,98.88,99,0.73,0.043,1.443,0.05
1089,1100.73,1243.42,18.687,0.032,1.288,0.065,98.88,99,0.808,0.035,1.644,0.041
1091,1508.92,308.511,18.692,0.036,1.15,0.07,98.88,99,0.698,0.041,1.481,0.05
1090,1968.18,614.076,18.692,0.037,1.131,0.077,98.88,99,0.726,0.045,1.526,0.057
1093,1131.06,1696.07,18.696,0.03,1.063,0.064,98.88,99,0.685,0.035,1.334,0.045
1094,1459.2,1816.44,18.701,0.032,1.223,0.069,98.88,99,0.76,0.035,99,99
1096,2019,60.929,18.708,0.043,0.026,0.094,98.88,99,0.76,0.052,1.542,0.06
1097,1367.12,684.43,18.709,0.031,1.016,0.073,98.88,99,0.738,0.037,1.419,0.043
1098,1171.21,1272.96,18.713,0.035,1.32,0.069,98.88,99,0.715,0.038,1.493,0.044
1100,1099.35,1577.49,18.717,0.036,1.229,0.068,98.88,99,0.721,0.038,1.532,0.045
1101,1837.49,1681.19,18.717,0.035,1.07,0.066,98.88,99,0.754,0.037,1.449,0.048
1099,1921.49,1199.84,18.717,0.033,1.267,0.066,98.88,99,0.783,0.036,1.54,0.044
1103,1933.68,657.355,18.721,0.042,1.05,0.078,98.88,99,0.694,0.045,1.458,0.055
1102,779.243,183.295,18.721,0.032,1.142,0.077,98.88,99,0.79,0.035,1.636,0.042
1104,1684.72,1006.88,18.723,0.029,1.241,0.064,98.88,99,0.808,0.034,1.622,0.04
1105,1965.1,1494.32,18.723,0.032,1.198,0.079,98.88,99,0.691,0.035,1.382,0.044
1106,912.439,1396.49,18.727,0.031,1.335,0.07,98.88,99,0.955,0.033,1.861,0.04
1107,1972.47,1422.96,18.731,0.032,1.357,0.072,98.88,99,0.763,0.038,1.596,0.04
1108,751.012,1531.92,18.732,0.032,1.227,0.071,98.88,99,0.731,0.036,1.491,0.04
1109,461.363,1317.94,18.735,0.033,1.2,0.075,98.88,99,0.754,0.04,1.564,0.043
1110,341.985,1433.82,18.737,0.033,1.235,0.07,98.88,99,0.795,0.035,1.738,0.04
1111,1206.28,774.255,18.741,0.035,1.231,0.075,98.88,99,0.85,0.039,1.708,0.045
1112,1078.94,1380.31,18.742,0.031,1.365,0.079,98.88,99,0.906,0.033,1.771,0.038
1113,145.91,1502.17,18.754,0.029,1.221,0.061,98.88,99,0.778,0.037,1.535,0.038
1114,1013.15,1267.1,18.759,0.035,1.324,0.071,98.88,99,0.774,0.037,1.493,0.047
1115,1092.6,1599.77,18.76,0.033,1.142,0.064,98.88,99,0.717,0.037,1.447,0.043
1117,1541.62,744.169,18.763,0.046,1.088,0.086,98.88,99,0.753,0.055,1.397,0.063
1116,1856.13,681.224,18.763,0.039,1.182,0.082,98.88,99,0.791,0.041,1.564,0.05
1118,284.792,672.928,18.765,0.037,1.354,0.088,98.88,99,0.93,0.04,1.691,0.047
1119,1238.99,1854.82,18.769,0.034,1.209,0.073,98.88,99,0.782,0.038,1.516,0.043
1120,436.273,161.989,18.77,0.042,1.343,0.094,98.88,99,0.708,0.047,1.528,0.054
1121,1219.04,1364.55,18.775,0.029,1.451,0.066,98.88,99,0.823,0.032,1.668,0.038
1122,1401.37,1385.35,18.776,0.037,1.357,0.073,98.88,99,0.861,0.04,1.635,0.045
1123,1014.12,385.42,18.776,0.035,1.114,0.067,98.88,99,0.702,0.04,1.421,0.048
1124,1868.54,1250.7,18.777,0.024,1.137,0.062,98.88,99,0.806,0.029,1.579,0.037
1125,702.183,414.329,18.779,0.039,1.287,0.085,98.88,99,0.774,0.043,1.551,0.052
1127,1265.16,1065.26,18.78,0.037,1.316,0.082,98.88,99,0.738,0.04,1.619,0.047
1126,699.403,1821.09,18.78,0.036,1.336,0.078,98.88,99,0.85,0.039,1.538,0.046
1128,259.499,613.136,18.781,0.039,1.136,0.078,98.88,99,0.725,0.045,1.394,0.053
1129,951.232,738.437,18.792,0.03,1.195,0.067,98.88,99,0.652,0.036,1.464,0.042
1130,1534.91,1125.6,18.794,0.028,1.253,0.062,98.88,99,0.72,0.034,1.579,0.039
1131,1350.48,1551.47,18.795,0.031,1.163,0.067,98.88,99,0.794,0.035,1.489,0.04
1132,927.445,901.665,18.795,0.04,1.115,0.072,98.88,99,0.765,0.044,1.496,0.052
1133,476.557,1808.23,18.797,0.026,1.208,0.057,98.88,99,0.751,0.03,1.613,0.035
1135,1052.92,994.303,18.802,0.034,1.296,0.073,98.88,99,0.696,0.037,1.402,0.045
1134,228.384,466.7,18.802,0.034,1.431,0.082,98.88,99,0.858,0.037,1.771,0.044
1136,1446.23,271.011,18.803,0.04,1.192,0.074,98.88,99,0.754,0.043,1.538,0.051
1137,1614.97,607.719,18.807,0.038,1.074,0.069,98.88,99,0.714,0.044,1.4,0.05
1138,1511.92,1364.74,18.809,0.036,1.295,0.074,98.88,99,0.793,0.039,1.655,0.047
1139,744.668,1541.71,18.812,0.035,1.152,0.072,98.88,99,0.799,0.037,1.655,0.046
1140,1408.6,934.149,18.812,0.036,1.296,0.093,98.88,99,0.769,0.04,1.557,0.047
1141,943.242,1617.48,18.814,0.033,1.437,0.082,98.88,99,0.777,0.036,1.634,0.041
1143,1681.28,932.38,18.83,0.036,1.151,0.076,98.88,99,0.735,0.04,1.506,0.049
1142,1999.66,577.633,18.83,0.033,0.717,0.089,98.88,99,0.837,0.039,1.662,0.042
1146,436.952,1720.42,18.853,0.033,1.191,0.073,98.88,99,0.739,0.038,1.413,0.043
1147,2008.32,1852.22,18.854,0.045,-0.037,0.066,98.88,99,0.659,0.049,1.345,0.061
1149,1346.7,1479.49,18.855,0.036,1.239,0.072,98.88,99,0.672,0.043,1.371,0.05
1148,885.021,85.326,18.855,0.038,1.463,0.098,98.88,99,0.802,0.043,1.644,0.049
1150,1261.64,749.365,18.86,0.04,1.312,0.083,98.88,99,0.85,0.042,1.673,0.05
1151,1159.86,1012.47,18.864,0.034,1.188,0.073,98.88,99,0.712,0.038,1.42,0.046
1152,1992.76,1466.16,18.864,0.029,1.268,0.081,98.88,99,0.65,0.036,1.433,0.043
1153,1411.12,1165.09,18.867,0.032,1.254,0.077,98.88,99,0.754,0.037,1.489,0.043
1154,953.965,1644.95,18.879,0.033,1.147,0.074,98.88,99,0.761,0.036,1.582,0.043
1155,237.737,695.789,18.879,0.038,1.272,0.087,98.88,99,0.756,0.043,1.522,0.052
1156,1133.25,1475.44,18.883,0.037,1.275,0.081,98.88,99,0.855,0.04,1.735,0.046
1157,147.396,439.537,18.887,0.038,1.318,0.099,98.88,99,0.824,0.045,1.561,0.056
1158,1323.6,541.958,18.897,0.038,1.291,0.097,98.88,99,0.848,0.044,1.642,0.047
1159,323.884,610.271,18.907,0.05,1.254,0.096,98.88,99,0.747,0.052,1.579,0.063
1160,1399.32,1434.24,18.922,0.034,1.541,0.1,98.88,99,0.88,0.038,1.761,0.047
1161,642.442,1790.85,18.935,0.041,1.136,0.076,98.88,99,0.728,0.045,1.427,0.054
1162,1443.52,858.775,18.937,0.038,1.084,0.081,98.88,99,0.758,0.042,1.527,0.05
1163,1109.79,1350.25,18.94,0.037,1.36,0.088,98.88,99,0.978,0.039,1.848,0.047
1164,1002.78,1665.37,18.941,0.036,1.164,0.077,98.88,99,0.826,0.04,1.613,0.047
1165,1757.1,1658.96,18.944,0.04,1.287,0.086,98.88,99,0.836,0.045,1.657,0.051
1166,1555.45,697.569,18.944,0.04,1.466,0.11,98.88,99,0.812,0.046,1.649,0.053
1167,1814.63,1896.53,18.947,0.032,1.157,0.076,98.88,99,0.718,0.037,1.391,0.044
1168,1506.95,1634.68,18.948,0.037,1.106,0.075,98.88,99,0.759,0.042,1.456,0.049
1169,750.967,1810.3,18.952,0.04,1.24,0.087,98.88,99,0.786,0.046,1.537,0.053
1171,1436.8,308.819,18.975,0.041,1.152,0.101,98.88,99,0.776,0.045,1.581,0.054
1170,86.128,194.755,18.975,0.048,1.496,0.135,98.88,99,0.801,0.054,1.752,0.059
1172,1201.27,1052.99,18.976,0.036,1.423,0.092,98.88,99,0.791,0.041,1.561,0.048
1173,1066.36,1178.31,18.998,0.041,1.433,0.099,98.88,99,0.825,0.049,1.679,0.056
1174,1132,1023.48,19,0.042,1.146,0.082,98.88,99,0.724,0.047,1.524,0.055
1175,1366.18,948.329,19.003,0.042,1.388,0.128,98.88,99,0.889,0.046,1.676,0.055
1177,1307.4,1649.56,19.032,0.035,1.087,0.08,98.88,99,0.816,0.039,1.459,0.052
1178,1206.12,1067.26,19.036,0.036,1.405,0.094,98.88,99,0.734,0.041,1.453,0.051
1179,756.228,1745.88,19.037,0.041,1.053,0.077,98.88,99,0.732,0.044,1.461,0.055
1180,1150.79,1393.94,19.054,0.044,1.319,0.095,98.88,99,0.77,0.046,1.571,0.058
1181,1437.18,572.042,19.073,0.047,1.492,0.132,98.88,99,0.864,0.052,1.782,0.059
1182,1065.03,1141.49,19.077,0.043,1.131,0.084,98.88,99,0.819,0.05,1.643,0.064
1183,1623.78,1163,19.078,0.04,1.092,0.086,98.88,99,0.825,0.044,1.586,0.055
1184,1347.4,536.308,19.079,0.048,1.355,0.113,98.88,99,0.892,0.051,1.786,0.057
1185,1099.89,1044.29,19.082,0.044,1.184,0.083,98.88,99,0.815,0.047,1.613,0.055
1186,703.576,1649.52,19.097,0.036,1.08,0.073,98.88,99,0.801,0.042,1.6,0.046
1187,754.223,1615.07,19.107,0.044,1.378,0.102,98.88,99,0.825,0.048,1.67,0.059
1188,1085.98,1047.54,19.111,0.042,1.184,0.096,98.88,99,0.787,0.045,1.573,0.056
1189,978.609,1285.34,19.112,0.037,1.006,0.071,98.88,99,0.872,0.04,1.722,0.046
1190,912.818,1734.06,19.113,0.044,1.493,0.106,98.88,99,0.854,0.047,1.724,0.056
1191,1108.48,1035.26,19.116,0.036,1.521,0.109,98.88,99,0.921,0.039,1.849,0.046
1192,156.847,1672.03,19.125,0.048,1.438,0.104,98.88,99,0.994,0.051,2.034,0.058
1193,273.522,701.457,19.136,0.052,1.403,0.131,98.88,99,0.727,0.058,1.482,0.072
1194,906.257,365.812,19.147,0.053,1.209,0.098,98.88,99,0.856,0.055,1.723,0.064
1195,1567.95,1227.15,19.169,0.046,1.19,0.094,98.88,99,0.808,0.052,1.584,0.058
1196,1779.83,923.947,19.175,0.051,0.982,0.107,98.88,99,0.884,0.057,1.647,0.063
1197,1266.41,773.452,19.185,0.049,1.431,0.107,98.88,99,0.954,0.052,1.769,0.065
1199,1259.48,1381.26,19.209,0.048,1.214,0.098,98.88,99,0.878,0.052,1.643,0.064
1200,733.452,1659.53,19.225,0.048,1.239,0.108,98.88,99,0.786,0.052,1.483,0.063
1201,1867.79,264.703,19.237,0.057,1.412,0.147,98.88,99,0.793,0.065,1.645,0.073
1204,1228.83,1375.42,19.331,0.048,1.335,0.124,98.88,99,0.734,0.054,99,99
1205,644.122,1772.49,19.355,0.057,1.156,0.114,98.88,99,0.814,0.062,1.613,0.073
1206,1761.63,806.091,19.5,0.067,1.193,0.185,98.88,99,0.758,0.081,99,99
1207,2026.71,220.905,19.668,0.164,-0.596,0.232,98.88,99,99,99,1.472,0.226
286,541.478,1505.81,16.464,0.007,0.892,0.012,98.88,99,0.581,0.009,1.207,0.013
153,1388.04,1817.78,15.581,0.007,0.809,0.009,0.143,0.019,0.51,0.009,0.988,0.013
437,758.579,1255.52,17.089,0.01,1.026,0.017,98.88,99,0.621,0.013,1.32,0.014
131,1776.08,1380.43,15.409,0.005,0.741,0.008,0.119,0.017,0.475,0.008,0.983,0.008
529,1336.83,1378.08,17.368,0.015,1.046,0.025,98.88,99,0.632,0.017,1.325,0.022
658,396.903,1274.01,17.709,0.013,1.286,0.024,98.88,99,0.756,0.015,1.602,0.018
697,960.087,365.682,17.81,0.02,1.408,0.043,98.88,99,0.832,0.023,1.683,0.026
699,720.711,1581.26,17.811,0.016,0.987,0.028,98.88,99,0.611,0.02,1.227,0.023
711,762.36,1243.05,17.837,0.014,1.106,0.033,98.88,99,0.617,0.017,1.267,0.022
756,134.156,296.936,17.952,0.017,1.025,0.034,98.88,99,0.618,0.023,1.225,0.029
772,715,1224.74,17.979,0.017,1.135,0.034,98.88,99,0.68,0.02,1.444,0.024
255,617.387,1140.03,16.286,0.005,0.934,0.009,0.346,0.043,0.595,0.006,1.178,0.009
822,1017.24,1653.26,18.096,0.038,1.242,0.054,98.88,99,0.643,0.039,1.359,0.046
854,1391.33,1409.28,18.15,0.02,1.297,0.043,98.88,99,0.728,0.024,1.422,0.027
969,1286.55,1792.5,18.385,0.027,1.057,0.049,98.88,99,0.616,0.029,1.301,0.035
984,1058.91,1544.43,18.418,0.026,0.998,0.052,98.88,99,0.671,0.029,1.405,0.036
1012,1383.88,1341.02,18.486,0.022,1.35,0.055,98.88,99,0.868,0.026,1.748,0.031
1016,534.067,433.37,18.491,0.032,1.248,0.067,98.88,99,0.764,0.035,1.449,0.039
585,1364.76,1926.72,17.525,0.035,1.078,0.055,98.88,99,0.693,0.048,1.447,0.056
389,1239.39,1340.57,16.917,0.019,1.153,0.036,98.88,99,1.032,0.023,2.1,0.025
1038,350.481,799.786,18.552,0.032,1.228,0.063,98.88,99,99,99,1.519,0.045
1039,1287.27,1481.84,18.553,0.031,1.176,0.057,98.88,99,0.712,0.033,1.378,0.041
1144,1108.33,1285.18,18.841,0.033,1.234,0.063,98.88,99,0.703,0.036,1.47,0.045
728,94.213,422.005,17.882,0.022,1.233,0.045,98.88,99,0.718,0.026,1.555,0.029
408,962.394,1588.52,16.963,0.009,0.877,0.015,98.88,99,0.56,0.011,1.116,0.015
1202,691.194,1807.99,19.285,0.047,1.452,0.133,98.88,99,0.816,0.052,1.681,0.06
1203,1936.52,1892.88,19.322,0.058,0.448,0.114,98.88,99,0.834,0.065,1.512,0.076
