#ID  Gmag   (Vmag-Imag)   (Bmag-Vmag)   e_Gmag   e_(Vmag-Imag)   e_(Bmag-Vmag)   Mini
10      17.5659 1.2481  1.0698  0.0011  0.0139  0.0156  0.9667  
21      15.7322 1.0359  0.8407  0.0004  0.0104  0.0097  2.3491  
12      16.7388 1.1006  0.9122  0.0007  0.0118  0.0124  1.1298  
23      15.2991 0.9850  0.7923  0.0004  0.0100  0.0088  2.5434  
14      13.7558 0.4616  0.3594  0.0003  0.0093  0.0066  2.2924  
15      14.1978 0.5033  0.4130  0.0003  0.0094  0.0071  2.0032  
26      14.1364 0.6442  0.5341  0.0003  0.0094  0.0071  3.3008  
17      15.9533 0.9856  0.7938  0.0005  0.0106  0.0102  1.3160  
18      15.6470 0.8883  0.7089  0.0004  0.0103  0.0095  1.4002  
19      17.1117 1.1622  0.9811  0.0008  0.0126  0.0137  1.0521  
110     16.2937 1.0301  0.8362  0.0006  0.0110  0.0111  1.2307  
111     17.6536 1.2629  1.0831  0.0011  0.0142  0.0160  0.9512  
112     17.5661 1.2509  1.0729  0.0011  0.0139  0.0156  0.9667  
213     15.4046 1.0037  0.8099  0.0004  0.0101  0.0090  2.5243  
114     15.9288 0.9638  0.7731  0.0005  0.0106  0.0102  1.3223  
115     17.1500 1.1560  0.9742  0.0008  0.0127  0.0139  1.0444  
116     11.5426 0.4092  0.2821  0.0003  0.0090  0.0051  3.7790  
117     12.1644 0.4007  0.2810  0.0003  0.0091  0.0054  3.4433  
218     14.4633 0.7554  0.6166  0.0003  0.0095  0.0075  3.0513  
219     17.5329 1.3786  1.1630  0.0010  0.0138  0.0154  1.6632  
120     16.1657 1.0159  0.8212  0.0005  0.0109  0.0107  1.2618  
221     13.6368 0.5170  0.4310  0.0003  0.0093  0.0065  3.7809  
222     17.4827 1.4137  1.2133  0.0010  0.0136  0.0152  1.6938  
223     14.9913 0.8844  0.7086  0.0004  0.0098  0.0083  2.7126  
224     13.3434 0.4876  0.3923  0.0003  0.0092  0.0062  4.1202  
125     17.4808 1.2416  1.0647  0.0010  0.0136  0.0152  0.9822  
126     14.2199 0.5073  0.4173  0.0003  0.0094  0.0072  1.9899  
127     17.1506 1.1661  0.9854  0.0008  0.0127  0.0139  1.0444  
128     10.8669 0.4370  0.2965  0.0003  0.0090  0.0048  4.0256  
129     14.3665 0.5227  0.4344  0.0003  0.0095  0.0073  1.9049  
130     15.2535 0.7958  0.6495  0.0004  0.0100  0.0087  1.5230  
231     15.5953 1.0212  0.8262  0.0004  0.0102  0.0094  2.4171  
132     14.8287 0.6369  0.5363  0.0004  0.0097  0.0080  1.6794  
133     15.9055 0.9704  0.7797  0.0005  0.0105  0.0101  1.3286  
134     17.0737 1.1722  0.9920  0.0008  0.0125  0.0136  1.0599  
235     14.9774 0.8971  0.7212  0.0004  0.0098  0.0083  2.7149  
236     14.0968 0.6360  0.5240  0.0003  0.0094  0.0070  3.3267  
137     16.3930 1.0564  0.8633  0.0006  0.0112  0.0114  1.2074  
138     14.6948 0.6155  0.5172  0.0004  0.0096  0.0078  1.7380  
139     14.8514 0.6526  0.5490  0.0004  0.0097  0.0080  1.6703  
140     16.1647 0.9944  0.7999  0.0005  0.0109  0.0107  1.2618  
241     13.1803 0.4642  0.3658  0.0003  0.0092  0.0061  4.3010  
142     16.2936 1.0266  0.8327  0.0006  0.0110  0.0111  1.2307  
143     12.9863 0.4113  0.3014  0.0003  0.0091  0.0059  2.8591  
144     13.1337 0.4119  0.3049  0.0003  0.0092  0.0061  2.7478  
145     16.4944 1.0710  0.8785  0.0006  0.0113  0.0117  1.1841  
246     16.6428 1.2207  1.0401  0.0006  0.0116  0.0121  1.9909  
147     16.5975 1.0800  0.8888  0.0006  0.0115  0.0120  1.1608  
148     16.1033 0.9965  0.8024  0.0005  0.0108  0.0106  1.2773  
249     14.4632 0.7531  0.6148  0.0003  0.0095  0.0075  3.0513  
150     15.2076 0.7786  0.6379  0.0004  0.0099  0.0087  1.5386  
151     15.5490 0.8987  0.7230  0.0004  0.0102  0.0093  1.4298  
152     17.6542 1.2702  1.0913  0.0011  0.0142  0.0160  0.9512  
153     17.7438 1.2995  1.1207  0.0012  0.0145  0.0164  0.9356  
154     16.1654 1.0083  0.8137  0.0005  0.0109  0.0107  1.2618  
155     17.3109 1.1883  1.0085  0.0009  0.0131  0.0145  1.0133  
256     15.2595 0.9693  0.7772  0.0004  0.0100  0.0087  2.5847  
157     16.1975 1.0179  0.8235  0.0005  0.0109  0.0108  1.2540  
158     12.7454 0.4198  0.3020  0.0003  0.0091  0.0058  3.0403  
259     13.9116 0.5856  0.4830  0.0003  0.0093  0.0068  3.4912  
160     13.5550 0.4292  0.3283  0.0003  0.0093  0.0064  2.4354  
161     15.1174 0.7307  0.6024  0.0004  0.0099  0.0085  1.5696  
162     16.2936 1.0265  0.8327  0.0006  0.0110  0.0111  1.2307  
163     15.9816 0.9692  0.7775  0.0005  0.0106  0.0103  1.3084  
164     12.0761 0.4017  0.2810  0.0003  0.0090  0.0053  3.4972  
165     17.1511 1.1726  0.9924  0.0008  0.0127  0.0139  1.0444  
166     15.7497 0.9260  0.7404  0.0005  0.0104  0.0097  1.3708  
167     16.7397 1.1176  0.9302  0.0007  0.0118  0.0124  1.1298  
168     15.9526 0.9706  0.7793  0.0005  0.0106  0.0102  1.3160  
169     15.2533 0.7917  0.6459  0.0004  0.0100  0.0087  1.5230  
170     17.1905 1.1730  0.9927  0.0009  0.0128  0.0140  1.0366  
171     15.5740 0.8912  0.7148  0.0004  0.0102  0.0094  1.4221  
272     12.5855 0.4430  0.3299  0.0003  0.0091  0.0056  5.1823  
173     16.7035 1.0988  0.9099  0.0007  0.0117  0.0123  1.1375  
174     17.5663 1.2537  1.0761  0.0011  0.0139  0.0156  0.9667  
175     17.6114 1.2777  1.1014  0.0011  0.0140  0.0158  0.9589  
176     14.4813 0.5457  0.4563  0.0003  0.0095  0.0075  1.8427  
177     17.4817 1.2534  1.0780  0.0010  0.0136  0.0152  0.9822  
178     16.7386 1.0977  0.9092  0.0007  0.0118  0.0124  1.1298  
279     10.6813 0.4077  0.2821  0.0003  0.0090  0.0047  7.4798  
180     15.5482 0.8795  0.7055  0.0004  0.0102  0.0093  1.4298  
181     15.7849 0.9400  0.7526  0.0005  0.0104  0.0098  1.3611  
182     16.7382 1.0904  0.9015  0.0007  0.0118  0.0124  1.1298  
283     12.7984 0.4406  0.3360  0.0003  0.0091  0.0058  4.8549  
184     15.9525 0.9693  0.7780  0.0005  0.0106  0.0102  1.3160  
185     13.3114 0.4238  0.3170  0.0003  0.0092  0.0062  2.6156  
286     13.9118 0.5893  0.4857  0.0003  0.0093  0.0068  3.4912  
287     13.2180 0.4889  0.3843  0.0003  0.0092  0.0061  4.2524  
188     13.8547 0.4746  0.3738  0.0003  0.0093  0.0067  2.2246  
189     14.1760 0.4978  0.4075  0.0003  0.0094  0.0071  2.0165  
190     14.0979 0.4772  0.3883  0.0003  0.0094  0.0070  2.0647  
191     17.1110 1.1507  0.9685  0.0008  0.0126  0.0137  1.0521  
192     16.6682 1.0961  0.9065  0.0006  0.0116  0.0122  1.1453  
193     13.8310 0.4447  0.3512  0.0003  0.0093  0.0067  2.2401  
194     13.6902 0.4454  0.3456  0.0003  0.0093  0.0066  2.3383  
195     14.8391 0.6373  0.5366  0.0004  0.0097  0.0080  1.6751  
296     15.1188 0.9243  0.7390  0.0004  0.0099  0.0085  2.6511  
197     17.1104 1.1418  0.9588  0.0008  0.0126  0.0137  1.0521  
198     15.9816 0.9675  0.7759  0.0005  0.0106  0.0103  1.3084  
299     17.5346 1.4010  1.1882  0.0010  0.0138  0.0154  1.6632  
1100    15.8818 0.9665  0.7762  0.0005  0.0105  0.0100  1.3349  
1101    14.1977 0.4992  0.4099  0.0003  0.0094  0.0071  2.0032  
1102    14.7825 0.6288  0.5296  0.0004  0.0097  0.0079  1.6988  
2103    13.9112 0.5736  0.4743  0.0003  0.0093  0.0068  3.4912  
1104    17.8317 1.2996  1.1166  0.0013  0.0148  0.0168  0.9201  
2105    17.5343 1.3965  1.1831  0.0010  0.0138  0.0154  1.6632  
