#ID  Gmag   (Vmag-Imag)   (Bmag-Vmag)   e_Gmag   e_(Vmag-Imag)   e_(Bmag-Vmag)   Mini
10      16.2889 0.6748  0.5140  0.0006  0.0218  0.0219  2.8899  
11      17.4171 0.7993  0.6492  0.0010  0.0294  0.0319  1.8967  
22      16.9977 0.9311  0.7635  0.0008  0.0262  0.0277  3.4577  
23      18.6459 1.4570  1.1893  0.0024  0.0428  0.0486  2.3142  
14      16.4472 0.6491  0.4886  0.0006  0.0226  0.0231  2.7125  
15      17.0618 0.7473  0.5966  0.0008  0.0266  0.0283  2.1513  
16      17.0611 0.7237  0.5717  0.0008  0.0266  0.0283  2.1513  
17      18.0377 1.1047  0.9057  0.0015  0.0354  0.0394  1.6194  
18      10.9455 0.5424  0.3478  0.0004  0.0099  0.0056  13.7582 
29      15.8063 0.6847  0.5237  0.0005  0.0194  0.0188  5.1693  
210     15.3748 0.6633  0.5008  0.0004  0.0176  0.0164  6.1278  
211     17.9227 1.3546  1.1062  0.0014  0.0342  0.0378  2.7034  
212     17.6485 1.2653  1.0249  0.0011  0.0315  0.0344  2.9194  
113     15.5642 0.6310  0.4669  0.0005  0.0184  0.0174  3.8155  
114     15.1830 0.5803  0.4192  0.0004  0.0169  0.0155  4.4051  
215     16.5979 0.8170  0.6499  0.0006  0.0235  0.0242  3.8966  
116     14.6395 0.5693  0.4097  0.0004  0.0153  0.0132  5.4042  
117     16.7645 0.7401  0.5855  0.0007  0.0246  0.0256  2.3991  
118     15.3842 0.6104  0.4471  0.0004  0.0177  0.0165  4.0821  
119     12.6399 0.5214  0.3416  0.0004  0.0114  0.0078  10.2109 
120     14.2521 0.5623  0.4010  0.0004  0.0143  0.0118  6.2311  
121     12.6401 0.5284  0.3464  0.0004  0.0114  0.0078  10.2109 
122     17.5324 0.9107  0.7632  0.0010  0.0304  0.0331  1.8291  
223     17.9403 1.3149  1.0642  0.0014  0.0344  0.0381  2.6715  
224     15.1820 0.6470  0.4834  0.0004  0.0169  0.0155  6.5731  
125     18.3285 1.2027  0.9691  0.0019  0.0387  0.0435  1.5401  
126     18.1906 1.1511  0.9299  0.0017  0.0371  0.0415  1.5793  
127     16.7627 0.6725  0.5151  0.0007  0.0246  0.0256  2.3991  
128     12.7247 0.5366  0.3527  0.0004  0.0115  0.0080  10.0072 
229     18.1776 1.3558  1.0987  0.0017  0.0370  0.0413  2.5897  
130     15.4439 0.6012  0.4385  0.0005  0.0179  0.0168  3.9903  
131     16.4812 0.6650  0.5045  0.0006  0.0228  0.0233  2.6770  
132     17.1079 0.6981  0.5446  0.0008  0.0270  0.0287  2.1167  
133     16.8631 0.7049  0.5501  0.0007  0.0252  0.0265  2.3084  
134     16.8325 0.7201  0.5655  0.0007  0.0250  0.0262  2.3366  
135     17.7103 0.8830  0.7143  0.0012  0.0321  0.0352  1.7424  
236     16.4872 0.7772  0.6250  0.0006  0.0229  0.0234  4.0448  
137     16.1407 0.6367  0.4750  0.0005  0.0210  0.0209  3.0674  
238     15.1830 0.6880  0.5210  0.0004  0.0169  0.0155  6.5731  
139     11.5634 0.5354  0.3472  0.0004  0.0103  0.0062  12.4675 
240     17.4951 1.1684  0.9442  0.0010  0.0301  0.0327  3.0233  
141     17.1572 0.7531  0.6032  0.0008  0.0274  0.0292  2.0827  
142     17.2782 0.7536  0.6034  0.0009  0.0283  0.0304  1.9945  
243     13.7884 0.5738  0.4136  0.0004  0.0132  0.0104  11.2043 
144     16.2890 0.6810  0.5203  0.0006  0.0218  0.0219  2.8899  
145     15.3552 0.6231  0.4589  0.0004  0.0176  0.0163  4.1283  
146     17.2921 0.7449  0.5940  0.0009  0.0284  0.0305  1.9841  
247     15.2528 0.6355  0.4745  0.0004  0.0172  0.0158  6.4439  
148     16.7304 0.7452  0.5903  0.0007  0.0244  0.0253  2.4304  
249     16.9813 0.9588  0.7632  0.0008  0.0260  0.0275  3.4479  
250     17.3791 1.0140  0.8014  0.0009  0.0291  0.0314  3.0586  
251     13.6609 0.5390  0.3803  0.0004  0.0130  0.0101  11.6715 
152     15.3844 0.6170  0.4533  0.0004  0.0177  0.0165  4.0821  
153     15.9588 0.6329  0.4712  0.0005  0.0201  0.0197  3.2966  
154     16.8638 0.7278  0.5740  0.0007  0.0252  0.0265  2.3084  
155     18.4634 1.2804  1.0366  0.0021  0.0404  0.0457  1.3876  
156     15.9320 0.6177  0.4563  0.0005  0.0200  0.0196  3.3325  
157     18.4524 1.1791  0.9266  0.0021  0.0403  0.0455  1.4393  
258     16.9801 0.9177  0.7198  0.0008  0.0260  0.0275  3.4479  
159     15.8462 0.5974  0.4360  0.0005  0.0196  0.0190  3.4479  
160     11.9280 0.5250  0.3418  0.0004  0.0106  0.0067  11.7816 
261     16.8773 0.8834  0.7197  0.0007  0.0253  0.0266  3.5854  
262     16.4338 0.7625  0.5955  0.0006  0.0226  0.0230  4.1358  
263     18.3174 1.4496  1.1935  0.0018  0.0385  0.0433  2.5611  
164     13.6249 0.5269  0.3604  0.0004  0.0129  0.0100  7.7423  
265     12.1786 0.5377  0.3557  0.0004  0.0109  0.0071  18.3510 
166     18.4549 1.2602  1.0228  0.0021  0.0403  0.0455  1.4863  
267     17.3878 1.0514  0.8346  0.0010  0.0292  0.0315  3.0614  
268     15.5172 0.6675  0.5062  0.0005  0.0182  0.0172  5.8047  
169     16.1100 0.6833  0.5214  0.0005  0.0208  0.0207  3.1065  
170     18.3750 1.2127  0.9753  0.0019  0.0393  0.0443  1.5228  
171     15.9326 0.6394  0.4775  0.0005  0.0200  0.0196  3.3325  
172     16.8627 0.6914  0.5359  0.0007  0.0252  0.0265  2.3084  
273     14.5825 0.5957  0.4342  0.0004  0.0151  0.0130  8.1634  
274     16.7851 0.8776  0.7165  0.0007  0.0247  0.0258  3.6999  
175     16.2287 0.6470  0.4857  0.0006  0.0214  0.0215  2.9609  
276     18.3008 1.4768  1.2309  0.0018  0.0384  0.0431  2.5360  
177     17.8203 1.0013  0.8258  0.0013  0.0331  0.0365  1.6826  
178     16.9954 0.7201  0.5674  0.0008  0.0262  0.0276  2.2013  
179     17.6282 0.8565  0.6980  0.0011  0.0313  0.0342  1.7772  
280     18.5022 1.4324  1.1721  0.0022  0.0409  0.0463  2.4483  
181     18.4611 1.2826  1.0458  0.0021  0.0404  0.0456  1.4743  
182     17.2252 0.7109  0.5580  0.0009  0.0279  0.0299  2.0330  
183     12.4992 0.5307  0.3470  0.0004  0.0112  0.0076  10.5466 
184     16.1094 0.6608  0.4990  0.0005  0.0208  0.0207  3.1065  
185     18.4579 1.2438  0.9987  0.0021  0.0404  0.0456  1.4150  
186     16.2293 0.6715  0.5103  0.0006  0.0214  0.0215  2.9609  
187     17.9217 1.0263  0.8381  0.0014  0.0342  0.0378  1.6509  
188     18.4731 1.2786  1.0396  0.0021  0.0405  0.0458  1.4586  
189     16.4807 0.6447  0.4838  0.0006  0.0228  0.0233  2.6770  
190     18.4821 1.2462  0.9972  0.0021  0.0407  0.0460  1.3824  
291     18.7956 1.5326  1.2879  0.0028  0.0450  0.0513  2.4038  
292     17.4995 1.0947  0.8751  0.0010  0.0301  0.0328  3.0880  
193     14.8449 0.5447  0.3870  0.0004  0.0159  0.0140  4.9971  
194     16.3829 0.6754  0.5153  0.0006  0.0223  0.0226  2.7835  
295     18.0995 1.2781  1.0172  0.0016  0.0361  0.0402  2.7133  
196     12.9246 0.5094  0.3362  0.0004  0.0118  0.0084  9.5121  
197     16.5849 0.7041  0.5449  0.0006  0.0234  0.0241  2.5705  
198     14.2097 0.5480  0.3862  0.0004  0.0142  0.0117  6.3374  
199     13.6545 0.5339  0.3657  0.0004  0.0130  0.0101  7.6706  
2100    17.5939 1.1417  0.9016  0.0011  0.0310  0.0338  2.9530  
1101    15.4750 0.6241  0.4601  0.0005  0.0180  0.0170  3.9450  
2102    15.1821 0.6534  0.4893  0.0004  0.0169  0.0155  6.5731  
1103    14.2843 0.5532  0.3949  0.0004  0.0143  0.0119  6.1530  
2104    14.6567 0.6487  0.4807  0.0004  0.0153  0.0133  8.0821  
1105    17.0934 0.7521  0.6020  0.0008  0.0269  0.0286  2.1282  
1106    17.8775 0.9794  0.7918  0.0013  0.0337  0.0373  1.6645  
1107    17.2147 0.7804  0.6326  0.0009  0.0278  0.0297  2.0425  
1108    14.8460 0.5860  0.4236  0.0004  0.0159  0.0140  4.9971  
1109    16.1412 0.6537  0.4919  0.0005  0.0210  0.0209  3.0674  
