ID,x,y,Gmag,e_Gmag,BV,UB,BVerr,UBerr,Plx,pmRA,pmDE,e_Plx,e_pmRA,e_pmDE,MP,sel
670,1165.39,1260.89,16.5132,0.0009,0.547,0.36,0.01,0.037,0.2578,-6.807,4.188,0.0477,0.091,0.087,0.85,1
695,1267.57,1760.88,16.5161,0.0007,0.522,0.348,0.013,0.053,0.2391,-6.783,4.247,0.0559,0.099,0.092,0.844,1
649,1441.75,993.044,16.5119,0.0009,0.523,0.342,0.011,0.044,0.2486,-6.428,4.197,0.0504,0.098,0.091,0.793,1
713,1175.55,989.195,16.5187,0.0009,0.497,0.281,0.02,0.045,0.1102,-6.825,4.05,0.0562,0.106,0.101,0.781,1
350,1133.39,1245.22,15.6082,0.0006,0.413,0.166,0.007,0.015,0.1825,-6.668,4.16,0.0332,0.064,0.061,0.727,1
353,1221.78,1121.82,15.6115,0.001,0.416,0.122,0.007,0.015,0.0382,-6.555,4.362,0.0493,0.092,0.085,0.724,1
21,1235.03,1180.77,12.5384,0.0002,0.378,0.084,0.004,0.004,0.6277,-10.76,4.633,0.0319,0.055,0.055,0.711,1
28,1205.71,1075.56,12.6853,0.001,0.298,-0.66,0.004,0.003,0.1629,-6.774,3.969,0.0275,0.05,0.048,0.704,1
578,1122.11,1373.28,16.2975,0.0007,0.508,0.323,0.01,0.032,0.2816,-6.798,4.126,0.0441,0.084,0.083,0.686,1
69,970.824,1120.83,13.6852,0.0003,0.276,-0.21,0.005,0.005,0.1814,-6.809,4.126,0.0167,0.035,0.032,0.682,1
90,1169.4,1212.46,13.935,0.0003,0.336,-0.138,0.005,0.005,0.1855,-6.67,4.016,0.0245,0.047,0.047,0.68,1
57,1298.87,1142.9,13.4511,0.0002,0.581,-0.005,0.005,0.005,0.9462,-8.301,7.384,0.0175,0.035,0.031,0.674,1
187,980.218,1194.48,14.7744,0.0004,0.602,-0.147,0.005,0.008,1.0274,-3.909,1.526,0.0226,0.045,0.046,0.673,1
121,1151.48,1251.84,14.3521,0.0004,0.335,-0.084,0.005,0.006,0.1425,-6.75,4.027,0.0235,0.044,0.043,0.671,1
159,1194.08,1274.37,14.6992,0.0006,0.363,0.248,0.005,0.01,0.4468,-6.854,2.481,0.0824,0.157,0.147,0.671,1
200,976.346,1101.32,14.8509,0.0005,0.398,-0.322,0.005,0.007,0.2309,-5.532,4.078,0.0224,0.045,0.044,0.671,1
589,1012.31,984.665,16.3021,0.0007,0.49,0.412,0.013,0.036,0.1813,-6.817,4.227,0.0438,0.096,0.081,0.671,1
157,942.757,1030.98,14.6591,0.0003,0.355,-0.085,0.005,0.008,0.206,-6.787,4.062,0.0214,0.044,0.043,0.67,1
51,1197.46,1063.97,13.3515,0.0003,0.381,-0.088,0.005,0.005,0.1779,-6.76,4.109,0.0174,0.031,0.03,0.669,1
168,931.36,1003.13,14.7158,0.0004,0.385,-0.228,0.006,0.006,0.1541,-6.688,4.263,0.0224,0.045,0.047,0.668,1
183,1287.17,1275.0,14.7817,0.0003,0.377,-0.013,0.006,0.007,0.2083,-6.783,4.187,0.0258,0.046,0.044,0.667,1
15,1330.94,1142.37,11.8161,0.0003,1.587,1.301,0.005,0.009,0.2482,-6.771,4.106,0.0265,0.052,0.049,0.666,1
172,1337.26,1191.52,14.7395,0.0003,0.379,-0.075,0.005,0.008,0.1467,-6.664,4.197,0.0219,0.042,0.041,0.666,1
162,1438.78,1013.22,14.7068,0.0005,0.399,0.239,0.006,0.01,0.5512,-6.098,3.67,0.1119,0.209,0.203,0.662,1
518,1069.14,1184.56,16.1284,0.0081,0.739,0.016,0.011,0.031,nan,nan,nan,nan,nan,nan,0.661,1
176,1273.68,1175.9,14.7417,0.0003,0.415,-0.009,0.005,0.008,0.2008,-6.754,4.173,0.0229,0.043,0.044,0.66,1
249,969.449,1085.59,15.1368,0.0006,0.419,0.088,0.006,0.009,0.8994,-7.992,3.381,0.154,0.295,0.3,0.658,1
707,1352.0,1080.04,16.5805,0.0008,0.575,0.406,0.011,0.049,0.1861,-6.765,4.148,0.0551,0.098,0.092,0.656,1
170,1577.33,1279.95,14.6861,0.0003,0.595,-0.109,0.006,0.009,0.8583,-11.308,9.623,0.0227,0.048,0.05,0.654,1
62,1270.04,1452.65,13.5577,0.0002,0.395,-0.037,0.008,0.006,0.1935,-6.736,4.209,0.0179,0.034,0.033,0.653,1
109,1121.88,1323.95,14.1496,0.0003,0.391,0.127,0.006,0.007,0.1666,-6.79,4.096,0.018,0.035,0.034,0.653,1
120,1308.32,1344.85,14.3103,0.0003,0.404,-0.074,0.006,0.007,0.2065,-6.662,4.279,0.0214,0.039,0.037,0.653,1
257,919.514,1142.09,15.2007,0.0004,0.338,0.077,0.006,0.011,0.2021,-6.717,4.157,0.0262,0.054,0.051,0.653,1
300,1024.93,1179.19,15.3709,0.0004,0.351,-0.001,0.006,0.01,0.2025,-6.834,3.949,0.0282,0.056,0.058,0.652,1
78,1257.99,1464.52,13.7519,0.0003,0.386,-0.112,0.008,0.006,0.2424,-6.77,4.137,0.0188,0.034,0.033,0.65,1
229,1320.18,1034.61,15.0364,0.0016,0.41,0.012,0.006,0.009,0.0906,-5.544,5.752,0.1592,0.294,0.278,0.65,1
119,1181.5,1405.91,14.303,0.0003,0.378,0.058,0.007,0.007,0.2135,-6.734,4.06,0.0202,0.037,0.037,0.648,1
295,1133.39,1201.45,15.3232,0.0004,0.366,0.104,0.006,0.011,0.1471,-6.749,4.148,0.0271,0.052,0.05,0.647,1
108,1382.9,1434.36,14.1277,0.0005,0.332,-0.201,0.008,0.006,0.1767,-6.751,4.147,0.0205,0.039,0.038,0.646,1
143,1340.84,1373.74,14.5386,0.0003,0.367,-0.023,0.007,0.008,0.1598,-6.755,4.182,0.0233,0.044,0.04,0.646,1
236,1436.52,1036.57,15.1016,0.0003,0.377,0.055,0.006,0.01,0.2086,-6.285,4.525,0.0251,0.048,0.046,0.646,1
52,1041.94,1221.41,13.3769,0.0006,0.306,-0.273,0.006,0.006,0.1604,-6.722,4.137,0.0181,0.035,0.036,0.645,1
730,1071.49,905.579,16.5766,0.0008,0.571,0.399,0.015,0.051,0.1675,-6.688,4.143,0.0501,0.102,0.099,0.645,1
250,1096.64,1416.59,15.1265,0.0004,0.389,-0.18,0.008,0.009,0.233,-6.671,4.256,0.0266,0.052,0.051,0.639,1
167,833.268,1357.79,14.6394,0.0003,0.647,-0.061,0.008,0.009,1.1314,0.37,-1.888,0.0203,0.041,0.039,0.637,1
245,843.999,1222.58,15.1211,0.0004,0.474,0.156,0.006,0.012,0.3551,-5.325,2.498,0.0257,0.052,0.049,0.637,1
205,842.388,1274.07,14.9097,0.0004,0.38,0.108,0.007,0.01,0.132,-6.793,4.217,0.0231,0.047,0.045,0.636,1
266,1283.5,1024.87,15.2165,0.0004,0.403,0.103,0.006,0.013,0.1836,-6.632,4.057,0.0273,0.053,0.049,0.636,1
64,1131.41,921.234,13.596,0.0003,0.379,-0.173,0.009,0.007,0.196,-6.791,4.019,0.0185,0.035,0.032,0.634,1
1021,1297.31,989.12,17.0015,0.0009,0.625,0.355,0.023,0.08,0.3176,-6.741,4.031,0.0633,0.12,0.114,0.633,1
115,759.844,1463.52,14.2185,0.0004,0.664,-0.032,0.009,0.008,1.3911,-7.904,1.688,0.0212,0.043,0.042,0.631,1
198,1568.3,1477.57,14.8374,0.0003,0.362,-0.011,0.008,0.01,0.1787,-6.836,4.086,0.0238,0.044,0.044,0.631,1
93,1367.22,1547.49,14.008,0.0006,0.366,-0.064,0.009,0.007,0.6659,-6.036,4.439,0.0201,0.039,0.036,0.63,1
174,1274.9,1511.47,14.6644,0.0003,0.758,0.115,0.009,0.01,0.8878,-15.006,7.425,0.0455,0.087,0.078,0.63,1
203,1532.53,1492.08,14.7942,0.0003,0.652,-0.072,0.008,0.011,0.5997,-9.998,4.201,0.0253,0.048,0.049,0.63,1
235,921.912,1291.01,15.0255,0.0004,0.645,0.01,0.007,0.012,0.7785,-3.676,3.392,0.0248,0.052,0.052,0.63,1
302,1067.4,1268.43,15.3591,0.0004,0.415,0.167,0.006,0.014,0.1524,-6.68,4.129,0.0281,0.054,0.051,0.63,1
325,1215.83,1329.05,15.4667,0.0005,0.459,0.205,0.006,0.014,0.1808,-6.575,4.242,0.0301,0.057,0.055,0.63,1
68,1051.36,1494.97,13.6456,0.0002,0.38,-0.149,0.009,0.007,0.1932,-6.779,3.812,0.0193,0.036,0.033,0.627,1
215,1215.01,1407.98,14.937,0.0004,0.419,0.113,0.008,0.011,0.2059,-6.881,3.93,0.0243,0.048,0.045,0.627,1
384,1240.96,1288.3,15.689,0.0005,0.419,0.231,0.006,0.017,0.2162,-6.593,4.132,0.034,0.064,0.063,0.626,1
290,1364.84,1408.21,15.2353,0.0004,0.629,-0.057,0.007,0.013,0.6738,-10.099,7.333,0.0342,0.061,0.064,0.625,1
320,1170.68,1275.31,15.4986,0.0004,0.337,0.191,0.007,0.013,0.1685,-6.504,3.8,0.029,0.056,0.054,0.625,1
114,1299.33,1702.74,14.2728,0.0004,0.352,0.231,0.011,0.009,0.304,-5.344,2.579,0.0208,0.041,0.04,0.624,1
299,1324.82,1303.97,15.3259,0.0004,0.385,0.019,0.007,0.012,0.147,-6.76,4.083,0.0281,0.053,0.051,0.624,1
123,1080.86,1551.58,14.3332,0.0003,0.38,-0.177,0.01,0.007,0.1834,-6.706,4.108,0.0215,0.04,0.037,0.623,1
94,1181.49,1540.97,13.9702,0.0002,0.391,-0.104,0.01,0.008,0.1754,-6.644,4.331,0.0199,0.037,0.036,0.622,1
104,781.829,1449.29,14.0908,0.0003,0.354,-0.081,0.009,0.008,0.195,-6.843,4.114,0.0197,0.041,0.038,0.621,1
59,858.592,1664.69,13.5291,0.0003,0.332,-0.27,0.01,0.008,0.2058,-6.705,4.126,0.0192,0.037,0.035,0.618,1
385,922.976,998.266,15.679,0.0005,0.456,0.206,0.007,0.017,0.0917,-6.83,3.911,0.0323,0.065,0.065,0.615,1
107,881.022,962.203,14.1038,0.0003,0.581,-0.072,0.011,0.01,0.8429,-2.169,0.686,0.0182,0.039,0.035,0.61,1
348,834.365,1284.71,15.5667,0.0004,0.393,0.18,0.009,0.016,0.2203,-6.783,4.139,0.0301,0.062,0.06,0.61,1
414,1256.91,1296.44,15.8122,0.0006,0.394,0.17,0.007,0.018,0.2007,-6.725,4.038,0.0349,0.065,0.065,0.61,1
343,1287.42,1266.74,15.546,0.0007,0.413,0.099,0.008,0.016,0.1956,-6.914,4.042,0.0347,0.063,0.059,0.609,1
181,1033.32,1423.44,14.8079,0.0004,0.382,-0.003,0.012,0.01,0.1456,-6.909,4.08,0.0242,0.048,0.047,0.607,1
405,1372.98,1205.53,15.7768,0.0005,0.414,0.21,0.007,0.02,0.1834,-6.826,4.124,0.033,0.063,0.062,0.607,1
116,1075.05,885.133,14.2655,0.0003,0.372,-0.247,0.012,0.009,0.1885,-6.784,4.161,0.0197,0.041,0.037,0.605,1
438,848.474,1176.06,15.8903,0.0006,0.378,0.191,0.009,0.017,0.1444,-6.868,4.074,0.0343,0.069,0.066,0.602,1
448,1228.87,1208.58,15.9463,0.0008,0.45,0.191,0.007,0.02,0.2673,-6.696,4.342,0.0423,0.075,0.076,0.601,1
153,1180.41,1645.38,14.6063,0.0004,0.361,-0.153,0.012,0.01,0.1904,-6.903,3.946,0.0251,0.049,0.045,0.6,1
280,1110.55,1445.44,15.2274,0.0004,0.435,0.051,0.009,0.014,0.1748,-6.882,4.087,0.0299,0.053,0.054,0.598,1
278,1303.25,1570.2,15.2333,0.0005,0.345,0.018,0.012,0.011,0.1614,-6.761,4.026,0.0288,0.054,0.05,0.595,1
436,1028.77,1295.2,15.8739,0.0007,0.415,0.197,0.007,0.021,0.1831,-6.812,4.15,0.0392,0.072,0.068,0.595,1
95,1119.19,1775.31,13.9802,0.0003,0.355,-0.152,0.013,0.009,0.1444,-6.671,4.039,0.021,0.038,0.035,0.594,1
161,1012.09,1718.71,14.6512,0.0005,0.347,0.212,0.013,0.011,0.3123,-8.453,3.997,0.0241,0.044,0.042,0.592,1
158,1209.59,865.322,14.6212,0.0003,0.441,0.04,0.013,0.012,0.1176,-6.816,3.98,0.0209,0.042,0.041,0.591,1
239,1161.58,978.007,15.0416,0.0004,0.431,0.062,0.012,0.014,0.1592,-6.777,4.146,0.0325,0.061,0.055,0.591,1
486,1015.13,1076.63,16.0619,0.0007,0.465,0.303,0.008,0.027,0.095,-6.742,4.234,0.037,0.074,0.071,0.591,1
355,1479.82,1523.38,15.5581,0.0004,0.433,0.178,0.011,0.017,0.2454,-6.725,3.984,0.0316,0.064,0.06,0.59,1
395,1197.41,1313.66,15.7373,0.0005,0.429,0.269,0.007,0.024,0.1943,-6.691,4.207,0.0331,0.063,0.061,0.587,1
178,1447.76,972.249,14.7466,0.0004,0.5,0.059,0.012,0.013,0.3874,-6.941,2.57,0.0235,0.048,0.045,0.586,1
398,1256.82,983.833,15.6784,0.0006,0.641,-0.02,0.011,0.016,0.4573,-1.184,-0.661,0.0345,0.069,0.063,0.585,1
112,1115.76,796.246,14.2081,0.0003,0.551,-0.112,0.013,0.01,0.7041,-3.954,0.21,0.0199,0.042,0.039,0.584,1
196,1269.57,1718.81,14.7987,0.0003,0.537,-0.053,0.013,0.013,0.5192,-7.465,4.748,0.0232,0.045,0.042,0.583,1
392,1057.58,1371.66,15.723,0.0007,0.451,0.176,0.009,0.018,0.0892,-6.808,4.187,0.0416,0.082,0.076,0.583,1
475,1094.48,1401.73,16.0026,0.0007,0.487,0.323,0.008,0.028,0.1528,-6.656,4.28,0.0382,0.075,0.073,0.583,1
296,1537.77,1595.53,15.2738,0.0008,0.524,0.311,0.011,0.016,-1.3545,-4.308,6.047,0.29,0.553,0.516,0.581,1
447,1187.08,1299.03,15.9051,0.0006,0.45,0.318,0.008,0.022,0.1861,-6.776,4.048,0.0358,0.072,0.065,0.581,1
304,1247.23,1580.65,15.3031,0.0005,0.607,0.071,0.012,0.016,0.3682,-4.614,3.159,0.0338,0.063,0.062,0.58,1
321,1236.23,1371.92,15.477,0.0008,0.421,0.136,0.013,0.016,0.2125,-6.625,4.314,0.0306,0.057,0.055,0.578,1
440,1165.0,1326.15,15.8419,0.0005,0.536,0.311,0.009,0.026,0.1758,-6.746,4.132,0.0347,0.067,0.064,0.578,1
494,975.728,1002.05,16.0742,0.0007,0.489,0.254,0.008,0.027,0.184,-6.758,4.097,0.0397,0.079,0.082,0.578,1
429,1490.37,1407.21,15.8094,0.0005,0.533,0.25,0.01,0.024,0.2643,-4.477,1.927,0.0339,0.064,0.062,0.577,1
303,855.806,1433.27,15.3546,0.0011,0.535,0.344,0.01,0.019,-1.0825,-5.983,5.214,0.4142,0.812,0.735,0.576,1
364,1096.97,1472.28,15.5831,0.0005,0.493,0.287,0.009,0.021,0.257,-6.643,4.217,0.0314,0.061,0.057,0.576,1
508,1574.05,1084.3,16.0534,0.0007,0.662,0.062,0.009,0.03,0.2854,-6.099,3.736,0.0418,0.078,0.075,0.575,1
488,812.648,1118.57,16.0713,0.0006,0.462,0.286,0.009,0.026,0.1586,-6.82,3.965,0.041,0.078,0.078,0.575,1
515,1215.78,1353.06,16.1129,0.0008,0.517,0.337,0.009,0.028,0.2151,-6.598,4.338,0.0615,0.115,0.112,0.572,1
506,1370.3,998.053,16.0586,0.0007,0.582,0.315,0.009,0.025,0.1441,-6.083,3.36,0.0478,0.082,0.077,0.57,1
824,1290.65,1520.31,16.7874,0.0012,0.593,0.389,0.013,0.057,0.025,-6.585,4.297,0.0896,0.198,0.214,0.51,1
55,1114.3,1116.72,12.9106,0.0051,0.382,-0.901,0.017,0.026,0.2231,-4.601,6.933,0.3435,0.714,0.683,0.5,1
10,1089.73,1086.18,12.078,0.0003,0.304,-0.008,0.003,0.003,1.3764,-9.377,1.825,0.028,0.053,0.053,0.719,0
217,965.119,1251.93,14.9867,0.0005,0.319,-0.035,0.006,0.009,0.1039,-6.738,4.083,0.0253,0.049,0.048,0.662,0
13,1236.16,1606.28,11.7496,0.0003,1.37,0.904,0.009,0.007,0.2011,-6.711,4.052,0.028,0.055,0.054,0.657,0
7,1033.84,1219.65,11.3385,0.0005,1.581,1.611,0.004,0.011,0.3762,-8.37,6.379,0.0268,0.052,0.05,0.655,0
27,1204.78,1573.62,12.6583,0.0006,0.398,-0.057,0.009,0.007,0.2404,-6.41,4.81,0.047,0.091,0.085,0.651,0
47,1491.55,921.605,13.3833,0.0003,0.2,0.109,0.008,0.007,0.4632,-6.618,2.796,0.0223,0.043,0.042,0.65,0
147,852.195,1412.63,14.6222,0.0004,0.306,0.168,0.008,0.009,0.1267,-5.794,3.266,0.0302,0.064,0.061,0.633,0
246,1058.7,1044.65,15.0336,0.0004,0.815,0.209,0.006,0.016,1.1099,-8.901,0.79,0.0357,0.076,0.067,0.63,0
96,1278.13,1306.2,13.752,0.0002,1.222,0.831,0.006,0.014,0.2735,-6.829,2.193,0.0185,0.034,0.032,0.618,0
56,798.641,1354.97,13.1851,0.0003,1.19,0.787,0.007,0.01,0.2907,-3.543,4.371,0.0148,0.031,0.029,0.615,0
83,1282.05,864.334,13.8471,0.0003,0.377,0.053,0.011,0.009,0.1603,-6.766,4.155,0.0177,0.036,0.036,0.614,0
102,1368.69,826.763,14.0901,0.0004,0.326,0.022,0.012,0.009,-0.0021,-6.625,4.087,0.0255,0.05,0.047,0.606,0
144,911.379,965.426,14.4792,0.0003,0.664,-0.014,0.013,0.012,1.1146,-7.43,1.01,0.0215,0.047,0.041,0.6,0
84,1343.5,1644.0,13.601,0.0002,1.198,0.861,0.01,0.014,0.3403,-5.137,2.832,0.017,0.033,0.031,0.587,0
118,1146.13,823.528,14.2344,0.0003,0.632,0.064,0.014,0.011,0.4783,-8.606,4.264,0.0209,0.039,0.037,0.584,0
175,1207.22,1667.56,14.6196,0.0003,0.798,0.257,0.012,0.012,0.2583,-7.317,2.748,0.0237,0.044,0.042,0.584,0
213,945.291,855.099,14.9445,0.0005,0.363,-0.084,0.013,0.013,0.1799,-6.698,3.987,0.0238,0.048,0.047,0.583,0
477,1402.86,1268.06,15.9238,0.0006,0.705,0.053,0.009,0.026,0.2787,-1.924,-0.113,0.0354,0.068,0.065,0.581,0
85,1139.63,1491.43,13.421,0.0003,1.538,1.6,0.008,0.028,0.2305,-5.249,3.264,0.0167,0.033,0.032,0.57,0
282,1386.11,969.859,15.2608,0.0005,0.425,0.232,0.012,0.018,0.158,-6.752,4.193,0.0297,0.059,0.054,0.567,0
466,1367.83,1529.04,15.9881,0.0009,0.419,0.23,0.01,0.025,0.1571,-6.746,4.082,0.0431,0.078,0.079,0.567,0
483,1455.86,1235.25,16.0255,0.0007,0.56,0.231,0.009,0.028,0.2311,-6.312,2.732,0.0401,0.075,0.07,0.565,0
214,822.656,1566.94,14.7765,0.0004,0.931,0.474,0.012,0.019,1.3034,-9.525,5.236,0.0263,0.048,0.046,0.563,0
555,918.528,1074.28,16.1916,0.0008,0.676,0.09,0.009,0.031,0.3113,-6.985,2.867,0.0404,0.083,0.081,0.563,0
557,771.57,1200.54,16.2198,0.0007,0.636,-0.009,0.009,0.027,0.3128,-7.408,2.635,0.0445,0.101,0.08,0.563,0
49,1498.8,982.562,12.743,0.0003,1.729,1.9,0.011,0.03,0.2784,-4.311,2.242,0.0259,0.052,0.049,0.561,0
454,1135.9,1541.62,15.8481,0.0006,0.669,-0.128,0.012,0.021,0.6162,-3.973,7.015,0.0375,0.07,0.065,0.559,0
65,1281.0,1104.02,13.6955,0.0006,0.593,-0.198,0.019,0.014,0.9185,4.708,-1.118,0.028,0.051,0.052,0.557,0
434,1026.83,952.537,15.792,0.0006,0.64,-0.072,0.013,0.022,0.6257,0.67,2.699,0.0351,0.073,0.067,0.557,0
513,1042.76,1375.61,16.0526,0.0008,0.722,0.085,0.01,0.031,0.5529,-9.694,1.427,0.0405,0.079,0.073,0.556,0
227,1207.87,921.167,14.7382,0.0096,0.795,0.297,0.014,0.018,nan,nan,nan,nan,nan,nan,0.554,0
89,1319.54,1562.49,13.8178,0.0002,0.65,0.047,0.017,0.015,1.1233,-16.594,7.918,0.0194,0.036,0.033,0.553,0
604,1196.89,1325.64,16.3521,0.0007,0.502,0.28,0.01,0.028,0.2845,-6.724,3.991,0.0443,0.084,0.08,0.551,0
602,1004.59,1245.63,16.2551,0.0006,0.777,0.184,0.01,0.043,0.4199,-7.537,2.946,0.0417,0.084,0.08,0.55,0
339,1333.56,916.995,15.5743,0.0014,0.378,0.155,0.012,0.023,0.5312,-5.906,4.196,0.0677,0.131,0.122,0.549,0
371,1128.1,1659.32,15.6478,0.0005,0.473,0.291,0.014,0.02,0.1974,-5.99,3.325,0.0326,0.064,0.059,0.549,0
580,943.564,1053.19,16.3489,0.0007,0.495,0.314,0.011,0.032,0.1881,-4.844,2.554,0.0429,0.087,0.082,0.548,0
717,692.005,1231.52,16.543,0.0007,0.692,-0.007,0.011,0.038,0.4644,-2.479,1.858,0.0477,0.095,0.09,0.546,0
614,1069.51,1115.38,16.2698,0.0006,0.815,0.127,0.011,0.039,0.3592,-6.86,2.059,0.0419,0.084,0.08,0.544,0
612,967.788,1181.0,16.3795,0.0008,0.455,0.289,0.01,0.033,0.1397,-6.892,4.025,0.0458,0.092,0.089,0.544,0
151,1400.96,1579.21,14.2441,0.0003,1.336,1.017,0.01,0.032,0.2413,-5.291,2.096,0.0242,0.043,0.04,0.543,0
663,1154.46,1387.42,16.4744,0.0008,0.533,0.316,0.012,0.038,0.2751,-6.968,4.094,0.0471,0.089,0.085,0.543,0
709,745.263,1022.66,16.5265,0.0007,0.705,0.073,0.013,0.04,0.3308,-7.0,3.495,0.0485,0.095,0.094,0.543,0
468,947.74,1649.04,15.9049,0.0006,0.615,-0.036,0.014,0.025,0.352,-10.367,8.063,0.0364,0.071,0.065,0.542,0
479,868.735,1542.49,15.9953,0.0006,0.515,0.299,0.013,0.025,0.2282,-5.716,2.708,0.0412,0.08,0.07,0.542,0
697,1336.42,1309.02,16.4961,0.0007,0.67,-0.102,0.01,0.038,0.408,-6.391,5.454,0.0476,0.092,0.086,0.542,0
504,1041.34,1630.68,16.0062,0.0006,0.645,-0.006,0.014,0.024,0.3222,-6.791,4.62,0.0407,0.076,0.07,0.541,0
625,1250.21,1356.17,16.3444,0.0007,0.661,0.302,0.011,0.036,0.2432,-6.672,4.04,0.0472,0.088,0.086,0.541,0
478,1229.35,1037.1,15.8605,0.0007,0.88,0.43,0.01,0.04,0.2226,-5.426,2.008,0.0354,0.069,0.065,0.54,0
603,1541.35,1351.37,16.2941,0.0006,0.649,0.01,0.012,0.033,0.422,-6.589,4.01,0.0431,0.082,0.079,0.54,0
275,920.863,863.137,14.9586,0.0004,1.158,0.784,0.013,0.037,0.3022,-12.98,3.776,0.0238,0.047,0.046,0.539,0
596,1070.34,1158.19,16.2087,0.0006,0.813,0.645,0.011,0.057,0.1852,-5.199,3.488,0.0423,0.082,0.077,0.538,0
732,1523.33,1064.43,16.5709,0.0008,0.808,0.112,0.013,0.04,0.4195,-11.008,6.32,0.053,0.101,0.1,0.535,0
627,967.381,1171.44,16.4056,0.0007,0.417,0.3,0.013,0.038,0.184,-6.899,4.112,0.0455,0.091,0.089,0.534,0
539,1333.81,1580.99,16.1548,0.0009,0.686,0.008,0.015,0.031,0.4739,-8.299,3.102,0.0452,0.083,0.074,0.532,0
624,1163.11,1297.52,16.3624,0.0008,0.621,0.235,0.011,0.039,0.2593,-5.2,3.252,0.0452,0.085,0.082,0.532,0
640,897.284,1583.97,16.4313,0.0007,0.59,0.28,0.013,0.037,0.2741,-5.906,3.225,0.046,0.089,0.081,0.532,0
579,1402.93,1518.29,16.3306,0.0008,0.487,0.334,0.013,0.035,0.1287,-6.682,4.471,0.0505,0.089,0.086,0.531,0
752,1095.71,1370.12,16.6125,0.0008,0.605,0.036,0.012,0.035,0.189,-6.374,2.63,0.0524,0.102,0.1,0.531,0
419,1088.27,1663.72,15.6435,0.0005,0.846,0.309,0.016,0.029,1.2982,2.681,13.931,0.032,0.062,0.057,0.53,0
521,889.088,1617.3,16.0763,0.0007,0.64,-0.005,0.014,0.027,0.3251,-8.827,4.843,0.0407,0.079,0.077,0.53,0
570,841.425,1490.8,16.2148,0.0007,0.781,0.135,0.013,0.035,0.3643,-3.751,2.3,0.0427,0.08,0.071,0.53,0
594,1091.48,814.004,16.2688,0.0008,0.687,0.1,0.013,0.035,0.3064,-6.86,3.754,0.0507,0.104,0.087,0.529,0
648,1228.19,1532.12,16.447,0.0007,0.532,0.35,0.013,0.046,0.2865,-6.765,4.025,0.0539,0.104,0.092,0.529,0
598,1320.2,1675.68,16.3077,0.0007,0.52,0.315,0.014,0.039,0.2935,-6.536,4.166,0.047,0.089,0.081,0.528,0
711,1477.48,1452.04,16.5244,0.0007,0.825,0.112,0.013,0.044,0.4118,-7.888,4.889,0.0513,0.103,0.105,0.528,0
543,1388.44,1624.36,16.14,0.0009,0.641,0.13,0.014,0.032,0.2338,-7.062,3.543,0.0538,0.102,0.093,0.527,0
534,1169.03,1732.97,16.1688,0.0007,0.474,0.305,0.015,0.032,0.2468,-6.668,4.144,0.0471,0.086,0.076,0.526,0
859,751.579,1179.03,16.8083,0.0008,0.721,-0.06,0.014,0.047,0.3266,-5.354,4.486,0.0597,0.12,0.108,0.526,0
561,997.157,1683.82,16.1612,0.0007,0.702,0.127,0.013,0.039,0.284,-6.103,3.261,0.0444,0.081,0.076,0.525,0
722,1313.25,1602.88,16.6146,0.0008,0.515,0.323,0.013,0.044,0.1988,-6.773,4.094,0.0538,0.101,0.093,0.525,0
841,1060.42,1243.87,16.8216,0.001,0.612,0.225,0.013,0.051,0.2472,-6.616,4.16,0.0639,0.137,0.137,0.525,0
682,1369.7,971.582,16.4846,0.0008,0.587,0.119,0.015,0.036,0.2615,-6.271,4.272,0.0561,0.104,0.092,0.522,0
577,970.52,1697.15,16.2169,0.0006,0.645,0.445,0.014,0.046,0.1376,-6.925,4.204,0.0459,0.089,0.081,0.52,0
586,1247.79,1097.95,16.3151,0.0008,0.536,0.322,0.021,0.038,0.2688,-5.665,3.283,0.0466,0.089,0.091,0.517,0
716,1122.72,1541.96,16.5956,0.0008,0.534,0.427,0.013,0.052,0.2502,-6.711,4.137,0.0555,0.102,0.095,0.516,0
676,1201.06,1683.07,16.4265,0.0009,0.733,0.069,0.016,0.041,0.3619,-4.81,-0.641,0.057,0.112,0.096,0.512,0
675,1361.49,1687.87,16.4438,0.0008,0.647,0.109,0.015,0.037,0.3203,-6.671,2.342,0.053,0.097,0.086,0.512,0
684,914.227,940.694,16.4636,0.0007,0.75,0.051,0.016,0.043,0.4381,-8.973,-2.134,0.0479,0.095,0.092,0.509,0
852,1034.95,1248.24,16.8342,0.0012,0.698,0.024,0.013,0.05,0.4863,-9.449,3.574,0.0668,0.136,0.124,0.509,0
616,1607.56,1170.56,16.4068,0.0044,0.625,0.406,0.013,0.045,1.8745,-6.639,5.968,0.31,0.586,0.576,0.503,0
445,1305.57,1555.58,15.798,0.001,0.846,0.199,0.016,0.049,0.9347,-8.229,2.099,0.0403,0.076,0.072,0.501,0
906,1412.96,952.227,16.8472,0.001,0.686,0.202,0.016,0.049,0.4262,-7.285,2.948,0.0638,0.126,0.112,0.499,0
721,687.284,1353.59,16.5524,0.0007,0.837,0.203,0.019,0.057,0.3429,-3.291,2.543,0.0511,0.1,0.102,0.498,0
785,768.067,1378.12,16.6864,0.0036,0.799,0.096,0.014,0.055,-0.0943,-6.894,-3.333,0.5123,1.067,1.035,0.495,0
781,899.45,990.405,16.6097,0.0007,0.624,0.349,0.027,0.061,0.1361,-5.072,2.282,0.0524,0.112,0.1,0.484,0
608,1431.32,962.317,16.7248,0.0031,0.79,0.191,0.024,0.045,0.1699,-3.489,1.238,0.2121,0.491,0.308,0.481,0
823,1468.52,1562.85,16.7344,0.0008,0.546,0.257,0.03,0.053,0.3533,-6.696,3.911,0.0569,0.109,0.1,0.477,0
1450,1246.69,1454.15,17.5823,0.0019,0.809,nan,0.025,nan,0.006,-6.979,4.327,0.1445,0.327,0.244,0.51,-1
750,1379.83,1535.75,16.3398,0.001,1.248,nan,0.016,nan,0.2309,-6.486,3.075,0.0513,0.094,0.096,0.43,-1
272,1284.23,1736.79,14.1348,0.0004,2.239,nan,0.015,nan,0.1071,-4.55,2.429,0.0352,0.069,0.064,0.45,-1
694,1250.71,1594.12,16.3368,0.0021,0.934,nan,0.024,nan,0.3593,-5.865,4.911,0.0854,0.178,0.162,0.37,-1
311,1643.51,1327.15,14.9612,0.0004,1.481,nan,0.009,nan,0.2409,-4.207,2.91,0.0237,0.046,0.046,0.48,-1
1511,1242.15,1366.94,17.7181,0.002,0.779,nan,0.05,nan,-0.1087,-7.468,3.682,0.1205,0.232,0.277,0.35,-1
950,1367.52,1266.02,16.8855,0.0023,0.914,nan,0.02,nan,0.2557,-4.651,2.283,0.0764,0.149,0.13,0.38,-1
397,1537.4,1561.67,15.1173,0.0004,1.323,nan,0.062,nan,3.436,-9.959,2.605,0.0256,0.05,0.047,0.4,-1
1375,1543.04,1511.27,17.4445,0.0012,0.812,nan,0.022,nan,0.1497,-6.981,4.226,0.0887,0.161,0.147,0.39,-1
452,1351.88,1015.96,15.357,0.0005,1.645,nan,0.012,nan,0.1405,-4.077,2.058,0.0373,0.073,0.059,0.47,-1
467,1268.03,1682.12,15.7105,0.0005,1.162,nan,0.012,nan,0.2116,-5.641,2.052,0.0349,0.068,0.064,0.45,-1
493,1351.86,1531.27,15.4357,0.0005,1.654,nan,0.013,nan,0.1664,-6.608,3.825,0.0385,0.071,0.073,0.46,-1
500,839.07,1077.72,15.7121,0.0016,1.277,nan,0.01,nan,1.8794,-11.961,-5.119,0.4223,0.836,0.818,0.44,-1
540,1068.76,1678.56,15.9164,0.0007,1.213,nan,0.013,nan,-0.1844,-4.332,3.072,0.1236,0.235,0.218,0.43,-1
544,1170.06,1235.42,15.2686,0.0005,2.068,nan,0.018,nan,0.0366,-3.106,2.736,0.0443,0.078,0.076,0.43,-1
551,802.039,1437.73,15.9425,0.0026,1.69,nan,0.049,nan,0.2237,-5.939,2.456,0.193,0.396,0.362,0.34,-1
2266,1014.41,1677.12,18.1511,0.0016,1.245,nan,0.057,nan,-0.0249,-4.304,2.852,0.1369,0.263,0.23,0.35,-1
563,1621.15,1406.63,16.1935,0.0058,1.239,nan,0.037,nan,-0.5803,-1.607,9.635,0.4608,0.856,0.845,0.34,-1
572,1087.9,925.383,15.5548,0.0005,1.802,nan,0.022,nan,0.1205,-5.807,3.381,0.0378,0.077,0.073,0.43,-1
622,870.794,1334.18,16.3784,0.0009,0.976,nan,0.04,nan,0.3497,-5.251,1.515,0.0448,0.092,0.09,0.38,-1
635,1032.45,1690.04,16.3489,0.0007,0.605,nan,0.015,nan,0.2494,-6.632,4.433,0.0494,0.096,0.088,0.45,-1
662,1060.42,961.695,16.4154,0.0007,0.591,nan,0.015,nan,0.0427,-5.75,3.207,0.047,0.099,0.088,0.43,-1
673,1000.2,1558.68,16.4529,0.0008,0.659,nan,0.054,nan,0.282,-6.304,0.541,0.0495,0.094,0.086,0.37,-1
674,1558.13,1201.65,16.3618,0.001,0.883,nan,0.012,nan,0.2524,-6.258,3.574,0.0763,0.14,0.136,0.43,-1
679,1204.28,989.469,16.1498,0.0008,1.171,nan,0.02,nan,0.1354,-6.011,4.639,0.0414,0.083,0.08,0.42,-1
685,1226.89,1554.91,16.4079,0.0007,0.711,nan,0.017,nan,0.2109,-5.685,3.874,0.0526,0.108,0.106,0.42,-1
689,1054.21,1051.44,16.2997,0.0007,1.164,nan,0.017,nan,0.3769,-6.216,2.643,0.0436,0.087,0.083,0.43,-1
725,1094.83,1528.31,16.5453,0.0012,0.697,nan,0.013,nan,0.439,-6.512,4.502,0.0973,0.181,0.165,0.42,-1
729,1294.26,1711.55,16.3424,0.0009,0.905,nan,0.018,nan,-0.0615,-5.182,2.502,0.0471,0.092,0.088,0.42,-1
733,1168.19,1166.62,17.121,0.0027,0.895,nan,0.035,nan,0.5589,-7.462,3.285,0.116,0.198,0.347,0.46,-1
735,1246.74,1487.47,16.0118,0.0007,1.654,nan,0.02,nan,0.1031,-6.469,2.531,0.0466,0.089,0.08,0.43,-1
736,786.848,1200.76,16.5165,0.0007,0.92,nan,0.013,nan,0.9038,-11.613,8.444,0.0488,0.099,0.09,0.45,-1
739,1103.28,1597.79,16.5405,0.0007,0.831,nan,0.016,nan,0.5394,-7.119,2.667,0.0527,0.1,0.089,0.43,-1
741,1112.38,918.883,16.5013,0.0009,0.883,nan,0.015,nan,0.3285,-3.276,2.185,0.0517,0.098,0.094,0.43,-1
757,1353.98,863.692,16.577,0.001,0.802,nan,0.018,nan,0.4669,-6.072,3.264,0.0501,0.096,0.092,0.41,-1
767,914.953,973.696,16.6898,0.001,0.548,nan,0.021,nan,0.1758,-6.641,4.144,0.055,0.114,0.104,0.72,-1
769,803.628,1223.52,16.6906,0.0008,0.563,nan,0.012,nan,0.151,-6.772,3.969,0.0531,0.111,0.098,0.73,-1
775,1305.04,1381.38,16.6913,0.0007,0.563,nan,0.013,nan,0.245,-6.513,4.044,0.058,0.108,0.106,0.73,-1
783,1497.67,1408.2,15.7045,0.0006,2.099,nan,0.025,nan,0.1015,-4.511,2.718,0.0393,0.074,0.074,0.42,-1
792,1500.34,1438.02,16.7059,0.0008,0.624,nan,0.013,nan,0.1339,-5.782,3.664,0.0575,0.106,0.109,0.43,-1
794,971.388,1077.53,16.7009,0.0012,0.763,nan,0.015,nan,0.6178,-0.497,3.26,0.053,0.105,0.103,0.42,-1
815,946.576,1485.2,16.7048,0.0008,0.775,nan,0.015,nan,0.5158,-5.381,3.461,0.0605,0.113,0.104,0.44,-1
846,1152.55,1293.74,16.7933,0.0008,0.71,nan,0.012,nan,0.1796,-5.774,2.812,0.0569,0.108,0.104,0.44,-1
855,889.726,956.929,16.7016,0.0013,0.764,nan,0.023,nan,0.7811,-5.455,4.667,0.0817,0.175,0.156,0.39,-1
856,1296.73,951.276,16.7633,0.0008,0.719,nan,0.016,nan,0.2419,-6.161,2.999,0.0583,0.117,0.101,0.42,-1
866,1468.33,1213.6,16.7556,0.0009,0.849,nan,0.015,nan,0.3395,-5.74,1.223,0.0572,0.105,0.099,0.43,-1
870,981.322,1621.52,16.8471,0.0009,0.617,nan,0.015,nan,0.1964,-6.912,4.003,0.0623,0.116,0.108,0.42,-1
875,1560.54,1009.6,16.8902,0.0008,0.622,nan,0.015,nan,0.2268,-6.763,3.855,0.0614,0.113,0.109,0.58,-1
898,1298.23,1642.9,16.877,0.0009,0.57,nan,0.015,nan,0.0994,-7.115,4.361,0.0623,0.12,0.114,0.43,-1
899,1212.14,817.365,16.8871,0.001,0.606,nan,0.016,nan,0.2049,-6.856,4.274,0.0635,0.139,0.115,0.57,-1
904,759.408,1002.47,16.422,0.0007,1.516,nan,0.021,nan,0.0764,-4.539,2.813,0.0511,0.1,0.099,0.42,-1
905,1236.16,1002.08,16.8694,0.0008,0.812,nan,0.013,nan,0.4884,-5.404,7.199,0.064,0.121,0.108,0.43,-1
909,1099.62,1558.01,16.9162,0.001,0.612,nan,0.055,nan,0.2681,-6.667,4.085,0.0635,0.121,0.11,0.43,-1
920,1085.15,1507.23,16.8665,0.004,0.926,nan,0.016,nan,nan,nan,nan,nan,nan,nan,0.48,-1
924,1140.53,784.816,16.2962,0.0008,1.732,nan,0.023,nan,0.2031,-5.646,4.14,0.0458,0.097,0.086,0.41,-1
927,849.51,1548.1,16.841,0.0008,0.764,nan,0.015,nan,0.2782,-5.497,2.268,0.0686,0.129,0.114,0.41,-1
932,1247.74,1368.03,16.9344,0.0012,0.609,nan,0.014,nan,0.0714,-6.734,3.705,0.0735,0.144,0.162,0.42,-1
934,1510.74,1121.56,16.8971,0.0008,0.745,nan,0.015,nan,0.2654,-5.545,2.754,0.0598,0.113,0.109,0.44,-1
939,1403.35,1616.44,16.6728,0.0008,1.314,nan,0.02,nan,0.2342,-4.613,1.778,0.0605,0.107,0.098,0.41,-1
941,1318.52,840.463,16.7962,0.0012,0.837,nan,0.017,nan,0.0351,-4.146,2.392,0.0578,0.117,0.114,0.41,-1
942,811.57,1282.4,16.9444,0.0009,0.659,nan,0.015,nan,0.1854,-6.989,4.192,0.0623,0.126,0.116,0.42,-1
946,948.767,1273.37,16.9176,0.0015,0.826,nan,0.015,nan,0.2695,-6.231,3.365,0.1083,0.211,0.234,0.46,-1
949,1037.77,1103.32,16.3519,0.0008,1.51,nan,0.021,nan,3.0649,-29.762,13.674,0.0449,0.087,0.086,0.42,-1
951,793.672,1528.27,16.9258,0.0008,0.827,nan,0.016,nan,0.4805,-14.707,1.998,0.0638,0.126,0.113,0.42,-1
959,950.562,1434.62,16.9955,0.0009,0.629,nan,0.015,nan,0.2225,-6.923,4.15,0.0668,0.126,0.117,0.7,-1
960,1203.36,1236.67,16.9876,0.0013,0.646,nan,0.015,nan,-0.104,-7.548,3.47,0.0812,0.145,0.136,0.42,-1
963,1167.76,1303.11,17.225,0.0022,1.038,nan,0.035,nan,0.4013,-5.469,4.153,0.0874,0.211,0.232,0.35,-1
966,1056.43,887.935,16.9754,0.0009,0.617,nan,0.019,nan,0.1453,-6.943,4.244,0.0627,0.126,0.118,0.41,-1
970,1489.64,991.365,16.9545,0.0011,0.735,nan,0.022,nan,0.3548,-3.473,5.017,0.0704,0.14,0.133,0.41,-1
972,1318.82,866.79,16.4553,0.0007,1.564,nan,0.023,nan,0.1444,-4.392,3.933,0.05,0.099,0.096,0.42,-1
975,1084.76,961.423,16.9927,0.0008,0.694,nan,0.019,nan,0.2751,-6.938,4.267,0.0669,0.137,0.12,0.6,-1
0,1556.66,1460.15,17.0502,0.0011,0.607,nan,0.016,nan,0.0913,-6.6,4.06,0.0772,0.143,0.132,0.42,-1
1011,1336.55,1158.33,17.0473,0.0014,0.786,nan,0.02,nan,0.4734,-7.89,5.436,0.0769,0.137,0.137,0.39,-1
1015,1609.75,1186.28,16.8622,0.0008,1.04,nan,0.019,nan,0.2046,-6.753,4.303,0.0607,0.117,0.108,0.41,-1
1016,1521.01,1446.94,16.9395,0.0008,0.902,nan,0.018,nan,0.3287,-1.951,0.435,0.063,0.118,0.113,0.43,-1
1026,932.364,1194.15,17.0455,0.0011,0.781,nan,0.016,nan,0.3104,-6.62,4.211,0.0637,0.131,0.12,0.42,-1
1038,1330.81,848.394,16.9678,0.001,0.822,nan,0.017,nan,0.1775,-3.39,2.396,0.0628,0.127,0.126,0.43,-1
1044,1306.16,993.291,17.0353,0.0009,0.868,nan,0.018,nan,0.2394,-5.453,3.096,0.0642,0.121,0.115,0.42,-1
1050,1067.02,1645.1,17.0492,0.0009,0.916,nan,0.018,nan,0.6539,-14.211,-5.157,0.0672,0.129,0.116,0.4,-1
1055,1128.53,1513.19,17.1701,0.002,0.891,nan,0.046,nan,0.8671,-6.373,2.124,0.1108,0.213,0.201,0.36,-1
1061,1396.91,970.061,17.1077,0.0009,0.629,nan,0.021,nan,0.196,-6.647,4.271,0.0769,0.151,0.134,0.4,-1
1929,1361.63,1629.91,18.0193,0.0018,0.895,nan,0.033,nan,0.3642,-5.652,6.961,0.1226,0.236,0.203,0.5,-1
1069,784.793,1434.54,17.0905,0.0014,0.805,nan,0.02,nan,0.4031,-5.529,3.087,0.0786,0.164,0.148,0.4,-1
1265,1002.6,1534.59,17.3082,0.001,0.846,nan,0.023,nan,0.1573,-4.942,3.046,0.0824,0.157,0.136,0.39,-1
1085,1422.79,1564.5,16.5529,0.0009,1.656,nan,0.027,nan,0.0891,-4.016,2.679,0.06,0.105,0.1,0.41,-1
1087,759.619,1368.96,17.1381,0.0009,0.754,nan,0.018,nan,0.2839,-6.898,3.235,0.0667,0.133,0.125,0.41,-1
1095,1394.59,1179.86,17.0839,0.0012,0.897,nan,0.019,nan,0.3528,-5.288,2.611,0.0737,0.142,0.145,0.41,-1
1099,1347.57,1284.96,17.1639,0.0008,0.723,nan,0.019,nan,0.2683,-5.394,3.214,0.069,0.13,0.124,0.41,-1
1100,875.033,1182.5,17.1637,0.0009,0.78,nan,0.017,nan,0.3518,-6.484,0.311,0.0716,0.149,0.141,0.42,-1
1107,1122.82,1094.03,17.0968,0.0011,0.918,nan,0.019,nan,0.2075,-6.942,4.257,0.0662,0.129,0.13,0.41,-1
1109,1184.77,1108.54,17.152,0.001,0.742,nan,0.017,nan,0.3649,-6.024,3.015,0.0729,0.137,0.127,0.43,-1
1110,842.975,1306.45,17.1499,0.001,0.833,nan,0.018,nan,0.442,-7.566,6.075,0.0674,0.139,0.132,0.42,-1
1111,1174.19,1372.1,17.078,0.0009,0.996,nan,0.021,nan,0.6727,-9.234,5.699,0.0673,0.128,0.118,0.41,-1
1112,1231.31,891.933,17.1244,0.0009,0.764,nan,0.026,nan,0.2464,-6.944,4.013,0.0677,0.136,0.131,0.42,-1
1118,1108.89,1363.48,17.1924,0.001,0.694,nan,0.018,nan,0.3096,-6.463,4.212,0.0711,0.133,0.135,0.5,-1
1119,1204.55,812.04,17.0798,0.001,0.927,nan,0.023,nan,0.1773,-6.104,3.666,0.0748,0.164,0.144,0.55,-1
1121,854.87,1565.01,17.1845,0.0011,0.796,nan,0.019,nan,0.3819,-5.128,3.48,0.0933,0.177,0.163,0.41,-1
1130,990.899,1708.9,17.1516,0.001,0.687,nan,0.019,nan,0.1427,-6.662,4.31,0.0835,0.146,0.134,0.4,-1
1138,867.453,991.748,16.7296,0.0019,1.631,nan,0.034,nan,0.9136,-1.636,1.977,0.0968,0.201,0.191,0.37,-1
1142,1181.24,917.698,17.1605,0.001,0.796,nan,0.022,nan,0.1981,-8.835,5.518,0.0698,0.139,0.131,0.41,-1
1147,1185.51,853.149,17.0852,0.001,0.9,nan,0.019,nan,0.2335,-5.916,4.035,0.0676,0.14,0.128,0.56,-1
1149,1208.21,854.442,17.2009,0.0011,0.697,nan,0.019,nan,0.1501,-6.596,4.125,0.0734,0.152,0.138,0.51,-1
1159,1659.1,1344.76,17.2523,0.0008,0.686,nan,0.016,nan,0.1576,-7.037,3.927,0.0761,0.145,0.137,0.42,-1
1168,1366.82,1130.83,17.2347,0.0011,0.721,nan,0.016,nan,0.194,-6.692,4.329,0.0752,0.136,0.136,0.41,-1
1185,1411.31,1619.86,17.2654,0.0013,0.667,nan,0.02,nan,0.11,-6.761,4.254,0.0882,0.168,0.179,0.4,-1
1194,1055.88,1433.89,17.2669,0.0011,0.695,nan,0.015,nan,0.2621,-4.51,2.603,0.0811,0.155,0.139,0.42,-1
1698,959.87,1546.85,17.877,0.0017,0.886,nan,0.029,nan,0.3473,-5.76,5.245,0.1528,0.289,0.265,0.57,-1
1201,767.534,1565.17,17.235,0.0009,0.823,nan,0.019,nan,0.3487,-6.156,3.184,0.0741,0.145,0.129,0.41,-1
1204,1079.62,1202.36,17.261,0.0013,0.722,nan,0.019,nan,0.2713,-6.941,4.051,0.0906,0.162,0.153,0.4,-1
1212,940.543,1023.66,17.2521,0.0011,0.943,nan,0.026,nan,0.1792,-4.319,1.473,0.0783,0.153,0.159,0.39,-1
1219,944.232,1293.44,17.2729,0.001,0.779,nan,0.016,nan,0.1648,-6.009,2.554,0.0813,0.165,0.155,0.41,-1
1220,1295.45,894.535,17.2876,0.0011,0.72,nan,0.024,nan,0.3116,-6.734,4.116,0.0792,0.157,0.148,0.55,-1
1222,1360.7,1088.77,17.2586,0.001,0.833,nan,0.023,nan,0.0293,-4.451,2.296,0.0724,0.136,0.13,0.4,-1
1228,763.43,1206.61,17.2903,0.0012,0.714,nan,0.019,nan,0.3725,-6.91,4.519,0.0813,0.169,0.141,0.55,-1
1231,1243.7,1169.72,17.3047,0.0025,0.87,nan,0.027,nan,0.1999,0.141,2.464,0.1468,0.267,0.264,0.36,-1
1230,787.386,1345.5,17.27,0.0012,0.86,nan,0.019,nan,0.3184,-6.26,4.146,0.0838,0.162,0.152,0.39,-1
1235,864.11,1036.86,17.344,0.0009,0.719,nan,0.019,nan,0.2,-6.759,4.226,0.0751,0.152,0.147,0.58,-1
1238,1382.1,1257.42,18.3653,0.0022,0.992,nan,0.046,nan,0.1356,-6.567,4.314,0.1771,0.355,0.268,0.85,-1
1242,1328.66,1003.94,17.2715,0.0011,0.944,nan,0.02,nan,0.4072,-11.646,3.499,0.0771,0.152,0.133,0.4,-1
1246,854.479,1377.73,17.3175,0.0011,0.75,nan,0.018,nan,0.4142,-7.704,3.43,0.0875,0.175,0.179,0.41,-1
1250,1279.05,924.216,17.5138,0.0076,0.858,nan,0.028,nan,nan,nan,nan,nan,nan,nan,0.88,-1
1252,1095.46,1770.64,16.721,0.0009,1.743,nan,0.032,nan,0.1718,-3.501,2.006,0.0676,0.124,0.121,0.39,-1
1261,901.949,1533.07,17.3592,0.0093,0.895,nan,0.023,nan,nan,nan,nan,nan,nan,nan,0.84,-1
1275,1085.85,1769.79,17.4753,0.0033,0.899,nan,0.032,nan,0.2727,-3.584,2.543,0.1512,0.283,0.256,0.53,-1
1280,1075.06,1463.05,17.3291,0.001,0.87,nan,0.023,nan,0.3407,-6.174,1.941,0.0949,0.184,0.154,0.4,-1
1285,1285.95,1317.81,17.3432,0.0012,0.738,nan,0.019,nan,0.2897,-6.942,3.875,0.0847,0.149,0.138,0.58,-1
1289,1156.0,1238.66,17.2908,0.0014,0.876,nan,0.025,nan,0.0156,-6.433,2.795,0.0945,0.168,0.153,0.39,-1
1293,1535.41,1043.51,16.7597,0.001,1.813,nan,0.04,nan,0.0391,-5.26,3.476,0.0686,0.13,0.12,0.4,-1
1481,1505.05,1037.53,17.6667,0.0035,0.809,nan,0.024,nan,0.2301,-6.487,4.138,0.1662,0.298,0.281,0.56,-1
1297,1082.48,1123.74,17.3056,0.0014,0.955,nan,0.02,nan,0.1965,-3.35,2.362,0.0926,0.169,0.16,0.39,-1
1299,1453.27,1088.48,17.3497,0.001,0.912,nan,0.021,nan,0.3208,-4.989,4.112,0.0854,0.153,0.144,0.53,-1
1301,847.512,1135.15,17.519,0.001,0.882,nan,0.044,nan,0.1363,-6.688,4.251,0.0866,0.171,0.162,0.36,-1
1306,835.512,1162.73,17.3593,0.0011,0.777,nan,0.022,nan,0.2809,-6.812,4.125,0.0855,0.181,0.158,0.43,-1
1321,1481.28,1173.78,17.2999,0.0009,0.994,nan,0.022,nan,0.2438,-5.903,2.724,0.0742,0.14,0.133,0.4,-1
1328,1523.1,1093.81,16.5731,0.001,1.995,nan,0.051,nan,0.1273,-3.846,3.075,0.0566,0.108,0.101,0.38,-1
1334,1075.01,1057.23,17.4025,0.0012,0.886,nan,0.027,nan,0.1955,-3.629,2.864,0.0863,0.176,0.196,0.38,-1
1336,933.506,1126.68,17.4246,0.0011,0.836,nan,0.023,nan,0.1472,-2.194,2.224,0.0814,0.17,0.165,0.39,-1
1338,1019.49,1736.22,17.368,0.001,0.824,nan,0.022,nan,0.261,-6.762,4.168,0.0885,0.156,0.145,0.44,-1
1350,1481.11,1488.37,16.799,0.001,1.679,nan,0.037,nan,0.1172,-4.001,2.622,0.0635,0.116,0.115,0.38,-1
1356,1149.15,1383.06,17.4657,0.0015,0.708,nan,0.022,nan,0.1927,-7.565,3.354,0.0926,0.176,0.179,0.5,-1
1359,953.3,1661.48,17.3657,0.0011,0.895,nan,0.024,nan,0.0957,-5.473,3.069,0.0808,0.153,0.139,0.56,-1
1361,767.532,1555.1,17.4588,0.0011,0.789,nan,0.029,nan,0.2228,-4.574,1.437,0.0832,0.161,0.146,0.38,-1
1362,1063.22,1568.73,16.7961,0.0009,1.894,nan,0.035,nan,0.2384,-4.767,2.51,0.0583,0.109,0.103,0.42,-1
1363,796.511,1600.31,17.458,0.0012,0.741,nan,0.024,nan,0.1308,-6.739,3.921,0.0889,0.174,0.155,0.49,-1
1366,1336.87,927.322,17.4632,0.0012,0.854,nan,0.031,nan,0.3143,-8.829,7.757,0.0832,0.159,0.146,0.38,-1
1372,940.247,1315.92,17.4609,0.0009,0.901,nan,0.023,nan,0.4434,-8.602,3.405,0.0806,0.16,0.143,0.4,-1
1371,1267.37,1656.8,17.4036,0.001,0.861,nan,0.025,nan,0.0301,-7.024,4.174,0.0868,0.164,0.153,0.38,-1
1393,1348.76,1351.87,17.5052,0.001,0.826,nan,0.023,nan,0.2595,-5.272,2.164,0.0935,0.185,0.191,0.46,-1
1399,1025.96,1075.76,17.3015,0.0011,1.077,nan,0.023,nan,0.0679,-3.862,3.027,0.0729,0.145,0.138,0.42,-1
1404,1429.81,1389.72,18.0216,0.0032,0.886,nan,0.057,nan,nan,nan,nan,nan,nan,nan,0.54,-1
1416,798.733,1013.33,17.4739,0.001,0.959,nan,0.022,nan,0.3344,-3.402,2.421,0.0821,0.164,0.159,0.56,-1
1422,861.212,1606.21,17.5141,0.0013,0.83,nan,0.024,nan,0.4039,-5.908,2.597,0.0909,0.172,0.172,0.65,-1
1432,1380.06,1146.02,17.558,0.0011,0.753,nan,0.021,nan,0.2082,-6.243,3.208,0.0889,0.166,0.157,0.4,-1
1435,1039.94,955.31,17.5017,0.0019,0.843,nan,0.026,nan,0.3037,-7.06,4.133,0.0875,0.18,0.164,0.61,-1
1433,1231.85,1474.88,17.5243,0.0015,0.851,nan,0.032,nan,0.2596,-5.769,2.87,0.0903,0.177,0.151,0.68,-1
1440,938.372,1641.59,17.5037,0.0011,0.844,nan,0.026,nan,0.2207,-7.896,3.753,0.0876,0.167,0.153,0.63,-1
1442,1150.83,1413.37,17.5264,0.0013,0.787,nan,0.021,nan,0.1346,-6.707,4.353,0.1153,0.187,0.161,0.43,-1
1466,840.029,906.118,17.5331,0.0011,0.969,nan,0.026,nan,0.396,-5.88,3.042,0.0918,0.182,0.168,0.54,-1
1487,1164.46,1185.31,17.5913,0.0012,0.909,nan,0.025,nan,0.1095,-8.729,5.554,0.0954,0.208,0.184,0.38,-1
1489,884.141,1342.63,17.5716,0.0014,0.774,nan,0.024,nan,0.3782,-6.666,4.214,0.0897,0.186,0.182,0.52,-1
1496,824.14,1004.06,17.65,0.0012,0.791,nan,0.023,nan,-0.3775,-3.978,3.203,0.1074,0.22,0.222,0.38,-1
1497,1529.45,1309.15,17.6899,0.0019,0.974,nan,0.052,nan,0.3927,-11.778,2.229,0.0962,0.196,0.196,0.36,-1
1498,737.704,1171.7,17.6357,0.0012,0.819,nan,0.022,nan,0.0476,-5.516,3.027,0.0953,0.194,0.186,0.39,-1
1505,947.023,870.554,17.5918,0.0011,0.954,nan,0.035,nan,0.3785,-5.53,1.994,0.0909,0.187,0.183,0.39,-1
1521,837.527,921.718,17.6031,0.0011,0.873,nan,0.028,nan,0.1771,-5.105,2.979,0.0997,0.203,0.196,0.38,-1
1526,1082.88,1649.02,17.5603,0.0011,1.157,nan,0.029,nan,0.0689,-4.402,1.881,0.0903,0.171,0.155,0.39,-1
1531,1186.11,1261.8,16.9377,0.001,1.918,nan,0.052,nan,-0.0055,-4.565,2.512,0.0723,0.147,0.13,0.38,-1
1540,732.34,1131.73,17.6723,0.0011,0.813,nan,0.024,nan,0.4258,-5.829,2.761,0.0963,0.196,0.186,0.65,-1
1541,1215.56,1159.21,17.544,0.0012,0.966,nan,0.026,nan,0.1061,-4.451,2.744,0.0984,0.173,0.163,0.39,-1
1542,1370.58,839.065,17.6738,0.0016,0.804,nan,0.03,nan,0.0979,-6.244,2.361,0.1004,0.192,0.17,0.58,-1
1548,929.8,877.787,17.6246,0.0011,0.889,nan,0.03,nan,0.382,-11.769,5.947,0.0967,0.191,0.184,0.38,-1
1563,1327.64,1368.85,17.7292,0.0022,0.849,nan,0.026,nan,1.3183,-3.76,3.124,0.1934,0.337,0.333,0.35,-1
1566,1422.91,1024.31,17.7394,0.0014,0.882,nan,0.03,nan,0.1618,-5.796,2.309,0.1005,0.187,0.171,0.38,-1
1580,1413.85,1652.41,17.6752,0.0012,0.836,nan,0.025,nan,0.3738,-7.88,5.885,0.107,0.188,0.175,0.38,-1
1582,1229.85,925.539,17.7075,0.0014,0.849,nan,0.033,nan,0.0474,-5.204,3.142,0.0976,0.199,0.19,0.53,-1
1583,984.659,1383.27,17.7548,0.0014,0.877,nan,0.027,nan,0.1265,-5.645,1.558,0.1199,0.207,0.188,0.37,-1
1587,1061.09,1217.66,17.5153,0.0014,1.488,nan,0.049,nan,1.0669,-15.582,6.947,0.094,0.163,0.155,0.35,-1
1598,871.271,967.359,17.8658,0.0079,1.191,nan,0.058,nan,nan,nan,nan,nan,nan,nan,0.42,-1
1602,1460.89,1329.88,17.1868,0.0011,1.779,nan,0.044,nan,0.1514,-4.016,3.252,0.0773,0.144,0.136,0.38,-1
1609,1107.66,1696.4,17.7207,0.0014,0.904,nan,0.03,nan,0.3767,-6.435,6.146,0.1348,0.307,0.29,0.36,-1
1617,1132.46,1294.85,17.7583,0.0012,0.823,nan,0.026,nan,0.2932,-6.654,4.091,0.107,0.197,0.181,0.55,-1
1628,1098.74,945.778,17.6652,0.0014,0.877,nan,0.029,nan,0.072,-4.797,2.133,0.1046,0.203,0.186,0.55,-1
1630,1071.95,1083.71,17.9739,0.0023,0.896,nan,0.054,nan,0.2169,-6.536,3.964,0.1257,0.273,0.33,0.54,-1
1632,1236.96,1552.12,17.6431,0.0012,0.874,nan,0.03,nan,0.2975,-6.988,1.898,0.1113,0.251,0.218,0.37,-1
1639,1150.89,1165.89,17.7021,0.0013,0.903,nan,0.029,nan,0.2922,-4.987,2.871,0.0968,0.179,0.173,0.62,-1
1641,965.608,1161.28,17.7564,0.0011,0.963,nan,0.029,nan,0.5284,-10.235,6.946,0.101,0.213,0.211,0.38,-1
1642,1283.38,845.342,17.7563,0.0011,0.812,nan,0.029,nan,0.1202,-7.261,4.377,0.0995,0.2,0.195,0.55,-1
1644,995.683,1277.38,17.7436,0.0018,0.821,nan,0.03,nan,0.3582,-6.278,5.168,0.1305,0.246,0.233,0.36,-1
1648,1214.56,1524.69,17.6752,0.0012,1.011,nan,0.029,nan,0.1619,-5.952,5.306,0.1106,0.207,0.186,0.37,-1
1650,813.176,1300.36,17.6663,0.0012,0.95,nan,0.029,nan,0.2191,-4.138,2.305,0.092,0.188,0.179,0.55,-1
1657,1193.39,1740.55,17.704,0.0014,1.116,nan,0.037,nan,0.6085,-5.07,3.168,0.1099,0.195,0.173,0.54,-1
1668,1319.7,1723.72,17.7725,0.0014,0.76,nan,0.03,nan,0.1474,-7.038,3.961,0.1092,0.207,0.2,0.37,-1
1678,868.499,1030.3,17.6522,0.0012,1.178,nan,0.038,nan,0.475,-9.505,0.688,0.0931,0.191,0.183,0.36,-1
1683,784.668,1011.11,17.7643,0.0012,1.021,nan,0.031,nan,0.1078,-5.64,3.566,0.0966,0.19,0.182,0.36,-1
1685,1457.03,1385.15,17.7918,0.0013,0.795,nan,0.026,nan,0.0944,-7.14,4.125,0.1036,0.204,0.185,0.38,-1
1697,1611.73,1384.18,17.8397,0.0013,0.974,nan,0.034,nan,0.5175,-10.371,5.913,0.1035,0.192,0.18,0.55,-1
1722,916.071,1404.3,17.7714,0.0013,1.131,nan,0.03,nan,0.4861,-7.256,3.361,0.1065,0.202,0.172,0.37,-1
1726,1171.99,1693.03,17.8454,0.0013,0.912,nan,0.033,nan,0.455,-10.73,5.457,0.1168,0.215,0.193,0.55,-1
1727,1061.85,1333.34,17.8812,0.0015,0.879,nan,0.034,nan,0.0878,-6.973,3.898,0.1167,0.213,0.208,0.76,-1
1730,959.483,1177.57,17.8836,0.0014,0.764,nan,0.032,nan,0.1594,-7.007,4.102,0.1043,0.209,0.203,0.72,-1
1732,1528.45,1359.71,17.8538,0.0014,0.858,nan,0.036,nan,0.2503,-6.764,4.331,0.1129,0.201,0.191,0.37,-1
2378,1239.97,1637.82,18.5295,0.0028,1.058,nan,0.059,nan,0.1122,-6.252,5.042,0.2151,0.445,0.353,0.69,-1
1747,1204.75,1343.27,17.94,0.0017,0.89,nan,0.034,nan,0.2417,-7.603,5.356,0.1168,0.217,0.196,0.37,-1
1749,961.351,1198.08,17.9594,0.0013,0.82,nan,0.029,nan,-0.1076,-7.121,4.228,0.1148,0.242,0.22,0.38,-1
1757,1002.74,1499.02,17.86,0.0015,0.797,nan,0.031,nan,0.6026,-4.754,2.778,0.1237,0.229,0.208,0.37,-1
1758,1176.82,1735.32,17.9251,0.0021,1.017,nan,0.041,nan,-0.0798,-6.876,4.161,0.1509,0.302,0.282,0.34,-1
1769,852.648,1644.74,17.9272,0.0015,0.811,nan,0.039,nan,0.3261,-5.638,3.364,0.1142,0.214,0.208,0.36,-1
1776,1568.02,1158.48,17.8347,0.002,1.14,nan,0.043,nan,0.5142,-6.644,5.197,0.2014,0.391,0.384,0.36,-1
1785,1359.02,1262.43,17.8916,0.0014,0.843,nan,0.032,nan,0.1399,-6.694,4.013,0.1067,0.199,0.19,0.71,-1
1788,1623.12,1255.92,17.902,0.0014,1.172,nan,0.041,nan,0.5201,-6.042,4.415,0.1098,0.204,0.191,0.36,-1
1793,1222.94,886.867,17.8129,0.0015,1.252,nan,0.047,nan,0.2827,-5.288,1.765,0.1081,0.212,0.204,0.5,-1
1807,1173.64,1285.81,17.3895,0.0013,1.753,nan,0.072,nan,0.244,-4.114,2.772,0.0834,0.154,0.149,0.37,-1
1811,842.344,1257.71,17.9756,0.0017,0.973,nan,0.029,nan,0.3668,-4.739,0.959,0.1139,0.235,0.217,0.51,-1
1812,940.763,1674.53,17.9758,0.0013,0.986,nan,0.03,nan,0.2243,-5.618,3.705,0.1161,0.22,0.2,0.53,-1
1813,1035.67,1539.68,17.3761,0.0012,1.763,nan,0.062,nan,0.0735,-3.937,2.27,0.0838,0.156,0.141,0.36,-1
1821,1163.19,1555.74,18.006,0.0015,0.774,nan,0.059,nan,0.1858,-6.09,2.678,0.1244,0.224,0.204,0.51,-1
1846,709.866,1321.22,17.8131,0.0014,1.125,nan,0.037,nan,0.2124,-4.523,2.542,0.1132,0.206,0.205,0.51,-1
1849,1151.12,1107.24,17.5522,0.0012,1.593,nan,0.048,nan,0.0938,-5.351,3.057,0.0993,0.169,0.16,0.36,-1
1856,1503.97,1369.67,18.0708,0.006,0.944,nan,0.043,nan,-0.3892,-4.733,-1.791,0.3851,0.73,0.732,0.52,-1
1861,1022.17,1628.71,18.03,0.0016,0.905,nan,0.039,nan,0.6109,-7.523,5.408,0.1231,0.227,0.207,0.44,-1
1872,1286.97,1623.53,18.0465,0.0017,0.841,nan,0.033,nan,0.2795,-6.76,3.714,0.1236,0.238,0.208,0.34,-1
1876,1375.89,1719.85,17.9356,0.0014,0.928,nan,0.039,nan,0.3231,-2.656,2.081,0.115,0.215,0.192,0.37,-1
1877,1391.17,1194.84,18.0589,0.0014,0.97,nan,0.035,nan,0.2414,-6.418,4.262,0.1265,0.255,0.229,0.55,-1
1878,701.496,1264.17,18.0025,0.0086,1.148,nan,0.033,nan,nan,nan,nan,nan,nan,nan,0.57,-1
1885,1215.97,1033.93,19.2127,0.0039,1.433,nan,0.056,nan,0.4265,-6.403,3.708,0.3064,0.582,0.45,0.33,-1
1887,1274.26,982.924,18.0046,0.0015,0.919,nan,0.036,nan,0.1861,-5.478,3.262,0.1159,0.229,0.199,0.52,-1
1891,1601.23,1328.39,19.1641,0.0047,0.915,nan,0.041,nan,-0.1318,-3.609,1.656,0.285,0.595,0.419,0.34,-1
1910,1410.96,1034.69,18.1278,0.0016,0.826,nan,0.036,nan,0.1312,-3.477,1.509,0.1278,0.247,0.23,0.36,-1
1920,938.5,996.812,17.8712,0.0022,1.181,nan,0.039,nan,-0.03,-5.854,3.675,0.1072,0.214,0.207,0.42,-1
1926,819.051,1422.86,18.0693,0.0018,0.908,nan,0.036,nan,0.5587,-8.081,1.803,0.1434,0.329,0.272,0.43,-1
1946,1411.89,1308.14,18.069,0.0015,0.899,nan,0.035,nan,0.2081,-6.624,4.296,0.1336,0.234,0.21,0.55,-1
1947,1041.19,1655.6,18.0495,0.0015,0.996,nan,0.047,nan,0.3348,-4.544,3.144,0.1274,0.24,0.217,0.53,-1
1951,1517.61,1096.45,18.1267,0.0028,0.995,nan,0.036,nan,-0.2353,-7.238,2.235,0.1693,0.306,0.279,0.38,-1
1957,1586.37,1094.6,18.0881,0.0014,0.943,nan,0.038,nan,0.2939,-6.844,4.318,0.1284,0.237,0.211,0.36,-1
1960,1053.72,949.108,18.1204,0.0017,1.123,nan,0.045,nan,0.4412,-7.121,3.792,0.1255,0.262,0.23,0.52,-1
1966,768.036,1446.01,18.1302,0.0018,0.849,nan,0.039,nan,0.4616,-5.937,0.401,0.162,0.308,0.323,0.35,-1
1967,986.001,1720.96,18.0381,0.0015,0.961,nan,0.038,nan,0.204,-5.806,-2.623,0.133,0.237,0.21,0.37,-1
1974,688.201,1274.61,18.0603,0.0014,0.95,nan,0.037,nan,0.2588,-4.358,2.282,0.1337,0.267,0.269,0.42,-1
1976,1446.57,1321.86,17.9729,0.0015,0.973,nan,0.039,nan,0.1799,-5.673,3.415,0.1235,0.227,0.211,0.36,-1
1977,996.956,1260.3,18.0095,0.0015,0.958,nan,0.041,nan,-0.3751,-4.648,2.625,0.1178,0.244,0.209,0.37,-1
1978,868.182,928.139,17.9813,0.0015,0.936,nan,0.044,nan,0.158,-4.77,2.228,0.1238,0.249,0.247,0.51,-1
1983,1087.46,1024.32,18.0244,0.0015,1.176,nan,0.044,nan,0.2972,-8.191,5.978,0.1326,0.26,0.26,0.36,-1
1986,859.844,1104.16,18.1705,0.0013,0.848,nan,0.039,nan,0.1336,-6.953,4.068,0.1352,0.278,0.252,0.5,-1
1988,960.58,1415.32,18.1735,0.0016,0.949,nan,0.04,nan,0.315,-4.943,2.844,0.1355,0.266,0.221,0.36,-1
2001,1384.75,1052.41,18.1417,0.0021,1.046,nan,0.042,nan,0.6871,-8.649,5.041,0.155,0.304,0.256,0.37,-1
2008,761.596,1083.72,18.1084,0.0014,0.914,nan,0.042,nan,0.2647,-6.839,4.238,0.1295,0.274,0.262,0.56,-1
2009,1513.6,1506.62,18.0318,0.0016,0.986,nan,0.039,nan,0.36,-3.794,1.815,0.1288,0.227,0.204,0.37,-1
2015,1202.93,1778.08,18.1101,0.0019,0.844,nan,0.041,nan,0.2194,-5.751,3.128,0.1504,0.296,0.248,0.54,-1
2016,825.429,1186.47,18.0432,0.0014,1.041,nan,0.041,nan,0.2767,-5.132,2.525,0.1153,0.222,0.218,0.5,-1
2038,1135.47,1483.89,18.2848,0.0052,1.067,nan,0.059,nan,0.2364,-7.353,2.581,0.2616,1.041,0.696,0.99,-1
2039,860.49,1291.89,18.0741,0.0016,1.006,nan,0.041,nan,0.0235,-6.477,2.075,0.1449,0.271,0.258,0.4,-1
2040,1192.47,1090.73,18.1865,0.0029,1.03,nan,0.042,nan,0.5189,-4.706,1.92,0.1597,0.253,0.229,0.73,-1
2043,988.304,831.444,17.9883,0.0014,1.088,nan,0.046,nan,0.1772,-6.105,4.162,0.1138,0.228,0.213,0.36,-1
2049,826.039,1052.57,18.1917,0.0015,0.935,nan,0.037,nan,0.3652,-7.103,4.053,0.1282,0.265,0.237,0.37,-1
2051,1123.16,1729.71,18.18,0.0018,1.02,nan,0.046,nan,0.1767,-3.546,1.081,0.1547,0.286,0.25,0.54,-1
2075,860.822,1209.69,18.293,0.0017,0.733,nan,0.041,nan,-0.0287,-3.888,1.976,0.1396,0.281,0.266,0.52,-1
2083,993.029,1009.63,18.2764,0.0048,1.02,nan,0.048,nan,0.1998,-7.064,4.111,0.1542,0.322,0.291,0.83,-1
2107,1576.15,1033.21,18.2133,0.0032,1.215,nan,0.049,nan,1.1204,-2.542,6.644,0.2114,0.421,0.375,0.34,-1
2113,1601.14,1044.17,18.0547,0.0018,1.128,nan,0.049,nan,0.0425,-5.797,2.077,0.1268,0.234,0.207,0.36,-1
2127,1547.99,1342.76,17.9343,0.0015,1.214,nan,0.053,nan,-0.0232,-3.982,2.036,0.1137,0.21,0.198,0.38,-1
2130,1461.97,1352.83,18.1786,0.0016,0.919,nan,0.039,nan,0.1125,-7.008,4.294,0.1331,0.26,0.232,0.51,-1
2145,1237.68,1768.52,18.0832,0.0017,1.076,nan,0.054,nan,0.352,-11.974,4.615,0.1379,0.249,0.215,0.34,-1
2157,1152.02,1206.85,18.3078,0.0019,0.995,nan,0.044,nan,0.5471,-6.937,4.143,0.1585,0.316,0.323,0.76,-1
2160,781.928,1567.28,18.2775,0.0017,0.855,nan,0.045,nan,0.1154,-3.857,1.462,0.1439,0.281,0.245,0.62,-1
2170,1156.95,1722.39,18.1934,0.0019,1.039,nan,0.053,nan,0.2362,-4.709,2.715,0.1657,0.293,0.228,0.68,-1
2175,867.342,1070.7,18.2325,0.0015,0.978,nan,0.047,nan,0.2898,-5.465,3.509,0.1366,0.292,0.262,0.36,-1
2176,1092.56,1578.61,18.2134,0.0017,0.93,nan,0.048,nan,0.1787,-5.473,3.092,0.1438,0.28,0.24,0.35,-1
2181,814.047,1546.91,18.3002,0.0019,0.894,nan,0.044,nan,0.0249,-3.156,2.922,0.1629,0.334,0.297,0.61,-1
2186,756.882,1445.99,18.3383,0.002,1.058,nan,0.056,nan,0.3309,-4.031,3.832,0.1521,0.324,0.305,0.34,-1
2190,1343.97,846.306,18.2031,0.002,0.612,nan,0.049,nan,-0.0562,-4.031,3.364,0.1522,0.315,0.289,0.35,-1
2192,1249.8,865.304,18.1621,0.0016,0.925,nan,0.057,nan,-0.0217,-4.022,2.659,0.1352,0.298,0.241,0.35,-1
2195,1164.86,876.546,18.1207,0.0015,1.053,nan,0.054,nan,0.2128,-5.318,3.026,0.1309,0.28,0.243,0.54,-1
2197,1170.2,1499.54,18.2772,0.0018,0.953,nan,0.047,nan,0.3071,-4.064,2.819,0.1548,0.3,0.271,0.78,-1
2206,1030.33,1675.25,18.2948,0.002,0.924,nan,0.047,nan,0.7608,-6.295,4.089,0.1601,0.308,0.27,0.88,-1
2210,1397.59,1544.64,18.19,0.0018,1.02,nan,0.05,nan,-0.0769,-4.059,3.031,0.1623,0.278,0.265,0.68,-1
2225,1128.62,997.321,18.3037,0.0022,0.838,nan,0.043,nan,-0.0016,-6.817,3.824,0.1496,0.294,0.288,0.75,-1
2227,1069.3,1340.28,18.322,0.002,0.989,nan,0.051,nan,0.3904,-9.419,0.474,0.1554,0.288,0.274,0.34,-1
2234,1170.71,1536.41,18.1193,0.0025,1.06,nan,0.056,nan,0.4315,-6.801,3.138,0.1458,0.272,0.255,0.64,-1
2235,1140.95,936.273,18.3218,0.0018,1.004,nan,0.049,nan,0.3788,-6.266,3.578,0.1849,0.358,0.305,0.57,-1
2237,922.834,1317.8,18.3643,0.0019,0.955,nan,0.049,nan,0.1192,-7.544,3.492,0.1645,0.349,0.306,0.79,-1
2241,1225.06,830.388,18.034,0.0017,1.446,nan,0.062,nan,0.3081,-4.327,4.455,0.1475,0.309,0.286,0.35,-1
2248,1316.69,1582.56,18.3728,0.0025,1.013,nan,0.062,nan,0.5182,-5.486,3.143,0.1965,0.376,0.324,0.97,-1
2250,1014.36,1334.47,18.263,0.0015,0.891,nan,0.045,nan,0.1002,-4.345,3.276,0.1422,0.292,0.238,0.57,-1
2257,1114.38,1763.19,18.3025,0.003,0.959,nan,0.056,nan,0.1312,-5.175,1.421,0.1956,0.346,0.335,0.68,-1
2259,1146.5,1600.06,18.428,0.002,0.94,nan,0.044,nan,-0.085,-4.573,2.826,0.159,0.309,0.266,0.87,-1
2267,1197.75,1663.37,18.4106,0.0023,0.869,nan,0.056,nan,0.3133,-6.751,3.995,0.1785,0.388,0.376,0.82,-1
2270,901.151,1694.77,18.3796,0.002,1.043,nan,0.052,nan,0.5986,-9.053,7.899,0.1758,0.32,0.301,0.55,-1
2280,1554.99,1121.03,18.4693,0.0024,1.172,nan,0.044,nan,-0.4421,-6.762,2.227,0.213,0.399,0.361,0.66,-1
2283,1358.02,1241.2,18.8839,0.0087,1.216,nan,0.057,nan,nan,nan,nan,nan,nan,nan,0.04,-1
2284,849.43,1144.04,18.3931,0.002,0.877,nan,0.047,nan,0.252,-7.061,3.813,0.1473,0.305,0.27,0.57,-1
2285,1421.37,1054.6,18.2184,0.0016,1.179,nan,0.058,nan,0.2238,-2.544,1.829,0.1441,0.274,0.241,0.36,-1
2288,923.146,1368.11,18.3136,0.0024,1.215,nan,0.058,nan,0.298,-3.285,2.089,0.156,0.269,0.234,0.34,-1
2290,792.135,1053.57,18.2117,0.0015,1.307,nan,0.064,nan,0.6973,-4.98,5.075,0.1362,0.275,0.272,0.35,-1
2293,1503.3,1514.45,18.1679,0.0017,1.251,nan,0.055,nan,0.6148,-6.54,5.745,0.1569,0.293,0.25,0.34,-1
2297,1364.08,1453.81,18.3828,0.0032,0.909,nan,0.046,nan,nan,nan,nan,nan,nan,nan,0.9,-1
2302,1094.91,1489.32,18.4255,0.0021,1.042,nan,0.06,nan,0.2543,-5.139,3.331,0.1672,0.33,0.283,0.92,-1
2301,1181.82,828.549,18.261,0.0016,1.015,nan,0.05,nan,0.169,-5.612,2.784,0.1428,0.297,0.267,0.7,-1
2304,918.152,914.746,18.1793,0.0016,1.247,nan,0.064,nan,-0.0248,-4.552,3.65,0.1383,0.28,0.271,0.35,-1
2309,927.273,1188.28,19.0831,0.003,0.923,nan,0.065,nan,-0.0667,-7.18,3.836,0.2566,0.594,0.478,0.33,-1
2315,979.045,875.239,18.3603,0.0018,0.986,nan,0.057,nan,0.1335,-5.308,2.116,0.1538,0.307,0.277,0.77,-1
2320,903.905,1239.63,18.4278,0.0018,0.922,nan,0.044,nan,0.0705,-6.247,4.043,0.1567,0.365,0.286,0.88,-1
2318,1610.13,1361.54,18.3534,0.0016,1.081,nan,0.05,nan,0.25,-2.37,1.36,0.1469,0.3,0.279,0.35,-1
2323,1482.16,1380.76,18.4353,0.002,0.951,nan,0.046,nan,0.0414,-6.57,1.992,0.1851,0.326,0.28,0.77,-1
2327,689.122,1222.97,18.2502,0.0014,1.172,nan,0.063,nan,0.2046,-5.061,3.652,0.134,0.28,0.252,0.35,-1
2328,1040.31,1615.57,18.2963,0.0018,1.155,nan,0.058,nan,0.3286,-9.122,3.829,0.1519,0.31,0.244,0.62,-1
2332,1337.94,1228.48,18.477,0.0019,0.942,nan,0.052,nan,0.1625,-7.368,4.086,0.1665,0.309,0.28,0.52,-1
2347,1214.96,1108.89,18.3697,0.0023,1.006,nan,0.053,nan,-0.0591,-4.764,2.159,0.1634,0.296,0.307,0.93,-1
2364,1132.4,1734.57,18.3329,0.0017,1.04,nan,0.054,nan,0.3077,-6.927,4.433,0.1663,0.303,0.257,0.52,-1
2366,974.904,1066.72,18.4822,0.002,0.904,nan,0.047,nan,0.2038,-6.403,3.506,0.1613,0.351,0.295,0.62,-1
2380,1427.41,1449.02,18.5565,0.0025,0.98,nan,0.084,nan,0.0235,-8.424,4.7,0.1886,0.395,0.3,0.32,-1
2387,1285.81,1228.43,18.5674,0.0032,0.949,nan,0.057,nan,0.3168,-9.216,1.638,0.2196,0.401,0.365,0.33,-1
2390,1210.75,904.786,18.2892,0.0018,0.886,nan,0.053,nan,0.1852,-4.348,3.612,0.1373,0.288,0.264,0.75,-1
2395,1010.59,1372.4,18.3919,0.002,1.101,nan,0.068,nan,-0.0413,-5.132,2.434,0.228,0.456,0.338,0.83,-1
2399,1089.76,1125.74,18.6666,0.0038,0.814,nan,0.052,nan,1.0148,-7.986,2.682,0.2408,0.534,0.531,0.35,-1
2402,1502.44,1632.81,18.4891,0.0029,1.012,nan,0.066,nan,0.7043,-0.751,1.735,0.2406,0.478,0.389,0.32,-1
2434,1322.15,1326.02,18.5092,0.0019,0.9,nan,0.05,nan,0.0103,-6.151,3.092,0.1787,0.307,0.276,0.72,-1
2441,964.671,1276.41,18.3778,0.0019,1.051,nan,0.062,nan,0.0991,-4.962,2.503,0.1471,0.305,0.273,0.91,-1
2444,1035.43,1593.91,18.3816,0.0022,1.019,nan,0.053,nan,0.3209,-4.81,2.456,0.1797,0.345,0.291,0.92,-1
2450,985.422,1367.72,18.5986,0.0022,0.994,nan,0.065,nan,-0.3051,-5.534,2.961,0.1874,0.359,0.313,0.85,-1
2448,1218.35,1733.36,18.5382,0.0019,0.998,nan,0.065,nan,0.3255,-5.775,7.804,0.1719,0.331,0.284,0.34,-1
2456,885.493,1049.0,18.4764,0.002,1.001,nan,0.056,nan,0.3015,-5.191,2.684,0.1731,0.375,0.343,0.67,-1
2480,946.515,1238.56,18.4662,0.0017,1.086,nan,0.067,nan,-0.1222,-6.964,3.731,0.1646,0.36,0.296,0.59,-1
2482,1198.07,1046.53,18.5191,0.0034,1.097,nan,0.063,nan,0.5625,-6.091,2.844,0.1903,0.32,0.299,0.85,-1
2484,1021.5,1380.3,18.5262,0.0021,1.081,nan,0.057,nan,0.3602,-3.823,1.427,0.1778,0.337,0.283,0.74,-1
2493,1065.85,1415.59,18.5773,0.0022,0.9,nan,0.056,nan,0.5502,-6.517,4.261,0.1952,0.345,0.287,0.47,-1
2494,1354.77,837.421,19.7811,0.0058,1.008,nan,0.063,nan,nan,nan,nan,nan,nan,nan,0.14,-1
2500,1304.73,1609.21,18.3339,0.002,1.139,nan,0.07,nan,-0.054,-4.948,3.396,0.1581,0.308,0.267,0.34,-1
2509,1385.29,1573.57,18.5197,0.0025,0.82,nan,0.059,nan,-0.2244,-5.116,2.261,0.2294,0.443,0.441,0.86,-1
2514,1237.63,1195.25,18.4307,0.0049,1.064,nan,0.093,nan,0.4675,-5.867,2.462,0.3632,0.654,0.599,0.96,-1
2517,819.476,1068.3,18.5746,0.0018,1.097,nan,0.066,nan,0.1086,-5.828,2.847,0.1724,0.355,0.318,0.4,-1
2524,1017.41,1096.34,18.6029,0.0019,0.969,nan,0.061,nan,0.2256,-4.816,2.926,0.1762,0.385,0.321,0.83,-1
2529,982.346,1081.24,19.8968,0.0088,1.247,nan,0.072,nan,-0.6297,0.041,-4.506,0.8243,1.618,3.314,0.33,-1
2549,1337.82,991.737,18.5062,0.002,0.96,nan,0.066,nan,0.1809,-5.919,4.855,0.1668,0.312,0.279,0.34,-1
2555,1403.1,1023.65,18.6035,0.0021,1.156,nan,0.072,nan,0.1826,-3.467,2.611,0.1747,0.353,0.29,0.79,-1
2558,1249.67,1741.68,18.5207,0.0025,1.066,nan,0.057,nan,0.2112,-4.405,3.224,0.198,0.361,0.299,0.85,-1
2562,1372.83,1456.05,18.7968,0.0057,1.115,nan,0.061,nan,nan,nan,nan,nan,nan,nan,0.41,-1
2566,843.203,1047.87,18.6428,0.0021,0.955,nan,0.067,nan,-0.1913,-8.301,5.293,0.1799,0.387,0.341,0.33,-1
2568,1396.22,1642.09,18.7594,0.0026,1.087,nan,0.068,nan,-0.407,-6.425,3.015,0.2459,0.431,0.41,0.76,-1
2574,1160.98,1672.5,18.6634,0.0023,1.141,nan,0.071,nan,0.3487,-5.109,4.845,0.2037,0.394,0.324,0.34,-1
2580,1236.95,813.767,18.6592,0.0022,1.168,nan,0.076,nan,0.2773,-10.01,4.103,0.179,0.401,0.331,0.35,-1
2586,878.32,1081.5,18.5554,0.0021,1.252,nan,0.08,nan,-0.3037,-7.584,2.028,0.1714,0.368,0.331,0.35,-1
2609,936.211,1138.95,18.7419,0.0023,0.915,nan,0.068,nan,0.5266,-5.634,2.975,0.1828,0.384,0.351,0.72,-1
2614,1568.21,1334.49,18.6808,0.0022,0.997,nan,0.072,nan,0.0602,-6.292,4.216,0.1799,0.337,0.305,0.67,-1
2619,992.403,1026.78,18.5924,0.0021,1.048,nan,0.07,nan,0.3027,-4.844,2.043,0.1691,0.353,0.314,0.83,-1
2617,766.458,1051.77,18.5562,0.0019,1.085,nan,0.075,nan,0.3951,-4.082,3.15,0.1777,0.354,0.354,0.32,-1
2622,866.007,1059.89,18.6014,0.0023,1.146,nan,0.076,nan,0.2748,-7.226,2.369,0.181,0.372,0.348,0.76,-1
2625,1363.04,1433.15,18.9276,0.0094,1.032,nan,0.063,nan,-4.8621,-7.979,-5.153,0.8436,1.541,1.721,0.21,-1
2634,1042.6,891.12,18.743,0.0022,1.057,nan,0.069,nan,0.5428,-5.184,3.034,0.2035,0.421,0.342,0.75,-1
2643,807.156,1183.82,18.7509,0.0023,0.944,nan,0.077,nan,-0.2486,-6.666,1.978,0.1974,0.408,0.377,0.79,-1
2646,1231.53,1020.29,18.6901,0.0021,1.103,nan,0.08,nan,-0.2021,-7.482,4.494,0.2173,0.415,0.344,0.67,-1
2653,1122.95,1021.63,18.8122,0.0027,0.962,nan,0.069,nan,0.2565,-6.779,2.833,0.2109,0.407,0.369,0.61,-1
2655,1239.32,1116.18,18.7914,0.0023,1.203,nan,0.084,nan,-0.1619,-3.36,3.228,0.2101,0.382,0.338,0.47,-1
2662,1157.08,783.04,18.6797,0.0024,1.019,nan,0.076,nan,0.3927,-8.386,3.567,0.2045,0.445,0.34,0.67,-1
2668,1094.34,1219.82,18.7692,0.0022,1.069,nan,0.083,nan,0.016,-5.167,2.198,0.1984,0.385,0.337,0.71,-1
2680,1249.73,1261.32,18.7805,0.0026,1.017,nan,0.076,nan,0.0625,-6.946,3.803,0.2162,0.417,0.352,0.53,-1
2699,1332.09,1347.17,18.8094,0.0022,1.152,nan,0.075,nan,0.9758,-9.184,2.953,0.2822,0.428,0.36,0.57,-1
2709,853.911,1464.18,18.8178,0.0023,1.011,nan,0.079,nan,0.4903,-3.984,2.943,0.2003,0.384,0.319,0.49,-1
2713,1273.6,1396.14,18.9667,0.0037,1.129,nan,0.095,nan,1.5732,-5.366,4.07,0.3662,0.68,0.799,0.34,-1
2714,1138.87,1010.15,18.9861,0.0027,0.981,nan,0.081,nan,0.072,-7.251,4.176,0.2445,0.452,0.472,0.34,-1
244,1202.09,1580.89,15.0645,0.0047,0.441,nan,0.018,nan,1.4835,-6.518,2.768,0.2465,0.507,0.45,0.38,-1
719,1591.63,1472.54,16.1203,0.0046,0.733,nan,0.015,nan,0.1958,-8.368,1.751,0.1997,0.366,0.368,0.4,-1
917,1260.27,1607.2,16.9064,0.001,0.775,nan,0.022,nan,0.3824,-11.998,7.701,0.0654,0.129,0.123,0.4,-1
345,1367.47,1271.8,15.2546,0.0004,1.271,nan,0.009,nan,0.1882,-6.727,2.888,0.027,0.052,0.05,0.49,-1
1127,1106.89,1450.44,17.1405,0.002,0.718,nan,0.033,nan,0.2951,-5.072,3.046,0.0769,0.143,0.143,0.37,-1
1128,1198.74,1254.07,16.9514,0.001,1.19,nan,0.024,nan,1.2548,-30.239,19.867,0.0652,0.122,0.12,0.4,-1
1244,1400.42,1177.58,17.3335,0.0017,0.923,nan,0.018,nan,0.5485,-4.839,1.88,0.0846,0.155,0.179,0.41,-1
1335,1032.63,1432.79,17.3516,0.0016,0.948,nan,0.024,nan,0.3097,-3.061,1.132,0.0943,0.186,0.168,0.52,-1
1296,1513.0,1042.07,17.3462,0.001,1.006,nan,0.022,nan,0.5631,-7.31,3.264,0.085,0.16,0.16,0.39,-1
1600,1068.2,1651.11,17.6847,0.0016,0.786,nan,0.028,nan,0.3685,-3.672,1.126,0.1081,0.204,0.182,0.36,-1
1604,1315.06,1609.12,17.7954,0.0041,1.043,nan,0.035,nan,0.3805,-5.97,1.462,0.1188,0.223,0.207,0.36,-1
1063,1356.22,1624.4,17.0845,0.001,0.729,nan,0.019,nan,0.422,-5.254,7.032,0.0708,0.138,0.121,0.41,-1
2072,1476.36,1458.89,18.0694,0.0026,1.14,nan,0.048,nan,0.8557,-8.971,1.423,0.1569,0.338,0.25,0.39,-1
2221,1515.28,1408.29,18.3765,0.0019,0.909,nan,0.042,nan,0.3855,-5.937,3.01,0.1612,0.318,0.287,0.84,-1
2294,1460.99,1394.16,18.3988,0.0043,1.194,nan,0.072,nan,0.1461,-4.741,4.08,0.2745,0.529,0.523,0.91,-1
2363,1201.39,1347.52,18.4247,0.0019,0.969,nan,0.056,nan,0.3104,-7.076,4.036,0.157,0.314,0.265,0.88,-1
1744,1231.93,1640.73,17.9072,0.0015,0.855,nan,0.032,nan,-0.0735,-4.835,2.868,0.1392,0.267,0.275,0.36,-1
2383,1405.06,1655.88,18.3639,0.0023,1.152,nan,0.052,nan,-0.3847,-5.89,3.712,0.2144,0.385,0.382,0.84,-1
2445,1291.25,1526.86,18.4115,0.0025,1.038,nan,0.065,nan,0.1157,-5.727,3.584,0.2077,0.483,0.38,0.9,-1
2717,1269.08,1388.38,18.7551,0.003,1.239,nan,0.094,nan,0.3865,-6.156,3.296,0.2681,0.561,0.522,0.68,-1
