ra,dec,parallax,parallax_error,phot_g_mean_mag,phot_bp_mean_mag,phot_rp_mean_mag,phot_g_mean_mag_error,phot_bp_mean_mag_error,phot_rp_mean_mag_error,phot_variable_flag,Vmag,B-V,U-B,V-R,R-I
237.45809754683884,44.522096112142634,8.557377785967214,0.6923429784621904,7.870378,7.7397704,7.6081147,0.008165536,0.0035356209,0.005273232,NOT_AVAILABLE,7.686,0.111,0.101,0.055,0.046
146.22101823750856,44.41872956101884,3.476125263760888,0.0610299308961354,8.136111,8.461212,7.683386,2.2056451E-4,7.337079E-4,6.2205934E-4,NOT_AVAILABLE,8.292,0.602,0.174,0.344,0.329
282.2796776591093,45.32124991416847,2.105185689769291,0.027389529629411963,8.1877165,8.858361,7.4489956,4.2297013E-4,0.0020799446,0.0022995435,NOT_AVAILABLE,8.575,1.266,1.441,0.658,0.577
145.39207960171007,44.20691711792496,2.612417160487083,0.04203138478028799,8.481573,9.052748,7.804112,2.2210402E-4,5.822033E-4,8.3928957E-4,NOT_AVAILABLE,8.79,1.111,1.089,0.57,0.505
340.7923888066526,0.3542950548002456,1.811195385182403,0.03567058369154568,8.705417,9.532356,7.8508005,3.8781666E-4,0.0022198772,0.003341527,NOT_AVAILABLE,9.239,1.485,1.853,0.8,0.717
11.087978367940789,45.92033982230317,24.308172852972827,0.05532680477697255,8.719598,9.181728,8.13895,4.1328624E-4,0.0010734554,0.0012174789,NOT_AVAILABLE,8.951,0.866,0.575,0.476,0.421
190.26511986911942,-0.6206477871019785,0.3924425835516954,0.045313950716984394,8.725561,9.594562,7.858547,0.0011187121,0.0032601426,0.00230666,NOT_AVAILABLE,9.37,1.592,1.666,0.832,0.762
238.7527780638225,44.988950667376315,1.9131566460784013,0.02232324507366376,8.731089,9.401531,7.9848447,3.6163896E-4,0.0014344179,0.0015862848,NOT_AVAILABLE,9.12,1.251,1.413,0.66,0.581
238.58255813453724,44.91843858743496,2.2560356852901338,0.02228515118820789,8.737432,9.293419,8.074612,3.625642E-4,0.0013306785,0.0012716166,NOT_AVAILABLE,9.024,1.055,1.002,0.541,0.496
249.30807533532345,-0.04505671647263721,3.914402142077047,0.04579755476992577,8.770796,9.299993,8.118633,2.043747E-4,5.908132E-4,8.4233534E-4,NOT_AVAILABLE,9.059,0.964,0.616,0.522,0.498
133.31002699039928,-0.7251532868363181,2.4753862254095544,0.03742767521215029,8.780486,9.433914,8.045361,2.0530524E-4,6.5914635E-4,6.3029834E-4,NOT_AVAILABLE,9.15,1.276,1.495,0.649,0.552
100.7446363649043,44.64790675210446,1.528727915078681,0.056629789248603526,8.794663,9.383252,8.106126,5.487908E-4,0.0024824513,0.003712969,NOT_AVAILABLE,9.117,1.11,0.918,0.583,0.53
266.3331898787115,-0.43106893353122056,2.270754826669335,0.04455271296343556,8.802988,9.621026,7.949039,8.3516754E-4,0.0019406221,0.0011638368,NOT_AVAILABLE,9.333,1.465,1.591,0.787,0.705
11.465913260616304,45.89576556776598,1.2558420611533712,0.09530465099638122,8.873482,8.853055,8.920291,6.890144E-4,0.0013714165,0.0017150741,NOT_AVAILABLE,8.907,-0.054,-0.417,-0.015,-0.02
248.59719559663867,-4.014477712395235,13.016429858338606,0.07958252692888547,8.889972,8.742109,9.169525,3.100045E-4,8.2164875E-4,0.0013502929,NOT_AVAILABLE,8.943,-0.282,-1.143,-0.127,-0.135
294.3159860054301,0.18286022406523683,2.096045232155058,0.03968665546982788,8.916362,9.038019,8.722041,4.1077085E-4,0.001486684,0.001924962,NOT_AVAILABLE,8.965,0.209,-0.209,0.121,0.145
8.050664709791961,1.188130912418872,0.9264768195230243,0.04600460630203602,8.933421,9.645632,8.149586,3.3866058E-4,8.4575434E-4,6.9569907E-4,NOT_AVAILABLE,9.36,1.322,1.414,0.692,0.628
220.41027150576213,-0.43387442191547204,1.742313806517967,0.040144164944847675,8.939092,9.626722,8.179206,4.149337E-4,0.0015327138,0.0021670049,NOT_AVAILABLE,9.341,1.306,1.485,0.676,0.587
234.20039931241152,-0.25186116504575634,5.345017930198123,0.07917690682459892,8.94623,9.169452,8.621616,3.268855E-4,0.0020459131,0.004292499,NOT_AVAILABLE,9.036,0.399,0.156,0.232,0.227
194.0137854946346,44.25778302160571,1.5629715382872924,0.026359992696219588,8.971027,9.584476,8.258078,1.395916E-4,4.6790024E-4,6.682324E-4,NOT_AVAILABLE,9.317,1.159,1.131,0.609,0.546
234.64895645130267,-0.5994583205438576,1.6167485175518985,0.06512250082501746,8.985409,9.718155,8.183524,3.8329867E-4,0.0014166118,0.0015203546,NOT_AVAILABLE,9.446,1.294,1.302,0.712,0.652
248.83917621418226,-0.06812003842198995,5.626988723046316,0.04897619639405812,9.107243,9.319448,8.784272,2.7959506E-4,6.97556E-4,6.509969E-4,NOT_AVAILABLE,9.208,0.38,0.083,0.225,0.225
100.78058205610125,44.842348464636224,3.0938302805399984,0.05897431005794799,9.219343,9.538274,8.772197,3.1235485E-4,0.001377486,0.0024163495,NOT_AVAILABLE,9.371,0.583,0.15,0.339,0.317
100.90436165254937,44.722401473176475,1.3233551470280465,0.1470633483574053,9.224294,9.76427,8.569152,4.47505E-4,0.0023282245,0.0028308828,NOT_AVAILABLE,9.506,1.01,0.747,0.539,0.494
238.37025479816666,44.95856453875335,2.7941675942057205,0.02864787419489503,9.233076,9.322448,9.110551,3.009728E-4,0.0015696931,0.0016892022,NOT_AVAILABLE,9.258,0.156,0.107,0.062,0.086
11.391993592626468,45.61336703729512,3.0029180302129963,0.0659273508875979,9.234488,9.499499,8.852933,2.8132324E-4,0.00237441,0.0018579661,NOT_AVAILABLE,9.353,0.472,0.092,0.277,0.28
11.48595466367393,46.07594487367375,1.7215825120084611,0.08989283088695393,9.238779,9.773947,8.582351,2.423239E-4,0.0011588107,0.0010464673,NOT_AVAILABLE,9.52,1.007,0.733,0.534,0.5
56.247337416305946,45.063310440967285,0.9459773494758866,0.04482256081039052,9.251834,10.645283,8.129539,0.0010419454,0.0039677885,0.0020230445,NOT_AVAILABLE,10.368,1.879,2.213,1.169,1.265
294.4303809144709,0.4301696336689586,0.859140448567111,0.043486564437210565,9.281474,10.672101,8.160706,6.6840166E-4,0.0016066239,0.001709082,NOT_AVAILABLE,10.382,1.959,2.306,1.177,1.222
56.48471665816607,45.245528377769844,5.242840620965709,0.04018184992655033,9.312209,9.585003,8.911169,2.4283989E-4,7.9428795E-4,9.910036E-4,NOT_AVAILABLE,9.437,0.474,-0.005,0.293,0.287
168.87858455339344,4.9564767521165844,1.058111950626186,0.1130608278558668,9.326854,9.283371,9.414149,0.0011807057,0.003698977,0.002283035,NOT_AVAILABLE,9.352,-0.114,-0.543,-0.035,-0.052
220.21217483183258,-0.393547473292287,1.339472273155007,0.03650778033514467,9.3325815,10.073306,8.530329,2.959913E-4,0.0025513268,0.0026740413,NOT_AVAILABLE,9.786,1.364,1.58,0.73,0.643
146.8402746239296,44.237143136964946,7.683505669220649,0.244576134915161,9.352428,9.550979,9.050582,3.2492375E-4,0.0019509341,0.002500937,NOT_AVAILABLE,9.445,0.349,-0.001,0.219,0.22
118.97606071891093,-0.2802197152013176,0.3907628054923729,0.0677418504607484,9.357913,9.292135,9.501964,8.5079897E-4,0.0025034582,0.0019095034,NOT_AVAILABLE,9.397,-0.156,-0.729,-0.06,-0.081
221.05865336324604,-0.6184731998025207,5.541280089295321,0.054478834946470205,9.378565,9.594389,9.053667,3.925256E-4,0.0014620223,0.0015519476,NOT_AVAILABLE,9.477,0.378,-0.052,0.233,0.236
119.02782433066699,-0.3451189673041498,1.7049839617975613,0.06167956064179214,9.402758,9.382067,9.466996,3.880797E-4,0.0011230473,9.1531884E-4,NOT_AVAILABLE,9.419,-0.068,-0.22,-0.031,-0.041
148.98606161288896,-0.3875219013615483,1.8044489781464461,0.062006035892121766,9.421778,10.022678,8.735642,3.3606688E-4,0.0035790263,0.0050070435,NOT_AVAILABLE,9.737,1.161,1.145,0.591,0.519
145.74368261765537,43.83450764483224,9.180256617594244,0.13124929337965227,9.444975,9.749556,9.011715,2.6642653E-4,8.455232E-4,6.533337E-4,NOT_AVAILABLE,9.59,0.549,0.015,0.323,0.318
194.62612222096485,43.72195096072646,1.6158303169715493,0.023565041625489013,9.491044,10.049497,8.820146,1.2649578E-4,4.0836196E-4,4.3061498E-4,NOT_AVAILABLE,9.788,1.086,0.938,0.55,0.514
237.9603710953749,44.697712658432984,4.887555827197199,0.0218873669753209,9.497228,9.709035,9.180988,3.1548704E-4,0.001616932,0.0014175624,NOT_AVAILABLE,9.605,0.371,-0.015,0.221,0.225
100.9239102731618,44.51258540624783,0.892363025348458,0.0692983673873871,9.508828,9.587634,9.388935,5.317386E-4,0.002070147,0.0018868577,NOT_AVAILABLE,9.542,0.125,0.175,0.088,0.069
103.02063037462442,-0.3050830363292978,1.0045393078879394,0.07071659085119254,9.515769,9.534613,9.505179,5.295337E-4,0.0014462871,0.0019045204,NOT_AVAILABLE,9.538,-0.003,-0.102,0.01,0.009
310.64760566854847,0.12223533768597265,2.1936098668644837,0.06396346497783302,9.533266,10.182091,8.791993,2.6122527E-4,8.566794E-4,6.8326964E-4,NOT_AVAILABLE,9.905,1.21,1.294,0.648,0.569
11.801815348212058,46.18249227019292,1.6320375316869729,0.11590985427342022,9.535003,9.586567,9.465448,3.2579573E-4,0.0014239725,0.0011696761,NOT_AVAILABLE,9.543,0.09,0.067,0.04,0.041
101.13217873817543,44.56820905025028,3.2176271185398515,0.07226409961430538,9.546205,9.692196,9.325772,3.3699645E-4,0.001794041,0.0011999429,NOT_AVAILABLE,9.58,0.264,0.123,0.144,0.147
282.0958539557473,45.389564845463106,1.5962631958723226,0.023515624991850167,9.5490055,10.134038,8.8615,3.6270014E-4,0.0010303846,7.4369257E-4,NOT_AVAILABLE,9.854,1.132,1.186,0.583,0.509
56.17554944652557,45.078765460747775,1.8433702090889295,0.0366872338471128,9.565733,10.237529,8.805281,2.441324E-4,7.494153E-4,7.4063736E-4,NOT_AVAILABLE,9.972,1.249,1.16,0.663,0.594
190.77508394890933,-0.5383274306308654,4.703330669693943,0.053742428644032086,9.579234,9.847813,9.184306,2.2358324E-4,8.1107585E-4,7.835405E-4,NOT_AVAILABLE,9.705,0.476,-0.035,0.288,0.289
101.3051065143662,44.515688321639274,0.3114592917745488,0.13672719375386855,9.604077,11.336894,8.357232,0.005866355,0.037390355,0.015775573,VARIABLE,11.071,1.7,1.772,1.378,1.629
7.768002122389887,-46.38092367583361,0.9049398576196749,0.043606037020957805,9.617109,10.73245,8.597047,3.3926594E-4,0.0011578806,8.3866285E-4,NOT_AVAILABLE,10.447,1.545,1.91,0.934,1.086
146.63197964916128,44.375600889106636,5.391659171163844,0.03591103324959127,9.644464,9.908258,9.258663,2.6928756E-4,9.001501E-4,6.76189E-4,NOT_AVAILABLE,9.766,0.488,0.03,0.285,0.262
11.589598339417922,46.108379460502455,1.4565957174781432,0.06089233985029318,9.648673,10.225396,8.963378,2.8064952E-4,0.0013399845,0.0011746277,NOT_AVAILABLE,9.951,1.091,0.974,0.571,0.521
237.6622855813953,45.01058075188406,5.194357843292575,0.02634347353369733,9.686213,9.997947,9.243231,2.7074132E-4,0.0011651991,0.0016023746,NOT_AVAILABLE,9.829,0.556,0.013,0.332,0.329
103.014074693912,-0.45515956689613785,1.6550753946500214,0.041402432113079,9.689094,10.306239,8.97871,4.314358E-4,0.0013786801,0.0021193859,NOT_AVAILABLE,10.026,1.176,1.152,0.614,0.536
234.35760590860377,0.3093952700756337,0.24223408596042684,0.09293490402977513,9.702553,11.1910095,8.534297,0.0020746246,0.0108330315,0.0044655325,NOT_AVAILABLE,10.926,1.605,1.799,1.181,1.458
118.80418869025905,-0.42581687714292304,2.4449905579480427,0.039241195641681915,9.705098,9.936597,9.361031,3.4216102E-4,0.0011076676,0.0011162295,NOT_AVAILABLE,9.807,0.402,0.038,0.253,0.247
89.40537474599132,0.2288779442770089,2.3649652841104136,0.06048418023371048,9.733119,9.856623,9.53098,5.318639E-4,7.221182E-4,0.0016292038,NOT_AVAILABLE,9.779,0.201,0.092,0.124,0.14
164.26687684737885,-0.22044220302740028,7.153083935886163,0.05666269250631373,9.743149,10.095004,9.275292,8.6479424E-4,0.0010232577,0.0016856118,NOT_AVAILABLE,9.903,0.664,0.258,0.366,0.332
179.0248695154657,-0.7983891713601808,4.034903488105808,0.07620280422004391,9.762556,9.972726,9.439783,4.5894345E-4,6.1859534E-4,5.6238566E-4,NOT_AVAILABLE,9.859,0.37,-0.057,0.23,0.236
146.8330581663625,44.40792878606481,1.3311079057476172,0.04945832331891912,9.771478,10.274409,9.146183,2.035083E-4,0.0010525185,0.0010422578,NOT_AVAILABLE,10.001,0.943,0.634,0.504,0.475
56.0958751389328,45.393811715689544,0.9552618218969329,0.05919646720112676,9.790841,9.880757,9.629874,6.5225584E-4,0.0017916108,0.001813905,NOT_AVAILABLE,9.835,0.172,-0.455,0.11,0.114
149.57800880873805,-0.42683369055773396,2.1573248252999764,0.10825051402536523,9.823832,9.967809,9.606273,3.3820808E-4,0.0019055834,0.0017809841,NOT_AVAILABLE,9.874,0.26,0.132,0.146,0.151
237.4216021546067,44.58988884602997,2.0882932829338916,0.021423500974655157,9.832012,10.095054,9.449216,3.8922016E-4,0.0011032386,0.0010745989,NOT_AVAILABLE,9.953,0.462,0.061,0.282,0.279
11.797893957565822,45.889616504546574,1.3767553225817124,0.05215512088885506,9.86813,10.384176,9.23032,1.9218127E-4,9.834525E-4,0.0010533943,NOT_AVAILABLE,10.127,0.968,0.637,0.514,0.48
281.91885966457085,45.41093438982955,2.3274035098984576,0.026802696219317045,9.881776,10.050935,9.630344,0.0010708777,0.00343012,0.002496186,NOT_AVAILABLE,9.947,0.287,0.071,0.171,0.193
13.318889036114767,0.8080201008300921,0.4222177414742452,0.04422003349507594,9.896626,10.8905,8.943212,4.884783E-4,0.0018303536,0.0011294795,NOT_AVAILABLE,10.598,1.636,1.992,0.898,0.906
325.36418752577106,0.6710174925656897,3.1870042623276937,0.0637820132941385,9.898703,10.154229,9.517458,3.587453E-4,0.0013890456,3.9863613E-4,NOT_AVAILABLE,10.003,0.453,0.003,0.279,0.283
328.55248097829025,45.24346336787751,2.3337690649420906,0.02994297023165132,9.907399,10.081255,9.634969,3.1189903E-4,6.8083056E-4,6.8345433E-4,NOT_AVAILABLE,9.969,0.307,0.159,0.182,0.197
193.8597639813508,44.55988009165197,6.398765862867841,0.2553122033185335,9.908762,10.24552,9.418583,3.54755E-4,0.0011992976,8.5051445E-4,NOT_AVAILABLE,10.068,0.665,0.19,0.378,0.342
328.4695280348017,45.55203512860073,3.569774763199711,0.0360372824067069,9.913168,10.241507,9.460474,2.6590464E-4,0.0011988262,9.507393E-4,NOT_AVAILABLE,10.038,0.619,0.207,0.344,0.312
194.2634059915644,44.00944010207103,1.342194490179374,0.025985755097448715,9.916006,10.477192,9.242084,1.3973366E-4,5.5263337E-4,5.140259E-4,NOT_AVAILABLE,10.212,1.071,0.984,0.561,0.501
234.58074794614174,0.13468847886046692,1.495163118270427,0.03868186067378827,9.934764,10.516812,9.246042,4.9099734E-4,7.7721063E-4,4.9797096E-4,NOT_AVAILABLE,10.245,1.074,0.83,0.575,0.526
280.3685374105843,0.25635673806609377,3.3442158488359692,0.05890145889889411,9.956913,10.129174,9.706595,8.27451E-4,0.0014335996,0.0016044279,NOT_AVAILABLE,10.025,0.308,0.124,0.171,0.183
11.703365180592705,46.18053410400276,1.9034579588985863,0.1462297865837152,9.965513,10.095371,9.76761,8.571045E-4,0.0015818638,0.0018042611,NOT_AVAILABLE,10.005,0.246,0.161,0.127,0.129
58.225858246174326,0.0052218510610832596,1.5223064513991942,0.056077365569283534,9.9804,10.065007,9.836623,4.5800328E-4,8.702415E-4,9.878705E-4,NOT_AVAILABLE,10.01,0.147,0.077,0.079,0.095
294.31813359809735,0.20151787725971376,0.850898663672389,0.03829022477934918,9.999484,11.038669,9.026275,6.802366E-4,0.0013077266,0.0010200981,NOT_AVAILABLE,10.748,1.741,2.017,0.965,0.897
325.46377321296194,0.6557040687105526,1.3632706972098587,0.038784667020741376,10.001091,10.577383,9.316979,4.3163676E-4,0.0022358107,0.0014666901,NOT_AVAILABLE,10.304,1.058,0.841,0.568,0.528
328.6317107344933,45.23092057372938,0.7394959270176772,0.03073301244010992,10.0107765,11.268527,8.93745,6.429003E-4,0.0018356623,8.5516897E-4,NOT_AVAILABLE,10.973,1.743,2.064,1.075,1.163
194.01082086579265,44.44691922825497,2.7649383109876755,0.04647571721983128,10.025629,10.285574,9.638021,2.1380615E-4,5.255873E-4,5.6532375E-4,NOT_AVAILABLE,10.152,0.48,0.03,0.283,0.28
56.2683816878189,45.296641766571305,3.682026264095861,0.032146614779150165,10.028878,10.619513,9.335343,3.397436E-4,0.0010243086,9.791006E-4,NOT_AVAILABLE,10.335,1.098,0.993,0.591,0.521
27.98128898299557,47.02698349067755,1.794101982566213,0.06722515743937023,10.059474,10.6693,9.343289,3.8748197E-4,0.0015772484,0.0015849944,NOT_AVAILABLE,10.389,1.118,0.958,0.605,0.547
173.20810187789368,5.276782828304241,0.33787540631767016,0.10034743235136756,10.07152,9.94961,10.30871,9.81313E-4,0.0020458254,0.0011388424,NOT_AVAILABLE,10.115,-0.234,-0.975,-0.104,-0.135
342.6175504003287,-13.312380312703684,0.6295778436672674,0.10367262999642853,10.097586,10.042567,10.214057,9.7601203E-4,0.0030156926,0.0017469699,NOT_AVAILABLE,10.111,-0.119,-0.618,-0.052,-0.065
133.14188387395464,-0.6636251233312234,2.019165816329139,0.1392692398857898,10.118274,10.197543,9.989054,3.2386166E-4,4.192538E-4,5.578869E-4,NOT_AVAILABLE,10.14,0.157,0.106,0.078,0.085
356.06418405906766,1.2367329502558044,1.651273635667609,0.05014424755536718,10.123764,10.695025,9.438164,4.8996805E-4,6.580304E-4,7.57512E-4,NOT_AVAILABLE,10.431,1.028,0.76,0.564,0.534
282.70369542135757,45.145437421095714,1.3367357753816627,0.01785087827979472,10.140383,10.7933235,9.403366,4.0897174E-4,9.795226E-4,7.754362E-4,NOT_AVAILABLE,10.489,1.259,1.407,0.651,0.555
266.42686690315645,-0.3598582263394908,4.740166328290933,0.04241378210130494,10.16665,10.540059,9.659523,0.0018737685,0.0057908283,0.0019333634,NOT_AVAILABLE,10.353,0.609,0.226,0.376,0.393
145.5347184736708,44.549143466099764,4.448545351369044,0.041337930682813474,10.182766,10.440994,9.797323,2.3142638E-4,5.632457E-4,5.1662984E-4,NOT_AVAILABLE,10.295,0.478,-0.006,0.285,0.275
266.2609845437661,-0.4913298155374787,0.7526419041525311,0.04918067964283311,10.185222,11.241252,9.201128,5.5178977E-4,0.0017876193,0.0014357163,NOT_AVAILABLE,10.99,1.739,1.967,1.006,0.9
282.19908530959634,45.339738329041204,3.720913517067606,0.025086247723473128,10.188834,10.702506,9.555809,3.2561278E-4,0.0013687599,0.0011008143,NOT_AVAILABLE,10.451,0.967,0.778,0.521,0.458
209.71319594971425,-2.914460624990243,0.2920511090173389,0.08794058740102119,10.213711,10.123354,10.395034,9.394587E-4,0.0023424586,0.0024340763,NOT_AVAILABLE,10.256,-0.185,-0.915,-0.074,-0.1
11.42692376271976,45.58758244372659,3.6945181636989535,0.05049197815464064,10.2524,10.6602955,9.711631,4.4269353E-4,0.0020375836,0.0010104177,NOT_AVAILABLE,10.412,0.764,0.301,0.43,0.409
89.60429923077176,0.08708421607618874,1.7579139140443865,0.04326611777724478,10.2648945,11.0750885,9.40947,3.5492925E-4,0.0015311085,0.0023488274,NOT_AVAILABLE,10.787,1.364,1.089,0.774,0.726
44.41535029113824,-1.9968473637566622,0.4621990899710863,0.05753990913750273,10.285341,10.229206,10.395717,6.580692E-4,0.0022131081,0.0023886259,NOT_AVAILABLE,10.304,-0.111,-0.621,-0.048,-0.06
58.935281439623516,0.11737728489046328,0.4069156462595102,0.04834717723416995,10.290071,11.220181,9.372011,5.5634364E-4,0.0010698894,9.375703E-4,NOT_AVAILABLE,10.938,1.593,1.564,0.874,0.811
328.575850935436,45.25633067544294,2.600472487292579,0.03015217005745795,10.3201685,10.472132,10.075017,3.6557333E-4,8.157493E-4,7.280737E-4,NOT_AVAILABLE,10.367,0.289,0.074,0.165,0.166
205.57916279625215,1.505194889335823,0.49027297297808015,0.09950845431545038,10.3337555,10.240955,10.501014,8.6254126E-4,0.006880348,0.002006588,NOT_AVAILABLE,10.369,-0.163,-0.699,-0.072,-0.095
100.71381432090674,44.85510109910136,0.9019053196575907,0.03785873283390012,10.402225,11.005376,9.690211,6.445128E-4,0.0011863599,6.4931595E-4,NOT_AVAILABLE,10.732,1.117,0.92,0.599,0.549
102.89062660999205,-0.19221804107880935,5.791634660134079,0.036201772208539935,10.4281645,10.754867,9.975384,5.6620134E-4,8.9965225E-4,0.001100757,NOT_AVAILABLE,10.574,0.609,0.094,0.348,0.321
205.5966938576413,1.5071248070808243,2.5918578820580276,0.044787476965380234,10.450178,10.728858,10.039342,3.652401E-4,0.0014687898,8.7449915E-4,NOT_AVAILABLE,10.584,0.499,0.005,0.304,0.301
56.22254187978556,45.50718826579783,1.3798175519887215,0.0519178313106635,10.453019,10.740455,10.027623,3.8791267E-4,5.556624E-4,7.0257194E-4,NOT_AVAILABLE,10.546,0.515,0.391,0.287,0.301
193.93904028999006,44.67741662060341,2.4067403514065147,0.152878571600802,10.457761,10.802884,9.969367,2.1644829E-4,7.355808E-4,5.743489E-4,NOT_AVAILABLE,10.63,0.641,0.101,0.372,0.358
282.44410369787437,45.22559413902925,0.6274922421537721,0.022429025783404194,10.469736,11.158693,9.696138,3.118045E-4,9.730676E-4,8.393974E-4,NOT_AVAILABLE,10.871,1.269,1.285,0.675,0.617
100.5962430264546,44.798458924188424,3.453514091109085,0.0455702981802185,10.480424,10.777881,10.042409,6.010026E-4,0.0010336305,0.0010168308,NOT_AVAILABLE,10.632,0.509,0.004,0.323,0.326
103.00785369965863,-0.45599625990477727,1.7400813347626618,0.604178183109733,10.513984,10.618782,10.343184,0.0017995961,0.0047242013,0.0069026137,NOT_AVAILABLE,10.537,0.202,0.114,0.11,0.122
56.44069293628605,45.42610267326598,2.018809238011284,0.033490097131635164,10.515422,10.860248,10.020742,4.8251284E-4,0.0010702345,9.7067E-4,NOT_AVAILABLE,10.691,0.604,0.195,0.368,0.369
181.3247138780258,60.6133261703043,2.740701519011524,0.02257771995183773,10.5767765,11.076967,9.950877,2.636657E-4,0.0011297812,8.44902E-4,NOT_AVAILABLE,10.831,0.927,0.659,0.51,0.468
56.02133979949153,45.1008032163924,2.768635630955667,0.03744536734661889,10.590969,10.7849865,10.283334,2.5404792E-4,5.214414E-4,4.928384E-4,NOT_AVAILABLE,10.658,0.375,0.167,0.202,0.213
325.24943367635154,0.4601732415630174,0.972858755949153,0.07060604521788834,10.60193,11.146895,9.936949,2.3920547E-4,0.0017895012,9.985948E-4,NOT_AVAILABLE,10.878,1.015,0.696,0.537,0.513
179.22568891281014,-0.5037036305609923,0.8268864685214959,0.047340934441817376,10.606553,11.173098,9.925333,2.6120874E-4,7.8440463E-4,5.7552813E-4,NOT_AVAILABLE,10.89,1.09,0.936,0.56,0.501
72.926613178383,-0.16930192100495975,1.961198478522196,0.03863358938910947,10.63762,10.730352,10.436495,3.2596255E-4,0.003061618,0.0026457517,NOT_AVAILABLE,10.589,0.247,0.118,0.133,0.137
89.47952824623738,-0.15796269321439177,0.5551573809609507,0.060976005699248305,10.639984,11.763464,9.618318,5.847829E-4,0.002625627,0.0010067866,NOT_AVAILABLE,11.483,1.872,2.1,1.047,0.952
310.3269264363221,0.27442844226538593,0.438169787670203,0.04346605411841518,10.658064,11.63919,9.703772,5.9055904E-4,0.0021386456,0.0017539972,NOT_AVAILABLE,11.352,1.601,1.991,0.898,0.903
58.45254563826606,-0.05054559557913158,4.162885734672042,0.033310777370605844,10.664363,10.952379,10.236552,2.8727073E-4,6.0005166E-4,5.4521376E-4,NOT_AVAILABLE,10.803,0.51,-0.016,0.308,0.316
249.44913368574277,-0.5514185390398578,1.0913368651996433,0.06364396778248832,10.664371,10.762784,10.494064,3.6878552E-4,5.649972E-4,8.7069155E-4,NOT_AVAILABLE,10.702,0.18,0.182,0.1,0.109
145.7052869155249,43.826533868424505,3.182446190598007,0.052829221401795336,10.672843,10.945765,10.246933,4.952306E-4,0.0022617604,0.0014444941,NOT_AVAILABLE,10.474,0.565,0.108,0.324,0.299
118.3888894846131,-0.8270701430645423,0.5644380576847132,0.04855510262353021,10.685588,11.343721,9.937928,2.397132E-4,9.6916885E-4,8.745462E-4,NOT_AVAILABLE,11.055,1.252,1.289,0.65,0.577
100.6642043494793,44.52978134073155,2.1577108175511146,0.06523876680103186,10.688456,11.032186,10.197882,3.013756E-4,5.131212E-4,0.0012516502,NOT_AVAILABLE,10.86,0.611,0.113,0.375,0.355
294.4231769876082,0.4475032572882136,0.6769480477203943,0.03451761140570856,10.703465,11.712231,9.733316,4.0852814E-4,0.0011626945,4.9296493E-4,NOT_AVAILABLE,11.419,1.71,1.865,0.951,0.877
282.2683395796584,45.23715979031201,,,10.704677,10.889144,10.393636,8.306343E-4,0.001774426,0.00139822,NOT_AVAILABLE,10.774,0.357,0.025,0.223,0.204
11.206385077429088,45.749376378264934,1.3071886499886598,0.05430141747025899,10.715813,10.960974,10.342273,3.1257543E-4,5.533607E-4,0.0012497702,NOT_AVAILABLE,10.824,0.457,0.138,0.268,0.26
340.5386710887624,1.171287902167851,1.3954415913075793,0.06359875524224003,10.7404585,11.390195,9.998924,2.1883572E-4,9.856252E-4,0.0017218917,NOT_AVAILABLE,11.101,1.206,1.223,0.645,0.561
11.185164469537968,45.83080327844953,0.8308599341620154,0.06765992431597191,10.744296,11.308537,10.066414,2.6875158E-4,0.0025447963,0.0011789209,NOT_AVAILABLE,11.032,1.052,0.845,0.553,0.514
281.89404439799137,45.181519856342256,-1.0317903490815585,0.8748713002923699,10.751257,10.991565,10.373127,2.9819855E-4,8.6021115E-4,6.9780054E-4,NOT_AVAILABLE,10.85,0.442,0.015,0.27,0.262
101.16582171998012,44.807091787743786,0.9793650268436183,0.045400318155363426,10.765212,11.351062,10.064501,3.0959817E-4,0.0017684221,0.0015094801,NOT_AVAILABLE,11.089,1.082,0.844,0.579,0.537
237.98831830097313,44.590631253206844,3.583071121977812,0.02221016946893666,10.768292,11.005687,10.403693,2.453009E-4,0.0010123965,8.354849E-4,NOT_AVAILABLE,10.87,0.433,-0.063,0.271,0.254
103.15510809888588,-0.32234676707932014,0.8491206994443081,0.045781446353446796,10.804359,11.38904,10.108909,2.8059602E-4,0.0016840728,0.0014800775,NOT_AVAILABLE,11.118,1.104,0.904,0.575,0.527
58.17152937993173,0.522582411445239,0.9288199963046252,0.04547849238437115,10.805633,11.515773,10.018229,2.9275962E-4,9.959688E-4,7.1344204E-4,NOT_AVAILABLE,11.216,1.293,1.298,0.692,0.62
44.44583404891449,0.2673787343699853,1.0843428212001125,0.033823329231172525,10.826779,11.490263,10.072121,3.1329738E-4,0.0015501966,8.318853E-4,NOT_AVAILABLE,11.204,1.219,1.281,0.659,0.586
249.25246841673274,-0.5775702738278297,0.7558941226607441,0.03812079244884119,10.830945,11.59318,10.009311,4.0046225E-4,0.0011527486,5.08509E-4,NOT_AVAILABLE,11.307,1.38,1.463,0.743,0.664
9.584434053361758,-14.998383606419154,0.17077828056457356,0.09361419940102937,10.848107,10.686887,11.047143,0.0012587098,0.008310351,0.001438288,NOT_AVAILABLE,10.885,-0.199,-0.838,-0.095,-0.11
112.52529342969014,-2.0770900823842107,0.7640836740695786,0.05802038097693103,10.848828,11.321513,10.247666,2.5286898E-4,0.0013601304,9.270346E-4,NOT_AVAILABLE,11.076,0.875,0.491,0.473,0.449
73.32863611984237,-0.08374817765098629,0.8329728506694344,0.03588414012017067,10.8521,11.418559,10.173159,3.3358237E-4,0.0010856179,7.501462E-4,NOT_AVAILABLE,11.138,1.077,0.89,0.557,0.509
249.45886846060503,-0.01014242020583863,0.801366617493746,0.05183470601770614,10.870664,11.650726,10.037007,3.164217E-4,9.142426E-4,7.366075E-4,NOT_AVAILABLE,11.384,1.432,1.839,0.773,0.661
282.41996739352703,45.1519909590404,1.8388975298277932,0.042277934395816584,10.872694,11.0202,10.633329,5.610971E-4,0.0018214503,0.0013165217,NOT_AVAILABLE,10.927,0.289,0.085,0.164,0.173
27.643235864765188,67.69805738679062,0.7731728718631377,0.04099942494668517,10.8796835,12.417958,9.711282,6.629919E-4,0.0015684051,0.0011833812,NOT_AVAILABLE,12.158,2.375,2.636,1.349,1.232
193.95882687050783,44.70628999936858,0.8610095233250004,0.030313758060760778,10.883813,11.433755,10.219838,3.6724185E-4,8.7166304E-4,5.216957E-4,NOT_AVAILABLE,11.174,1.039,0.874,0.547,0.495
118.54937428320333,-0.42642001252790396,1.2662260001000551,0.0347678179411424,10.88434,11.413135,10.23741,3.462668E-4,9.3363033E-4,6.330838E-4,NOT_AVAILABLE,11.152,1.005,0.832,0.531,0.477
310.5085936407241,0.3189463722925086,0.4902990137196778,0.03449998130919269,10.891023,11.748382,10.013586,7.4880436E-4,0.0018170262,0.0012023242,NOT_AVAILABLE,11.452,1.536,1.742,0.822,0.746
148.71372339333178,-0.45862919116488615,1.3417542497464625,0.05871007362838417,10.910367,11.531476,10.186844,5.240999E-4,0.001404607,0.0012977702,NOT_AVAILABLE,11.249,1.153,1.056,0.612,0.559
89.388271184942,0.3545786100863713,1.7902260696089412,0.030730437311583522,10.921205,11.896888,9.963691,3.7911732E-4,0.0012212679,9.221168E-4,NOT_AVAILABLE,11.605,1.652,1.706,0.929,0.843
235.07009845648432,-0.3541959181142314,1.5176746577633848,0.04105528825952502,10.923164,11.593066,10.171387,6.551525E-4,0.001045203,6.188714E-4,NOT_AVAILABLE,11.311,1.24,1.298,0.664,0.577
282.4071882100041,45.24004797260579,1.2239466489733817,0.022633018086104024,10.930011,11.545748,10.212468,3.06901E-4,9.971327E-4,4.5020712E-4,NOT_AVAILABLE,11.27,1.157,1.2,0.62,0.548
133.477154063733,-0.5394804002870877,0.3246020577206168,0.04662681832403473,10.947301,11.664731,10.154433,3.2577757E-4,8.493034E-4,4.5641972E-4,NOT_AVAILABLE,11.384,1.317,1.457,0.705,0.636
11.307684913591716,45.79665187700758,0.8688741393854057,0.050019257582536315,10.969428,11.542446,10.283801,4.3222774E-4,0.0015363564,6.077529E-4,NOT_AVAILABLE,11.272,1.076,0.893,0.567,0.522
280.89003194527726,0.32792000804874544,2.636353332495043,0.05125203672227434,10.978578,11.28917,10.530803,4.0133414E-4,0.0012750829,7.8191573E-4,NOT_AVAILABLE,11.122,0.556,0.108,0.325,0.335
11.64384026824165,45.84739140462535,1.2167306573521124,0.0567549048447222,11.010484,11.252477,10.646201,6.141862E-4,7.6739345E-4,7.9946266E-4,NOT_AVAILABLE,11.109,0.418,0.115,0.259,0.275
280.7921114194065,0.4617670814337974,1.2123111591648883,0.06010884579270928,11.024072,12.549965,9.840239,7.883035E-4,0.0056281704,8.0258644E-4,NOT_AVAILABLE,12.33,2.326,2.326,1.373,1.25
179.1284418739641,-0.5439457649365006,6.51131896296664,0.0669650052817784,11.033301,11.39789,10.5391445,0.0014278421,0.0018426027,0.0010504066,NOT_AVAILABLE,11.19,0.645,0.045,0.378,0.371
146.72332918430024,44.41823894220768,0.8254261180020888,0.038422539969749654,11.039885,11.62173,10.352225,4.977174E-4,0.0012787061,6.8181386E-4,NOT_AVAILABLE,11.304,1.117,1.075,0.582,0.516
355.6519961919293,1.0996614234155104,2.6753292205562755,0.053142509171787464,11.046462,11.309653,10.649061,5.888401E-4,0.0015667587,6.706701E-4,NOT_AVAILABLE,11.16,0.467,-0.019,0.288,0.293
234.7331238251411,0.1633721939084689,2.6206576302988442,0.04712525622943663,11.068395,11.372032,10.634823,8.4814284E-4,0.0010659487,7.8590197E-4,NOT_AVAILABLE,11.212,0.549,0.06,0.325,0.315
145.5052778893361,44.19614146480273,0.8154253824911196,0.04016156288998548,11.071505,11.512723,10.495641,3.6475406E-4,9.0243586E-4,5.651287E-4,NOT_AVAILABLE,11.291,0.812,0.45,0.449,0.427
13.062650017624016,-10.662944136824475,2.6507633857818655,0.1245433479322815,11.083495,11.025841,11.057135,0.0014414536,0.0054653557,0.0010030012,NOT_AVAILABLE,11.184,-0.082,-1.115,0.051,0.092
14.21168078599501,1.0999701700653113,2.2653666277856814,0.0494593224519963,11.083961,11.588678,10.457418,7.043638E-4,0.001212776,6.625067E-4,NOT_AVAILABLE,11.332,0.932,0.688,0.507,0.461
325.59047153930885,0.20273766874465945,3.2368512142097647,0.049763479941657064,11.087702,11.382268,10.653952,4.7365582E-4,0.0023958816,0.0017332186,NOT_AVAILABLE,11.224,0.526,-0.057,0.303,0.314
328.5207336802577,45.22042844381061,-0.8853117072462262,0.34417158587943075,11.0939865,11.263675,10.801258,6.3768897E-4,7.840249E-4,5.8173743E-4,NOT_AVAILABLE,11.144,0.315,0.185,0.181,0.206
100.78857117857697,44.66771716221998,7.786532997730052,0.06749224721303636,11.118756,11.570732,10.545567,0.0014814476,0.0019007195,0.0022767512,NOT_AVAILABLE,11.335,0.838,0.542,0.468,0.404
44.55566907040097,1.1817376595466278,0.43381979969970735,0.04250011513014787,11.121904,11.897849,10.292569,8.8157447E-4,0.0018440596,6.862338E-4,NOT_AVAILABLE,11.597,1.416,1.617,0.757,0.675
58.16800737408329,-0.08974091187668952,5.173714578663159,0.06126015089983116,11.123936,11.529176,10.599745,0.001319243,0.0013968087,9.926239E-4,NOT_AVAILABLE,11.302,0.712,0.157,0.424,0.385
340.4034801850756,0.984923483305753,0.6919076393640349,0.0392602661984085,11.144332,11.892793,10.334333,0.0010214985,0.0021589852,8.318887E-4,NOT_AVAILABLE,11.599,1.362,1.568,0.738,0.651
58.628155758426075,0.48477805748053115,0.40940020160992374,0.0656742447014441,11.148167,12.445419,10.068574,0.0012763288,0.004425072,0.0027547688,NOT_AVAILABLE,12.174,1.999,2.233,1.166,1.1
11.605275023230808,46.04730648707766,2.2337867243179614,0.06680591597192918,11.150398,11.509727,10.657126,4.4233046E-4,0.0013511239,9.327433E-4,NOT_AVAILABLE,11.307,0.664,0.199,0.377,0.354
280.8288460824384,0.5075030767660351,3.496099619851751,0.04403723659362788,11.183708,11.491532,10.739812,4.2945272E-4,0.0016961577,0.001136573,NOT_AVAILABLE,11.312,0.568,0.059,0.335,0.312
194.3211899396831,44.01681140326271,3.7072033118249523,0.03239706122279116,11.211736,11.548763,10.748331,7.885709E-4,6.356824E-4,5.652795E-4,NOT_AVAILABLE,11.377,0.601,0.015,0.358,0.346
282.22436234761386,45.42494200636129,1.7406009844944976,0.023735237172083614,11.218203,11.522665,10.7764635,4.4841136E-4,0.00138936,9.779456E-4,NOT_AVAILABLE,11.351,0.586,0.141,0.329,0.313
307.5121595007775,39.25101150216733,0.8657032023047438,0.0285987971411889,11.227635,11.691614,10.610866,4.991991E-4,0.0010254777,6.455799E-4,NOT_AVAILABLE,11.463,0.76,0.608,0.448,0.497
73.14739136881029,0.3749809191969276,0.23419909788040652,0.08138392391369266,11.228441,12.014516,10.415932,0.0021613392,0.002483586,0.0023620639,NOT_AVAILABLE,11.719,1.338,1.146,0.735,0.696
280.9644671382327,0.38286903686892354,1.6644579431491908,0.08560268195664399,11.244633,11.846989,10.50615,7.5154816E-4,0.0016683199,0.0011141107,NOT_AVAILABLE,11.583,0.946,0.683,0.549,0.626
101.32160301962001,44.461991058117974,2.8185918108839014,0.06598202564111992,11.24487,11.543241,10.79637,8.4404997E-4,0.0020523758,0.001338616,NOT_AVAILABLE,10.75,0.548,0.01,0.332,0.331
310.7288077242721,0.2504656897276399,1.80257708621051,0.046208314735917216,11.259993,11.817655,10.588699,6.404977E-4,8.4926933E-4,5.099238E-4,NOT_AVAILABLE,11.548,1.03,0.883,0.558,0.502
194.15301099604702,44.24982063796833,4.84043703245517,0.04142780135603794,11.26631,11.626316,10.770154,4.5463076E-4,9.4994856E-4,6.872105E-4,NOT_AVAILABLE,11.429,0.682,0.235,0.378,0.345
234.70923562105543,-0.40730776734236707,0.889580551107878,0.06703596594474692,11.280339,11.956912,10.522318,8.505761E-4,0.0015267971,6.907296E-4,NOT_AVAILABLE,11.676,1.214,1.189,0.667,0.602
58.87973267590294,-0.15377229983418433,0.7144239101983075,0.06009658476295021,11.282792,11.8815975,10.524836,0.0013761808,0.0055446224,0.0056297416,NOT_AVAILABLE,11.531,1.126,0.686,0.6,0.567
282.1354353772071,45.419661845254254,0.6468881269510635,0.025600962074480038,11.289023,11.915562,10.564861,5.529904E-4,0.0018047428,9.805971E-4,NOT_AVAILABLE,11.625,1.205,1.309,0.616,0.546
59.05566219289851,0.14656866416480493,5.378669531995926,0.05134982704738688,11.290359,11.704372,10.747379,8.6527236E-4,9.957438E-4,0.0010821051,NOT_AVAILABLE,11.487,0.737,0.168,0.419,0.412
237.6382039876128,44.96834573612987,1.9925469915641756,0.023801220486494336,11.294641,11.790318,10.671168,4.729084E-4,0.0013776687,9.72079E-4,NOT_AVAILABLE,11.539,0.915,0.663,0.509,0.457
218.08560646947387,42.506828743692,3.097747140828027,0.021912458211182387,11.301642,11.549025,10.918089,6.0715445E-4,0.0011331824,6.6731975E-4,NOT_AVAILABLE,11.421,0.454,-0.109,0.281,0.281
74.36960903238905,41.9306758174169,0.44959317730364845,0.09576016085872213,11.302889,12.491244,10.253881,0.0011878755,0.001981209,0.001980751,NOT_AVAILABLE,12.195,1.819,2.177,1.082,1.036
280.78192734954837,0.46708374548323195,1.5649634397509917,0.04345466317069498,11.316493,11.965898,10.542178,5.311298E-4,0.0017378144,0.0015849874,NOT_AVAILABLE,11.737,0.987,0.639,0.6,0.674
310.56079968815607,0.14988374290837353,1.955683935706898,0.0735342614302689,11.316601,11.56859,10.938787,9.978602E-4,0.0010554269,7.22664E-4,NOT_AVAILABLE,11.424,0.454,0.016,0.273,0.274
183.3278577606839,53.04822312537291,3.64973661168149,0.04768183058338225,11.344686,11.690631,10.8576565,3.0945532E-4,9.690854E-4,7.1946054E-4,NOT_AVAILABLE,11.5,0.648,0.144,0.372,0.349
28.85985505717865,0.9451662020625777,0.6601578507065448,0.06363137453266045,11.345228,11.902974,10.664919,8.8339165E-4,0.0033178725,9.884746E-4,NOT_AVAILABLE,11.619,1.083,0.929,0.553,0.501
280.98073046354386,0.033400259754259864,2.198445645480119,0.05111451152138536,11.377345,12.142289,10.545422,3.8130768E-4,0.0012749371,0.0010837715,NOT_AVAILABLE,11.861,1.309,1.076,0.742,0.7
14.320873873398353,0.6135472811813859,8.088242448358779,0.06483044630272002,11.377512,11.852638,10.78399,0.0016128249,0.0029978123,0.00199403,NOT_AVAILABLE,11.631,0.858,0.472,0.491,0.441
234.70991772689712,-0.28585584959016613,0.4532022210162417,0.0645388614115816,11.397097,12.138936,10.600844,0.0013990987,0.0011988283,8.7047665E-4,NOT_AVAILABLE,11.847,1.318,1.38,0.709,0.647
325.4368450601055,0.29443856426937826,0.7091619057916198,0.044658156356507335,11.416351,12.041413,10.690052,4.3639966E-4,0.0014952335,9.919044E-4,NOT_AVAILABLE,11.744,1.199,1.22,0.621,0.544
282.19615979596483,45.405361844387066,2.26406212005523,0.02102947536215115,11.424402,11.726427,10.979757,2.852776E-4,0.0012179352,9.452888E-4,NOT_AVAILABLE,11.556,0.584,0.086,0.326,0.312
28.657147239612943,0.7167437315758606,2.8553573533363514,0.04521170616513075,11.430477,11.696473,11.019553,5.4034626E-4,0.001993723,9.1293256E-4,NOT_AVAILABLE,11.546,0.488,-0.053,0.293,0.299
266.02828256172603,-0.41613694096292997,1.0409291963418872,0.07608984856242165,11.43114,11.600488,11.136209,5.4405606E-4,0.0018852276,0.0017024071,NOT_AVAILABLE,11.49,0.326,0.154,0.187,0.223
148.7168116350659,-0.30962535847885103,1.5909060175311138,0.06576409150638701,11.442915,11.710281,11.036902,5.6359865E-4,0.001153458,0.0011332756,NOT_AVAILABLE,11.552,0.493,0.032,0.293,0.291
249.44082088594874,-0.4732615679141475,0.8066088236709938,0.0421794652238061,11.447962,12.1349745,10.675011,6.2767323E-4,9.250716E-4,6.0830795E-4,NOT_AVAILABLE,11.856,1.218,1.168,0.679,0.608
111.06407781174163,-0.546625041411614,0.3681407220934403,0.05457317598329318,11.453814,11.421472,11.435905,8.234744E-4,0.0040930137,0.0015805868,NOT_AVAILABLE,11.48,-0.037,-0.287,0.021,0.008
38.85965154868588,3.697303065362902,0.6515056886203789,0.03281232664802086,11.456907,12.063136,10.743256,4.1352326E-4,0.0018088273,7.479969E-4,NOT_AVAILABLE,11.761,1.133,1.007,0.598,0.535
58.17590344365878,0.5213941533217366,7.307108442649513,0.04209048738620015,11.47322,11.923441,10.89041,5.677666E-4,0.0013381235,7.7538466E-4,NOT_AVAILABLE,11.694,0.825,0.447,0.471,0.42
74.35942178770733,41.93115054313728,0.6336718740999141,0.08617055449402378,11.479302,11.605705,11.244059,6.668146E-4,0.0021667734,0.0010274217,NOT_AVAILABLE,11.531,0.239,0.071,0.144,0.171
103.04795452044515,-0.32122025349724126,0.7582795163235927,0.043644591850975745,11.484919,12.228937,10.672032,4.699042E-4,0.001846172,7.8462367E-4,NOT_AVAILABLE,11.93,1.357,1.325,0.727,0.654
13.91413895079415,0.6054248230032584,0.8806562992242672,0.04551870370574711,11.489824,12.055829,10.805675,4.4774805E-4,0.0011967815,4.894554E-4,NOT_AVAILABLE,11.782,1.046,0.844,0.562,0.521
55.98515290303362,45.161513860193416,0.2767463328153494,0.04481352736681885,11.490085,11.580034,11.287198,8.6984184E-4,0.0031092542,0.0015899404,NOT_AVAILABLE,11.559,0.192,-0.389,0.133,0.144
238.0173627204928,44.41617749604793,0.2908245205399054,0.021190407966056573,11.497302,12.432894,10.559183,6.9959427E-4,0.0022100175,0.0013509236,NOT_AVAILABLE,12.126,1.508,1.898,0.86,0.884
280.5788721094961,0.1400467984266677,1.9326879738171883,0.04797362653190166,11.504109,12.207276,10.688665,6.364153E-4,0.0023653642,0.0017824478,NOT_AVAILABLE,11.944,1.023,0.504,0.652,0.727
14.224013341700115,1.0114257602571228,3.684516342419668,0.049250584424428964,11.512842,11.857311,11.028738,7.6905626E-4,0.0010590284,0.0011559272,NOT_AVAILABLE,11.667,0.655,0.11,0.367,0.348
13.791288415126774,0.720252902980591,1.9032121081350863,0.05064527644721258,11.513565,11.7500515,11.14344,7.2175765E-4,9.137151E-4,3.819515E-4,NOT_AVAILABLE,11.615,0.435,-0.037,0.265,0.271
266.0510989857003,-0.34244635730306594,2.657806476498414,0.04889894567596508,11.514495,11.923894,10.95085,3.4258695E-4,0.00217417,0.0014484723,NOT_AVAILABLE,11.731,0.704,0.222,0.427,0.435
220.02915687156423,0.02920146877516817,1.5444653263766634,0.033351361636590145,11.517246,11.68694,11.237342,0.002151232,0.007657739,0.004834956,NOT_AVAILABLE,11.599,0.332,0.085,0.196,0.195
7.582665145356492,-46.409915855695736,2.540729840310615,0.029213211737629786,11.518324,11.75739,11.129748,3.9277613E-4,8.656864E-4,7.199858E-4,NOT_AVAILABLE,11.631,0.443,-0.103,0.276,0.283
190.58701300740765,-0.5522945738677416,1.9985357985089665,0.0494444299977316,11.541702,11.872054,11.0728,5.6717714E-4,8.780757E-4,4.394735E-4,NOT_AVAILABLE,11.665,0.622,0.145,0.357,0.334
56.23461188445828,45.31654007444186,4.095284636930271,0.03296463052436209,11.543046,11.926238,11.00763,3.4486424E-4,0.0010597932,8.089129E-4,NOT_AVAILABLE,11.716,0.7,0.154,0.407,0.385
14.213308879352637,1.1594274614961617,2.721457314709862,0.05232234975570914,11.552935,11.83915,11.1166115,5.726738E-4,0.0010457191,6.265625E-4,NOT_AVAILABLE,11.679,0.529,-0.047,0.318,0.32
249.2436022184687,0.09874946188411877,2.4780107376216143,0.04301295467285562,11.560069,11.863953,11.107663,5.435717E-4,9.809897E-4,6.387595E-4,NOT_AVAILABLE,11.738,0.559,0.073,0.331,0.325
89.28156013268142,0.019877758786836706,3.7804033052478467,0.06327830427685674,11.581148,11.929365,11.087752,3.8842534E-4,0.0016048151,9.578744E-4,NOT_AVAILABLE,11.735,0.647,0.101,0.369,0.354
325.6191504769614,0.6365154241696114,1.8573798107282864,0.03605575606431167,11.589762,12.006589,11.040379,4.6904848E-4,0.0025975988,0.0012391706,NOT_AVAILABLE,11.767,0.786,0.392,0.43,0.393
355.378593923816,1.4403107370231387,1.3920780659864749,0.04492407077643388,11.59315,12.180497,10.870944,0.0041348366,0.013151975,0.0111616105,NOT_AVAILABLE,11.812,1.005,0.548,0.586,0.538
280.79875310322944,0.4952441759483621,1.668139018347118,0.06440755507433361,11.598087,11.997711,11.046923,2.600422E-4,0.0013257838,0.0011507974,NOT_AVAILABLE,11.773,0.671,0.506,0.373,0.436
102.95656670262045,-0.3543723222404429,0.1614385905324393,0.0453965089658048,11.627997,12.997847,10.485086,9.113237E-4,0.004790443,0.0036571182,NOT_AVAILABLE,12.723,2.192,2.144,1.254,1.151
275.9588367751647,41.11209212800912,1.8213441741681862,0.020722292694806355,11.629417,11.960492,11.151953,1.9494668E-4,0.0014401783,0.0013107426,NOT_AVAILABLE,11.771,0.612,0.137,0.355,0.339
179.2533873216013,-0.433793731009111,3.2934994788321865,0.045296675177981235,11.654809,11.966821,11.192598,5.2595633E-4,9.1018894E-4,7.049145E-4,NOT_AVAILABLE,11.776,0.583,0.014,0.339,0.336
56.18293317697207,45.30034134460043,0.9998434906191704,0.03379251488209721,11.659978,11.796435,11.401597,3.635339E-4,0.0014102719,9.1248E-4,NOT_AVAILABLE,11.7,0.278,0.124,0.154,0.165
325.1433432685407,0.6963364153767819,2.6764804595527663,0.037324008960277676,11.666991,11.995103,11.19395,3.5439653E-4,0.0019360968,9.120325E-4,NOT_AVAILABLE,11.796,0.637,0.167,0.363,0.35
28.010024676869797,47.0281881236378,0.7763788377187933,0.06409687474488926,11.669017,11.802276,11.422279,5.5346853E-4,0.0027715247,0.0012471536,NOT_AVAILABLE,11.714,0.267,0.138,0.146,0.165
44.338328286729585,0.31072436159959577,1.8708199647124226,0.04803050864112586,11.673941,11.833136,11.405652,5.5474625E-4,0.0023125682,0.0013260721,NOT_AVAILABLE,11.725,0.303,0.11,0.176,0.184
194.6524585975372,43.726541890787544,3.7926058691252145,0.02233419559962971,11.674932,11.991306,11.206831,2.3544284E-4,6.6143076E-4,5.7309645E-4,NOT_AVAILABLE,11.831,0.603,0.017,0.334,0.344
249.45729614538362,-0.3719574041447503,4.48764006163169,0.08068376438842587,11.685736,12.149028,11.08269,6.246455E-4,0.0011169553,7.118659E-4,NOT_AVAILABLE,11.925,0.84,0.357,0.479,0.445
340.35905779136283,1.169598832874552,2.8354647635416526,0.05486505062038625,11.693791,12.0359535,11.203838,2.7294073E-4,0.001930828,8.058617E-4,NOT_AVAILABLE,11.833,0.656,0.178,0.368,0.341
14.033909424808723,1.0736493285656703,2.634170154235552,0.05221535944910272,11.698583,11.95298,11.295054,5.510542E-4,0.0011033879,7.124533E-4,NOT_AVAILABLE,11.812,0.486,-0.095,0.284,0.292
73.2452415757812,-0.24478299280436294,0.6610941911062932,0.04602644817372375,11.701745,11.783451,11.539473,5.2396406E-4,0.0015952276,0.0013739176,NOT_AVAILABLE,11.719,0.181,0.205,0.092,0.096
280.8422397127911,-0.020980687607181612,2.452268045100169,0.05448333677433403,11.714477,12.1177435,11.161166,3.285246E-4,0.0019179151,6.5564725E-4,NOT_AVAILABLE,11.898,0.708,0.196,0.418,0.418
179.19239879658767,-0.38747405944431856,1.351034310467097,0.06098352604229045,11.733051,11.958647,11.359274,4.911798E-4,9.3870045E-4,7.6509477E-4,NOT_AVAILABLE,11.836,0.413,-0.057,0.262,0.274
282.7103493434616,45.16012236052942,0.14358179953093989,0.01725635187043596,11.7359085,12.464741,10.929231,6.6702405E-4,0.0025514506,0.001802395,NOT_AVAILABLE,12.171,1.29,1.187,0.706,0.666
103.15292608071337,-0.24212326859306327,1.838490875457978,0.03981970490691768,11.746091,12.032974,11.318508,2.1018673E-4,0.0010957529,0.001083461,NOT_AVAILABLE,11.878,0.551,0.069,0.312,0.299
218.1642560944715,42.51112504236157,2.692697041335987,0.021247616313839014,11.749123,12.135655,11.219458,2.0292289E-4,8.3121227E-4,6.135941E-4,NOT_AVAILABLE,11.907,0.759,0.402,0.419,0.378
234.52869877256407,0.2720079985971961,0.6345071944091805,0.040955480256581064,11.75046,12.362315,11.032721,7.5212534E-4,0.0011388784,7.3724816E-4,NOT_AVAILABLE,12.094,1.083,0.813,0.603,0.563
133.39784295538954,-0.611468044763977,1.2312033366212771,0.04650880742218066,11.757406,12.002921,11.348414,5.575086E-4,0.001698802,0.0023865611,NOT_AVAILABLE,11.799,0.493,-0.001,0.295,0.291
194.16797906982595,43.94281538160493,2.8082491469979876,0.030454169694350355,11.759417,12.046873,11.315087,2.5883404E-4,8.3935756E-4,6.42216E-4,NOT_AVAILABLE,11.891,0.536,-0.043,0.325,0.329
237.5075348939357,44.551143001384446,0.5466011211228292,0.023862733771957603,11.761972,11.861283,11.550427,2.7635333E-4,0.0021558483,0.0010706164,NOT_AVAILABLE,11.807,0.18,0.124,0.129,0.159
328.5435258684233,45.27528303132933,1.2494883824855432,0.02624786840955179,11.765759,12.030603,11.354469,2.660094E-4,8.706839E-4,7.5544784E-4,NOT_AVAILABLE,11.868,0.498,0.177,0.291,0.296
101.31734215917129,44.534618707774555,1.6935038262665518,0.08026734813483799,11.79691,12.093925,11.343337,3.1698827E-4,0.0013607304,0.0017276608,NOT_AVAILABLE,11.988,0.546,0.016,0.326,0.321
234.63910759723132,0.2386040605906697,2.925512012653118,0.2646627218588502,11.79699,11.916397,10.960609,0.0054630092,0.005629377,0.0060016126,NOT_AVAILABLE,11.713,0.766,0.278,0.442,0.42
204.11585152619944,48.4917918843675,3.7099065098455375,0.02417215337103603,11.797245,12.166694,11.274752,2.138004E-4,7.098279E-4,6.4717134E-4,NOT_AVAILABLE,11.972,0.675,0.164,0.404,0.385
325.1522614896867,0.3508962551120912,1.6496547345494803,0.04536877749129086,11.802008,12.344758,11.1344185,3.5478885E-4,0.0011895493,9.611549E-4,NOT_AVAILABLE,12.071,1.031,0.874,0.55,0.49
103.16695454586316,-0.28739252034754914,0.7456878999150766,0.044074027168192205,11.805349,12.528923,11.001437,3.0056396E-4,0.0017572222,9.5973274E-4,NOT_AVAILABLE,12.238,1.285,1.087,0.698,0.65
218.1947203026039,42.538723949794345,2.236977316996959,0.02263147433706572,11.816754,12.285987,11.21344,2.0815732E-4,0.001122312,8.654626E-4,NOT_AVAILABLE,12.039,0.9,0.664,0.483,0.428
234.82862539248723,-0.2583530457779623,0.6408095529203198,0.05180505148702485,11.823055,12.372893,11.141723,2.4118002E-4,0.001109224,8.5130037E-4,NOT_AVAILABLE,12.116,0.991,0.585,0.545,0.531
232.66468953741924,6.020309638576963,2.9727339325544437,0.03873528037990643,11.832735,12.163533,11.350881,3.1008382E-4,0.0014977179,8.443798E-4,NOT_AVAILABLE,11.989,0.593,0.005,0.364,0.344
103.07692344279621,-0.33875884106506376,0.9824215029879162,0.04109954539655755,11.846715,12.099413,11.445543,2.7209212E-4,0.0017387931,0.0016008096,NOT_AVAILABLE,11.954,0.463,0.096,0.29,0.28
28.771800381368173,0.7618476942808201,,,11.859297,12.262254,11.230366,0.0019459553,0.0065426696,0.0012990709,NOT_AVAILABLE,12.009,0.833,0.436,0.469,0.422
340.4362154137485,1.2100192923125452,0.538296334438452,0.07615654647766462,11.885985,11.858049,11.893688,8.1025047E-4,0.0064091966,0.0040380657,NOT_AVAILABLE,11.916,-0.037,-0.367,0.027,-0.016
14.110860856229989,0.6972594318088834,3.314509554799338,0.04557791008294163,11.894758,12.23186,11.4071045,2.7991325E-4,0.0010713175,5.282543E-4,NOT_AVAILABLE,12.036,0.629,0.067,0.368,0.357
280.7790018244001,-0.06160049987612833,1.4108157098689396,0.04241054569881415,11.894879,13.240335,10.763425,3.8525581E-4,0.0032343215,0.0014314887,NOT_AVAILABLE,12.996,2.151,2.133,1.235,1.148
340.26623647010973,0.7669728046680717,3.8566823252042233,0.03782448794919152,11.907546,12.293356,11.379742,3.230723E-4,0.0029051013,0.0012792242,NOT_AVAILABLE,12.064,0.737,0.237,0.397,0.369
340.1530619710234,0.8653329114291404,3.12855319720939,0.043807679227758724,11.911257,12.315805,11.361462,2.1739457E-4,0.0020564706,0.0013795038,NOT_AVAILABLE,12.095,0.733,0.175,0.421,0.404
266.0660192988493,-0.03779866702084465,0.876870597047467,0.04011552760910436,11.920169,12.709692,11.060936,2.730298E-4,0.0019442044,9.160372E-4,NOT_AVAILABLE,12.436,1.296,0.956,0.764,0.731
58.70807796091421,0.1689849559589648,3.062339283991347,0.03684873756328272,11.923357,12.298428,11.3992,2.3415369E-4,8.8640547E-4,6.4880215E-4,NOT_AVAILABLE,12.095,0.708,0.208,0.397,0.37
294.5190885268286,0.5368007317394746,0.7454170556321481,0.037466141367475295,11.930856,12.696878,11.094665,3.083293E-4,8.749712E-4,8.1206E-4,NOT_AVAILABLE,12.395,1.369,1.237,0.739,0.689
146.76874674777028,44.37523160317083,5.548482987519175,0.04008634149505293,11.932206,12.371574,11.352081,8.204398E-4,0.0030473345,0.0021687746,NOT_AVAILABLE,12.133,0.803,0.384,0.458,0.428
249.81921035291825,-0.4186250147160236,0.9193885429814637,0.03977675273568759,11.932518,12.207463,11.499371,5.816287E-4,0.0012735915,9.80365E-4,NOT_AVAILABLE,12.071,0.494,0.237,0.31,0.312
201.52183082277065,-8.843406035885511,3.6610487952662925,0.0567189159143711,11.93867,12.252775,11.474823,2.609037E-4,0.0015242555,5.8943185E-4,NOT_AVAILABLE,12.08,0.587,0.005,0.346,0.335
88.05321623863533,15.878953143748308,0.664081160014545,0.04497632210478806,11.943872,12.61426,11.176155,2.375298E-4,0.002379154,9.047576E-4,NOT_AVAILABLE,12.325,1.159,0.849,0.655,0.628
55.966511867333175,45.167340604227874,1.2097226113064226,0.03333079092809079,11.953055,12.342248,11.397064,2.1805073E-4,0.0017023555,9.247413E-4,NOT_AVAILABLE,12.125,0.688,0.275,0.421,0.429
140.34132557575484,2.791150342500829,0.7020316385621204,0.036117662233956016,11.967788,12.542851,11.27249,2.2030713E-4,0.0015881942,9.501063E-4,NOT_AVAILABLE,12.272,1.044,0.821,0.575,0.535
234.74585224788567,0.25856806624907963,2.0167367876440094,0.04269811166826066,11.970404,12.269768,11.511364,1.781083E-4,0.0012686643,6.45332E-4,NOT_AVAILABLE,12.117,0.545,0.014,0.334,0.337
310.60994360679825,0.12844670279098483,1.8961638921340231,0.04729891618789544,11.971428,12.258068,11.528574,1.954454E-4,7.307376E-4,5.787125E-4,NOT_AVAILABLE,12.095,0.532,-0.025,0.317,0.323
13.87277760450349,0.7423807454660831,2.3149141103743163,0.05849822034086601,11.972765,12.288776,11.50118,2.2689045E-4,0.0016199908,7.551673E-4,NOT_AVAILABLE,12.109,0.598,0.056,0.345,0.341
58.71535120944724,0.0892306160334671,1.3015252019676433,0.03633712711250064,11.980814,12.235307,11.577192,5.1476597E-4,0.0026647558,0.0011549062,NOT_AVAILABLE,12.067,0.445,0.311,0.263,0.287
179.2578351527705,-0.4497307757221685,1.1186882609664441,0.039745699086320745,11.9903965,12.511653,11.34,2.0926712E-4,9.4522664E-4,9.4226946E-4,NOT_AVAILABLE,12.227,0.985,0.807,0.531,0.473
249.52006863791038,-0.585334858978336,1.4385642356696466,0.04086876033780688,11.995644,12.281379,11.548721,2.1545553E-4,0.0011495604,9.355395E-4,NOT_AVAILABLE,12.122,0.531,0.087,0.321,0.319
56.41362160653537,45.47012476295848,3.823831540619915,0.16501369082974884,12.00707,12.279735,11.18148,0.003571138,0.0018789386,0.0018377884,NOT_AVAILABLE,12.03,0.861,0.423,0.493,0.464
234.71170134165672,-0.3760992606089716,0.5513654587727336,0.061969087922095906,12.012329,12.529067,11.352676,2.636048E-4,0.001184747,8.822047E-4,NOT_AVAILABLE,12.284,0.9,0.427,0.525,0.517
130.25069292030597,39.93174589953824,1.6187487240116474,0.03440955897295181,12.014788,12.322886,11.553495,1.7481089E-4,0.0013312186,9.1733446E-4,NOT_AVAILABLE,12.181,0.556,0.021,0.338,0.346
325.3124270003081,0.7179464127716417,1.7110947529453324,0.04485111618542576,12.023152,12.300201,11.5979805,1.8722983E-4,0.0018994549,5.836873E-4,NOT_AVAILABLE,12.125,0.535,-0.018,0.307,0.313
249.30181963020544,0.041721793906153416,2.484676214682867,0.04100293204481943,12.025051,12.449204,11.451981,2.0273292E-4,0.0010672763,5.705463E-4,NOT_AVAILABLE,12.244,0.803,0.378,0.446,0.398
103.1164406905375,-0.22865160701966983,1.2983744451601886,0.042125777061689226,12.045254,12.2066555,11.759894,3.582779E-4,0.0024402027,0.0011000865,NOT_AVAILABLE,12.113,0.314,0.089,0.193,0.195
16.0903580537593,4.226832335898904,2.656249535156395,0.12198005583040364,12.046595,11.864231,12.288814,5.72212E-4,0.0047578663,0.0016273506,NOT_AVAILABLE,12.065,-0.239,-0.988,-0.118,-0.142
325.61589595658387,0.639400544444084,0.3406099362784809,1.1369073610902627,12.057561,12.353809,11.589323,7.353657E-4,0.0014826594,8.526031E-4,NOT_AVAILABLE,12.174,0.553,0.005,0.342,0.341
72.81569213807487,-0.2472985255858175,1.6985877988400366,0.04315508437754561,12.076117,12.336278,11.662805,2.2144595E-4,8.8518934E-4,7.557022E-4,NOT_AVAILABLE,12.182,0.49,-0.004,0.299,0.297
112.51077395545273,-2.094448610322848,2.0011061903875804,0.4642826379815461,12.08052,12.390506,11.612303,2.6687665E-4,0.0015299934,0.0010872775,NOT_AVAILABLE,12.222,0.573,-0.013,0.342,0.34
27.88092844837266,67.71082663078934,1.4982061387288117,0.8687484564861736,12.086023,12.77582,11.285706,3.32955E-4,9.473587E-4,6.0806825E-4,NOT_AVAILABLE,12.455,1.128,0.712,0.678,0.669
43.83335874967978,0.46986112557163706,2.1922951402110855,0.04257057902412494,12.087639,12.48398,11.543319,3.0980865E-4,0.001579434,9.5094205E-4,NOT_AVAILABLE,12.255,0.75,0.235,0.415,0.387
310.6948402599116,0.2689263523498048,0.6861655015878465,0.049874597084254575,12.088025,12.14663,11.956553,2.9470658E-4,0.0018575259,8.159388E-4,NOT_AVAILABLE,12.086,0.151,0.158,0.064,0.075
355.5040058443908,1.1504824393747068,1.8686994544898112,0.045842021417366305,12.088885,12.391572,11.634572,2.749855E-4,0.0022528807,0.0015281487,NOT_AVAILABLE,12.209,0.573,-0.04,0.327,0.335
325.889752312553,0.265058383665532,1.0546084345623628,0.05467718373956162,12.104995,12.56198,11.500447,1.947638E-4,0.0026951253,0.0021713404,NOT_AVAILABLE,12.337,0.799,0.223,0.471,0.466
280.8296838302999,0.4904720201001249,2.368127849857736,0.052333585929306314,12.105891,12.746573,11.363985,2.2011217E-4,0.0014477439,9.116256E-4,NOT_AVAILABLE,12.44,1.141,0.83,0.633,0.579
325.2319969469766,0.4661039183751757,2.157310694103255,0.12099656924971541,12.108559,12.420452,11.643255,2.6863784E-4,0.001938357,8.0629514E-4,NOT_AVAILABLE,12.25,0.568,-0.034,0.34,0.347
44.059448490523444,0.5865703800961483,2.801993996147362,0.042790715855982334,12.1348915,12.434767,11.677894,3.282565E-4,0.0019099588,9.12331E-4,NOT_AVAILABLE,12.273,0.545,-0.047,0.344,0.33
56.15404322539712,45.29975386709825,-4.877995821725281,0.8439751915953779,12.148811,12.549085,11.510424,0.0018725466,0.001273878,0.0016348135,NOT_AVAILABLE,12.312,0.768,0.249,0.458,0.448
58.445844931817355,0.44463843171012546,0.6715318885678336,0.04091066350184941,12.162839,12.9857,11.289707,2.1168722E-4,9.949331E-4,6.3564343E-4,NOT_AVAILABLE,12.679,1.5,1.559,0.801,0.711
127.56816394845896,45.330622974110156,0.4274939055124251,0.05337587326677797,12.174034,12.710405,11.510296,1.5786981E-4,0.00174453,0.0010978458,NOT_AVAILABLE,12.437,1.018,0.767,0.532,0.504
280.73933407481974,0.12306563638547423,1.4877510024105998,0.07729769626208807,12.18109,13.705622,10.987846,3.6732E-4,0.009501776,0.0017619292,NOT_AVAILABLE,13.47,2.261,1.895,1.36,1.27
234.6906262657617,-0.5350669948770601,1.7484850249559305,0.04264311038196252,12.183869,12.500123,11.706593,2.244377E-4,0.0015746313,0.0013437541,NOT_AVAILABLE,12.342,0.562,-0.005,0.351,0.358
325.6238576347548,0.6355017576517425,0.4193823946552913,0.037743260228950824,12.189864,12.704374,11.540862,2.5392728E-4,0.0025015145,0.0015550702,NOT_AVAILABLE,12.437,0.947,0.53,0.512,0.497
212.60067478215535,-1.4545619780872237,0.8759066817071534,0.04096508461474157,12.197849,12.732354,11.533932,1.9357864E-4,0.0019130305,9.3636307E-4,NOT_AVAILABLE,12.471,0.97,0.665,0.537,0.505
280.21960856653976,0.014127120928668864,1.9410698233435997,0.041678311186829874,12.202648,13.048264,11.307838,6.796268E-4,0.0035118398,0.0023304354,NOT_AVAILABLE,12.771,1.281,0.812,0.773,0.818
181.27024393941312,60.5865827827315,1.347329548377806,0.024529602803289443,12.2071,12.675921,11.596259,1.5902685E-4,0.001089989,9.6099125E-4,NOT_AVAILABLE,12.435,0.854,0.441,0.479,0.462
237.45480776847128,44.46493703611504,1.6865943729466102,0.019614885597343094,12.210362,12.471007,11.785835,1.6826722E-4,0.0016772834,0.0014232887,NOT_AVAILABLE,12.011,0.542,-0.016,0.319,0.319
133.32691623399026,-0.6860668408663719,1.6977394691405827,0.036560533487377644,12.222522,12.52305,11.7677965,2.874189E-4,0.001075951,7.356726E-4,NOT_AVAILABLE,12.35,0.547,-0.04,0.335,0.331
7.567973126506969,-46.46630008024628,0.7637998580537355,0.026072968954030294,12.23287,12.457807,11.862256,0.0020409506,0.005133174,0.008951686,NOT_AVAILABLE,12.334,0.405,0.156,0.262,0.271
190.72272202324874,-0.5334956038533328,2.1766181615369926,0.05030519313325901,12.236046,12.565121,11.759119,2.0680038E-4,0.0010354669,7.5943215E-4,NOT_AVAILABLE,12.362,0.622,0.135,0.357,0.337
212.61667585920867,-1.4176530624055188,1.9015116608353895,0.04138607942348153,12.238372,12.685719,11.644345,2.1007229E-4,0.0011498064,7.9388317E-4,NOT_AVAILABLE,12.462,0.805,0.298,0.464,0.448
328.0764133689042,2.386125941299733,3.640238294364699,0.041071647893692394,12.247519,12.630252,11.720109,3.1236198E-4,0.0016761469,9.1550883E-4,NOT_AVAILABLE,12.416,0.719,0.194,0.405,0.383
307.4804372843975,39.23695470372121,1.069392290613387,0.02821489821085815,12.250221,12.466162,11.893468,2.0482825E-4,0.001547591,8.587358E-4,NOT_AVAILABLE,12.315,0.41,0.205,0.236,0.261
103.01885513624782,-0.3273092602323991,0.8904273074737961,0.04268039441874085,12.263339,12.327711,12.121058,3.5797857E-4,9.62054E-4,0.002386968,NOT_AVAILABLE,12.271,0.157,0.11,0.08,0.086
88.13984343789885,15.866493366458977,0.5736988834335034,0.07275022029508046,12.266097,12.938303,11.498784,2.2437463E-4,0.002508183,0.0011427526,NOT_AVAILABLE,12.643,1.176,0.897,0.651,0.621
280.6875259137689,0.13461465241032114,2.809449670528577,0.06796910742814995,12.271643,12.612289,11.780519,2.3726888E-4,0.0024478063,0.0013134769,NOT_AVAILABLE,12.425,0.632,0.035,0.361,0.348
325.24684581713916,0.36733150045357077,1.23588568241444,0.1015507750601836,12.280532,12.585657,11.826915,2.6520618E-4,0.0029705423,0.001125963,NOT_AVAILABLE,12.398,0.549,0.096,0.338,0.322
281.89884960705746,45.176152464527455,3.073954665692276,0.08021464500053996,12.283334,12.615308,11.65822,0.0012136269,0.0017485279,0.001979544,NOT_AVAILABLE,12.405,0.724,0.175,0.43,0.416
280.2180364640416,0.0317536267867469,2.5417263840922284,0.039068011365974445,12.285989,12.709649,11.708972,2.0568822E-4,0.001948966,9.906035E-4,NOT_AVAILABLE,12.516,0.729,0.147,0.439,0.45
307.4318615615442,39.28828989429647,2.22260177234085,0.032364475960854684,12.286527,12.58156,11.843051,1.614057E-4,0.0010738589,7.596682E-4,NOT_AVAILABLE,12.409,0.56,0.043,0.326,0.314
149.4686988263909,-0.7933359347500403,1.9198315208090782,0.050607316362292126,12.289172,12.576269,11.851639,2.6277392E-4,0.0018468543,6.3273805E-4,NOT_AVAILABLE,12.421,0.513,-0.08,0.32,0.323
179.33469741888752,-0.3502604692044284,3.4969257999268932,0.039903829860753026,12.297318,12.670138,11.772418,2.1636921E-4,0.0011554757,6.005077E-4,NOT_AVAILABLE,12.444,0.717,0.219,0.394,0.373
234.81738811129145,0.14853123798929516,2.2651213960737135,0.048938594651687616,12.30426,12.658965,11.79588,1.560447E-4,8.6175755E-4,7.5074175E-4,NOT_AVAILABLE,12.467,0.656,0.12,0.383,0.371
325.4502475643982,0.39796780133854737,1.2473417976072654,0.08218407366046208,12.309159,12.575705,11.903463,2.3865582E-4,0.0020335063,0.0011129893,NOT_AVAILABLE,12.406,0.514,0.069,0.308,0.298
354.65958848434735,0.7128822047782751,2.1586586401287833,0.05799615198849313,12.310208,12.591054,11.875604,3.386742E-4,0.0013583115,6.8547984E-4,NOT_AVAILABLE,12.429,0.517,-0.048,0.313,0.317
149.05830107159997,-0.1985644980803488,0.8761956986362036,0.07436773103814057,12.316274,12.849663,11.657739,2.5991796E-4,0.0015639091,7.031092E-4,NOT_AVAILABLE,12.583,0.983,0.716,0.529,0.497
294.3693292325697,0.41742310753419115,1.0203537730100223,0.03655213084222646,12.316566,12.529532,11.953113,2.512533E-4,0.0012707385,7.891827E-4,NOT_AVAILABLE,12.387,0.396,0.264,0.226,0.256
162.55686793869964,-0.00890726511443258,2.7286182189380854,0.045947387221747495,12.323649,12.6645,11.826503,0.0043739122,0.015229694,0.013732808,NOT_AVAILABLE,12.453,0.607,-0.019,0.378,0.358
322.84742395886695,-9.846315987728307,2.408420102951059,0.050956442747774146,12.3373995,12.670773,11.85712,2.471431E-4,0.0016539565,7.401828E-4,NOT_AVAILABLE,12.468,0.624,0.093,0.354,0.34
166.90479765093133,-5.206536524943069,3.545393533004479,0.06121215765693578,12.33933,12.695436,11.82808,3.176508E-4,0.0013372998,0.0011711473,NOT_AVAILABLE,12.504,0.666,0.06,0.382,0.371
151.0262780076889,40.59042232379645,1.844202861042076,0.03275559572104747,12.340971,12.681167,11.850255,1.3899957E-4,8.1600767E-4,5.456176E-4,NOT_AVAILABLE,12.497,0.646,0.159,0.364,0.356
355.6277209331006,0.8696790227433308,2.6581128011363346,0.058290199350950256,12.348834,12.686852,11.8596525,2.2472984E-4,0.0010507548,7.069589E-4,NOT_AVAILABLE,12.494,0.634,0.077,0.366,0.348
112.47605833108975,-2.091901192861961,0.29217263593149373,0.04791172443775147,12.35688,12.358368,12.2892275,2.7474936E-4,0.0031017547,0.0013671708,NOT_AVAILABLE,12.362,0.042,-0.086,0.03,0.034
340.3961628076857,1.1860528245740563,1.2144743632647954,0.10029344437940345,12.359426,12.8972845,11.689943,2.204451E-4,0.0014492408,7.8889093E-4,NOT_AVAILABLE,12.644,0.965,0.698,0.547,0.506
11.785121417269746,45.90460818916697,1.2682254076664157,0.05216328228109228,12.360446,12.632458,11.940165,2.1346334E-4,0.0014198916,0.0011668798,NOT_AVAILABLE,12.475,0.515,0.023,0.303,0.301
193.78141202664506,44.387276298946226,3.881234592189686,0.02971676002869243,12.363449,12.738895,11.826087,2.5606938E-4,8.9908484E-4,8.362726E-4,NOT_AVAILABLE,12.516,0.717,0.234,0.403,0.395
307.40488537233057,39.28814096934312,1.332204033890596,0.03039812118472176,12.36474,12.660092,11.914195,1.8883488E-4,8.616712E-4,6.1366905E-4,NOT_AVAILABLE,12.5,0.544,0.048,0.329,0.331
280.73527085958136,-0.14963286913055046,1.1763909383364164,0.04712735879812621,12.3698435,13.743615,11.227129,2.782907E-4,0.0039912458,0.001349133,NOT_AVAILABLE,13.491,2.123,1.679,1.257,1.139
190.42199197205852,-0.44060579450149845,0.8224258040306637,0.03922318988716073,12.371965,12.902133,11.707946,1.361639E-4,0.0011318901,6.416004E-4,NOT_AVAILABLE,12.63,0.985,0.748,0.534,0.497
355.38746438920487,1.2790902960429522,1.5034732665862665,0.042540193961582706,12.373047,12.640432,11.949471,2.8126643E-4,0.0017148063,9.923911E-4,NOT_AVAILABLE,12.482,0.493,-0.049,0.298,0.308
13.742857269110631,0.7334720142277854,2.6245063457467395,0.04139429241189772,12.373913,12.724979,11.870792,1.7536583E-4,9.5240364E-4,5.557415E-4,NOT_AVAILABLE,12.523,0.672,0.208,0.38,0.338
294.59776960622816,0.5237313169990758,1.6264651822286662,0.031163912616689906,12.397659,12.756278,11.873129,3.6327535E-4,0.0015950366,9.6920726E-4,NOT_AVAILABLE,12.538,0.637,0.283,0.37,0.397
249.04596261403452,-0.4247287211827402,0.44220818722447813,0.03985316238720776,12.405313,12.963721,11.710881,1.4809042E-4,0.0010424452,5.9868087E-4,NOT_AVAILABLE,12.69,1.031,0.648,0.553,0.533
28.644396924582765,-6.766604308956588,0.6517616902800203,0.045207268104270025,12.408292,12.391262,12.391531,3.1420798E-4,0.0021003366,0.0016639673,NOT_AVAILABLE,12.405,-0.008,0.013,-0.007,0.002
43.41182827374279,0.2884881023164137,0.3561586647232649,0.03901340687906074,12.408316,12.881498,11.786038,2.7144863E-4,0.0019654867,0.001807197,NOT_AVAILABLE,12.659,0.817,0.304,0.48,0.483
251.84674550534407,32.39356980919476,1.3509650390973778,0.02055419676405121,12.417774,12.774011,11.912696,1.6386206E-4,0.0012736067,5.581066E-4,NOT_AVAILABLE,12.57,0.677,0.215,0.378,0.361
237.98644416194392,44.55671472541295,1.9860368895903817,0.1172085651031562,12.423534,12.72657,11.961792,2.1922555E-4,0.0010760039,8.0743135E-4,NOT_AVAILABLE,12.565,0.559,0.007,0.337,0.33
88.08969645569603,15.878150304968802,1.4481502368209251,0.05300171281158019,12.426539,12.807594,11.8968525,2.2510743E-4,0.0013880014,0.0013497975,NOT_AVAILABLE,12.599,0.68,0.166,0.404,0.399
11.63022286981672,45.840463368993994,0.5548592512851128,0.059491495138820474,12.453915,13.004941,11.7763605,2.177942E-4,0.0011890299,9.511853E-4,NOT_AVAILABLE,12.732,1.023,0.763,0.548,0.517
191.13940201311138,-0.43104085738520104,1.0721709812367874,0.04871632726036671,12.461724,12.743745,12.027361,1.8661609E-4,0.0011840492,7.774035E-4,NOT_AVAILABLE,12.572,0.535,0.048,0.318,0.312
334.0537255084131,-0.29886180303793225,2.023017412920809,0.06454199035260783,12.47684,12.846501,11.953491,2.429162E-4,0.001035435,0.0011715968,NOT_AVAILABLE,12.644,0.678,0.171,0.395,0.384
58.26718845614371,0.04690043923544688,3.9113269798121886,0.0402017375495134,12.480927,12.897561,11.909111,1.5240659E-4,0.0012300967,6.432117E-4,NOT_AVAILABLE,12.677,0.778,0.263,0.436,0.426
111.07319509924261,-0.5517702270418419,1.8456538498028405,0.04149436547182561,12.491693,12.839839,11.993567,2.061953E-4,0.0010959303,7.351422E-4,NOT_AVAILABLE,12.642,0.662,0.151,0.374,0.354
204.31968928604965,-0.6323563486949271,0.9060881918510005,0.07815459684529483,12.499951,12.614152,12.278219,3.644139E-4,0.0021264486,0.0018134178,NOT_AVAILABLE,12.535,0.248,0.067,0.136,0.143
11.793752879416065,45.876052098569154,2.4463919392863067,0.05255649404351856,12.510667,12.8153925,12.001026,9.784173E-4,0.002691003,0.0015849696,NOT_AVAILABLE,12.628,0.606,0.01,0.359,0.361
103.05557357993476,-0.32788332961481237,0.29427077364526105,0.047013140394775506,12.515867,13.673826,11.458035,3.549858E-4,0.0024550953,0.0014618384,NOT_AVAILABLE,13.398,1.909,1.936,1.082,1.002
334.09076255481654,-0.363496304210917,1.7623167899212886,0.050722632429269984,12.528393,12.940697,11.975418,2.0319728E-4,0.0014011292,0.0012929095,NOT_AVAILABLE,12.71,0.753,0.291,0.427,0.404
7.5764462904729255,-46.522204292835404,0.15703075527130794,0.03073916251412743,12.534901,13.438191,11.613541,3.3129388E-4,0.0011377607,9.95296E-4,NOT_AVAILABLE,13.118,1.551,1.871,0.849,0.81
58.30519580834801,0.27294445311228516,0.3742942740320314,0.036821477283419,12.551601,12.719572,12.231541,3.387197E-4,0.0018521798,0.0013800465,NOT_AVAILABLE,12.627,0.287,0.236,0.195,0.22
280.1902759382541,0.030492346701419645,1.6452937418407239,0.04207492565684538,12.552553,13.872661,11.426776,2.933851E-4,0.005083792,0.0014967301,NOT_AVAILABLE,13.649,1.91,1.391,1.198,1.155
294.58854783933845,0.5167241827923998,0.4823797276021477,0.033757297180665946,12.565368,13.490709,11.625931,1.930081E-4,0.0015902913,7.175148E-4,NOT_AVAILABLE,13.193,1.61,1.678,0.888,0.818
13.44566723432738,0.7930259732237993,1.4187637595436984,0.050303531118880175,12.565762,12.841019,12.136592,1.4657599E-4,9.2798716E-4,5.4817577E-4,NOT_AVAILABLE,12.676,0.528,-0.002,0.302,0.305
166.89070499389618,-5.238912943847418,0.9297730055680931,0.05734979246069277,12.575527,12.806591,12.194855,4.3153507E-4,0.0017798685,0.0012482398,NOT_AVAILABLE,12.672,0.431,-0.009,0.267,0.272
280.966988007024,0.0137005628129315,1.0981754578122027,0.0477683515204834,12.580847,13.890002,11.4539175,4.3575303E-4,0.0032801565,0.0012183371,NOT_AVAILABLE,13.637,2.069,2.256,1.206,1.133
38.416917744169595,5.294436936098023,2.3129649043242195,0.035804122069331944,12.599307,12.982074,12.066905,2.2658773E-4,0.0015864521,0.0010867935,NOT_AVAILABLE,12.768,0.711,0.271,0.405,0.388
148.75500369993478,51.666328752221276,2.452376329903249,0.037474506456150684,12.608611,12.961943,12.101638,2.1854886E-4,0.0013655816,8.0631924E-4,NOT_AVAILABLE,12.773,0.662,0.158,0.375,0.367
280.7470474788947,0.5191853864438324,1.563780356884257,0.043329577612897734,12.610543,13.285415,11.812822,2.2775713E-4,0.0015622095,0.0010937563,NOT_AVAILABLE,13.004,1.04,0.737,0.607,0.681
237.97670354182014,44.541298996763366,1.9222950959043867,0.04015332831836407,12.617647,12.917935,12.160883,2.1832048E-4,0.0012578539,0.0012183383,NOT_AVAILABLE,12.775,0.554,0.028,0.336,0.329
238.09805715316853,44.50642787388429,0.6687335380291611,0.02214050145704595,12.626251,13.192246,11.941503,2.0745186E-4,0.0015470058,0.0010603673,NOT_AVAILABLE,12.913,1.056,0.979,0.569,0.506
172.40243348125273,46.595727676113945,1.7140730485794347,0.038348009236602074,12.627691,12.968477,12.136165,1.5008968E-4,0.0010780074,9.2554436E-4,NOT_AVAILABLE,12.77,0.639,0.149,0.365,0.35
264.6460106502985,41.89949237022051,0.6902607599811309,0.01923123966297207,12.630224,13.171436,11.96256,1.6667927E-4,0.0013117263,6.5636187E-4,NOT_AVAILABLE,12.9,1.013,0.834,0.542,0.497
103.05718640970318,-0.32225778317690984,0.45619777619188,0.04236360828594653,12.638975,13.342685,11.831452,2.710538E-4,0.0021458543,7.81129E-4,NOT_AVAILABLE,13.068,1.146,0.666,0.683,0.673
74.28467183120061,41.9202086362381,1.0770675238834202,0.11747141776364334,12.64461,12.980201,12.14621,2.6260567E-4,0.00144421,0.0010030854,NOT_AVAILABLE,12.799,0.595,0.19,0.37,0.368
234.6779211180086,-0.32971064466911604,4.448480235674751,0.051984967758421485,12.647251,13.156532,11.998367,1.8540127E-4,0.0018894242,9.834758E-4,NOT_AVAILABLE,12.919,0.921,0.589,0.537,0.478
102.86247236630605,-0.2600255404241651,0.4533468273708077,0.03409646346732742,12.647294,13.377418,11.833125,2.1353498E-4,0.0011909108,7.917618E-4,NOT_AVAILABLE,13.089,1.283,1.003,0.701,0.662
282.6887253371568,45.128363599018456,0.9173689398524055,0.017281502936985157,12.655007,13.016824,12.143651,1.5801776E-4,0.0011732704,7.619318E-4,NOT_AVAILABLE,12.798,0.682,0.195,0.383,0.372
248.88878698896053,9.772358058278353,1.349093892405011,0.031273603898573504,12.666876,13.238505,11.971697,1.4441955E-4,6.848637E-4,3.798967E-4,NOT_AVAILABLE,12.968,1.081,1.017,0.589,0.503
233.32269636358288,5.562804866178694,2.41332157193739,0.03653294641638295,12.666964,13.057011,12.127167,1.7345865E-4,0.0013571804,8.494116E-4,NOT_AVAILABLE,12.842,0.745,0.325,0.423,0.376
58.68435393703188,0.4555897502178682,0.7447456118897487,0.04050904299892171,12.669117,13.723991,11.657758,2.412742E-4,0.0017149217,8.017683E-4,NOT_AVAILABLE,13.479,1.763,1.74,1.011,0.931
234.4696094686637,-0.2882296552825422,0.2633956263678257,0.03513158310108999,12.692584,13.328089,11.944358,2.5720213E-4,0.0019476608,0.0013890862,NOT_AVAILABLE,13.054,1.149,0.862,0.625,0.595
238.02108774303912,44.43355388256876,1.3869913678714505,0.019301561600614272,12.697307,12.965908,12.277233,2.4182921E-4,0.0013933586,8.356564E-4,NOT_AVAILABLE,12.835,0.499,-0.032,0.299,0.307
328.07281090381684,2.387304518886545,1.7524103357924423,0.044714861236963055,12.699234,13.076663,12.1776085,2.2405163E-4,9.3735993E-4,0.0013247877,NOT_AVAILABLE,12.856,0.715,0.278,0.403,0.365
103.04141877075642,-0.3922218449422893,0.7021037996960978,0.04806658375829419,12.704055,12.770203,12.536751,2.9675278E-4,0.0024113706,0.002042368,NOT_AVAILABLE,12.732,0.164,-0.004,0.091,0.108
58.7771755613306,-0.15890088760396148,1.2290200912525266,0.041200362831268635,12.71146,13.1131935,12.1409235,1.5800059E-4,0.0015859128,9.743847E-4,NOT_AVAILABLE,12.892,0.715,0.167,0.426,0.438
103.0786211345724,-0.3924647995022095,0.8522993906054629,0.05859836841574683,12.715686,12.862829,12.446207,2.8755667E-4,0.0018657409,0.0015956358,NOT_AVAILABLE,12.754,0.293,0.245,0.158,0.18
111.04969999684232,-0.5328466467360566,1.1521007383759447,0.04365943753924349,12.734906,13.026253,12.290067,2.7213432E-4,0.0010700882,7.9285004E-4,NOT_AVAILABLE,12.829,0.541,0.033,0.322,0.322
328.48695234256485,45.53988802961514,0.6235967972922254,0.04117571371948364,12.760183,12.87515,12.522771,3.2642746E-4,0.0013493603,0.0011076931,NOT_AVAILABLE,12.804,0.225,0.081,0.147,0.169
58.78911764585564,0.02238288370720668,1.5464233366804419,0.035525346583904764,12.76745,13.104182,12.262794,1.8243842E-4,0.0011342604,0.0010087552,NOT_AVAILABLE,12.927,0.588,0.097,0.371,0.375
88.10327127932403,15.916071469172389,0.04905974053153805,0.5208663122886719,12.789474,13.07439,12.257754,0.005897447,0.0023575383,0.0016750644,NOT_AVAILABLE,12.898,0.57,0.097,0.359,0.363
10.525564146870366,5.156431735266277,0.7642333564650392,0.06754460082734567,12.802738,12.7710285,12.72266,3.024665E-4,0.004093559,9.896256E-4,NOT_AVAILABLE,12.877,-0.019,-0.871,0.067,0.097
349.98074011033594,4.876202635795765,2.1846173216806886,0.05411882095701714,12.807385,12.634775,12.962525,7.4719934E-4,0.008723219,0.0015423576,NOT_AVAILABLE,12.876,-0.246,-1.137,-0.074,-0.035
14.000448902091696,1.1808168462025388,1.8898908757896602,0.05366088571177607,12.822965,13.141943,12.351079,3.0751224E-4,0.0013727414,9.672657E-4,NOT_AVAILABLE,12.958,0.61,0.068,0.345,0.331
148.89360536459668,51.611594656720776,1.7179903874213212,0.03595900000547797,12.827315,13.1892605,12.311177,6.3525053E-4,0.002864591,0.0017022436,NOT_AVAILABLE,12.985,0.681,0.181,0.392,0.371
28.01237045939626,47.009464826699094,0.6462759411473277,0.10824438973809657,12.828631,13.383618,12.145008,2.918197E-4,0.002341127,6.3947344E-4,NOT_AVAILABLE,13.05,0.996,0.686,0.554,0.519
217.94307287039547,37.12968603909789,2.3415659552300676,0.025071624068886827,12.831267,13.169275,12.340075,2.0489846E-4,9.5445965E-4,8.700712E-4,NOT_AVAILABLE,12.985,0.646,0.155,0.368,0.348
58.581152049934786,0.6088333958600701,0.7105421479840799,0.04407495383447303,12.851816,13.806237,11.890521,2.5931373E-4,0.001655855,8.9481956E-4,NOT_AVAILABLE,13.525,1.532,1.298,0.908,0.868
348.07267108833946,10.770197847041889,1.3050374270833698,0.04829221579292152,12.852008,13.100598,12.450572,3.8317422E-4,0.0010285033,9.6113724E-4,NOT_AVAILABLE,12.962,0.463,-0.047,0.288,0.296
353.4557251313884,5.781189382473971,1.4039438709093415,0.04332205869972386,12.87621,13.271755,12.326031,2.7286803E-4,0.0011445489,7.137473E-4,NOT_AVAILABLE,13.051,0.741,0.257,0.419,0.401
204.13245205420628,48.50490096747018,0.965331179532023,0.0240867808568478,12.878236,13.132282,12.47354,2.6445676E-4,9.877946E-4,8.257616E-4,NOT_AVAILABLE,12.977,0.469,-0.012,0.299,0.297
248.93783172961568,9.82347055955225,0.8281007386577094,0.02749555068122174,12.879041,13.344771,12.258521,1.8689566E-4,7.278831E-4,5.070786E-4,NOT_AVAILABLE,13.113,0.841,0.337,0.484,0.471
322.77836669016983,-9.776624302612726,1.8409938441630687,0.050474880868812196,12.888738,13.269599,12.36119,3.463101E-4,0.001318458,0.0010471513,NOT_AVAILABLE,13.047,0.725,0.279,0.405,0.371
14.195178357776186,0.6415186286062462,0.8269503440954724,0.051325708520690114,12.900343,13.064923,12.597405,4.3700976E-4,0.0023513637,9.266619E-4,NOT_AVAILABLE,12.969,0.318,-0.038,0.201,0.221
266.0567070944627,-0.04109273493412704,3.5175022401939215,0.5102292838628785,12.90084,13.072917,11.953106,0.018454894,0.015143235,0.0062807333,NOT_AVAILABLE,12.828,0.806,0.363,0.5,0.517
248.90528212295558,9.77106618370785,0.9939922705786349,0.027875289368737642,12.903288,13.501388,12.184762,1.818134E-4,8.7789295E-4,5.140949E-4,NOT_AVAILABLE,13.224,1.144,1.146,0.612,0.524
7.734629243031045,-46.390724837266255,2.8824886523761215,0.02507489219649721,12.9105425,13.312253,12.360593,2.2437391E-4,7.056446E-4,7.002788E-4,NOT_AVAILABLE,12.935,0.806,0.402,0.473,0.429
146.83247915364313,44.67398035601415,2.416205950582436,0.04707154063021486,12.913327,13.323486,12.35909,3.690098E-4,0.0011249247,8.335331E-4,NOT_AVAILABLE,13.075,0.8,0.501,0.433,0.373
133.32164834030885,-0.6914444985619013,0.9265611091570498,0.041718412917798715,12.917081,13.182105,12.494432,1.7014904E-4,7.598883E-4,5.3852546E-4,NOT_AVAILABLE,13.027,0.485,-0.062,0.307,0.302
325.27864945565125,0.376059630826181,0.8823396526907638,0.05037428349409798,12.923591,13.206591,12.480905,5.416852E-4,0.0027417848,0.0010276106,NOT_AVAILABLE,13.038,0.516,0.051,0.318,0.327
194.14315449586607,44.250706338819974,-2.233862006690436,0.7958127137600117,12.929773,13.263991,12.403098,6.3729944E-4,8.448686E-4,7.698112E-4,NOT_AVAILABLE,13.094,0.646,0.098,0.38,0.363
101.02399939990526,44.78953738288974,2.2742625551749414,0.05130922181026451,12.940688,13.344604,12.381805,3.9748065E-4,0.0016367263,9.5865526E-4,NOT_AVAILABLE,13.1,0.741,0.253,0.43,0.412
151.511676610517,42.761936860222576,3.881266980670134,0.06222739351282165,12.954936,13.368798,12.390559,3.8380965E-4,0.001450354,0.0011883333,NOT_AVAILABLE,13.149,0.761,0.289,0.42,0.417
174.10163787757747,39.492714782042924,0.19092163363189743,0.06933300808851939,12.959791,12.824075,13.090197,7.326134E-4,0.004480198,0.0017256776,NOT_AVAILABLE,12.967,-0.146,-0.646,-0.065,-0.075
234.6540387135708,-0.04029110126066947,1.334416771254981,0.031671491577221225,12.962257,13.302204,12.465582,4.3798154E-4,0.0015775482,8.000934E-4,NOT_AVAILABLE,13.121,0.599,0.088,0.374,0.355
146.77179606975974,44.68403283831034,1.6298155642860774,0.051385073845168924,12.9839525,13.311638,12.49527,3.51831E-4,9.550003E-4,7.3024794E-4,NOT_AVAILABLE,13.111,0.638,0.125,0.357,0.351
58.434123882420366,0.49715238208976814,1.7701859878880486,0.03599042048646182,12.988392,13.782355,12.128856,3.8764332E-4,0.0021907059,7.2367187E-4,NOT_AVAILABLE,13.449,1.32,1.12,0.768,0.708
112.4936543463805,-2.1104456560731,0.2027519511429698,0.05791335413856139,12.992829,12.808756,13.14613,9.890066E-4,0.007894887,0.0029085695,NOT_AVAILABLE,13.017,-0.187,-1.081,-0.059,-0.088
349.05169799678225,-1.8431505536095896,2.489815815824501,0.09665486156112721,12.998045,12.802696,13.235953,0.0021632444,0.010502612,0.0055970293,NOT_AVAILABLE,12.973,-0.237,-1.05,-0.106,-0.14
325.5906470780045,0.23601336949509755,-0.04161078263408073,0.45690377303640767,12.999705,13.341299,12.426715,0.003354811,0.0025390002,0.0010935282,NOT_AVAILABLE,13.116,0.723,0.247,0.407,0.374
