ID,x,y,Gmag,e_Gmag,VI,BV,VIerr,BVerr,MP,sel
4311,2047.92,2121.88,17.5391,0.001,1.465,1.419,0.038,0.072,0.93,1
4271,2045.71,2107.49,17.5328,0.0014,1.538,1.332,0.034,0.056,0.87,1
4299,2151.29,2140.77,17.5408,0.0011,1.558,1.373,0.038,0.128,0.86,1
4254,2036.49,1915.77,17.7773,0.0015,1.657,1.144,0.047,0.063,0.86,1
5883,2152.2,2043.0,18.0554,0.0015,1.663,1.126,0.055,0.083,0.86,1
6177,2059.3,2127.94,18.0558,0.0014,1.586,1.458,0.061,0.115,0.86,1
3789,2037.76,1996.92,18.4772,0.0034,1.699,1.112,0.041,0.061,0.86,1
4619,2013.21,2052.2,17.6177,0.0011,1.565,1.294,0.039,0.068,0.85,1
4457,2074.61,2015.33,17.6227,0.0012,1.599,1.396,0.036,0.076,0.85,1
4942,1878.81,2165.9,17.7746,0.0013,1.77,1.202,0.045,0.078,0.85,1
5381,2090.97,1928.13,17.9195,0.0013,1.534,1.431,0.05,0.1,0.85,1
5509,2387.34,2081.14,17.9235,0.0013,1.446,1.126,0.048,0.081,0.85,1
4536,2127.99,2095.92,17.7299,0.0013,1.481,1.043,0.044,0.062,0.83,1
4625,1790.04,2002.14,17.579,0.0011,1.636,1.424,0.046,0.085,0.82,1
3589,1982.34,2111.93,17.5651,0.0081,1.71,1.28,0.028,0.054,0.8,1
6470,2071.83,2050.07,18.1061,0.0017,1.495,1.019,0.061,0.101,0.8,1
5096,2027.95,1965.33,17.7381,0.0011,1.511,1.297,0.044,0.069,0.79,1
5758,1921.13,1831.69,18.0179,0.0027,1.694,1.413,0.049,0.111,0.76,1
6006,2045.0,2082.02,18.0943,0.0015,1.477,1.267,0.053,0.092,0.74,1
5650,2238.14,2307.74,18.0142,0.0013,1.335,1.109,0.047,0.074,0.73,1
6217,1951.43,2209.36,18.1182,0.0014,1.629,1.056,0.064,0.166,0.73,1
6374,2327.86,2156.34,18.1438,0.0014,1.5,1.319,0.056,0.112,0.68,1
6464,1992.22,1833.38,18.1332,0.0015,1.597,1.276,0.059,0.117,0.67,1
7450,1917.95,1915.3,18.4073,0.0019,1.58,1.314,0.076,0.134,0.67,1
4528,2345.24,1911.32,18.2314,0.0044,1.589,0.587,0.058,0.115,0.66,1
7454,2007.12,2110.93,18.3433,0.0017,1.477,0.966,0.075,0.111,0.66,1
6797,1958.93,2129.6,18.2145,0.0019,1.66,1.411,0.07,0.123,0.65,1
5087,2034.34,2132.04,18.2301,0.0019,1.935,0.675,0.053,0.073,0.65,1
6752,2027.7,1928.9,18.2624,0.0014,1.583,1.236,0.063,0.115,0.65,1
6979,2092.67,2021.6,18.3168,0.0016,1.558,1.382,0.064,0.143,0.65,1
7640,2159.85,1772.42,18.3858,0.0017,1.622,1.376,0.075,0.143,0.65,1
3105,2062.05,1777.92,17.2252,0.0012,1.445,1.286,0.027,0.042,0.64,1
3585,2247.22,2162.22,17.6035,0.0016,2.146,1.548,0.045,0.098,0.64,1
5153,1965.71,1894.23,17.7792,0.0012,1.548,1.365,0.042,0.084,0.64,1
6529,2019.16,2089.77,18.1849,0.0015,1.456,1.365,0.057,0.113,0.64,1
7612,2120.57,2350.09,18.4334,0.0018,1.619,1.227,0.075,0.146,0.64,1
2076,1952.23,1990.61,16.4709,0.0008,1.622,1.233,0.018,0.028,0.63,1
1909,1929.76,2211.82,16.6299,0.0015,2.23,1.73,0.028,0.06,0.63,1
2725,2051.74,2075.3,16.9635,0.0025,1.642,1.42,0.029,0.044,0.63,1
4441,2163.26,2104.0,17.568,0.0011,1.44,1.095,0.04,0.058,0.63,1
4255,2207.36,2256.68,17.8656,0.0013,1.643,-0.393,0.046,0.057,0.63,1
5404,2282.14,2120.43,17.8771,0.0012,1.403,1.075,0.044,0.07,0.63,1
6017,2206.18,2281.46,18.0709,0.0014,1.743,1.662,0.052,0.139,0.63,1
5931,1871.24,1940.37,18.0788,0.0014,1.498,1.157,0.049,0.093,0.63,1
6080,2062.37,2271.37,18.0854,0.0013,1.456,1.327,0.054,0.095,0.63,1
3156,2276.35,1901.03,17.0512,0.0009,1.454,1.291,0.025,0.042,0.62,1
3725,2361.6,2053.88,17.2746,0.001,1.433,1.364,0.034,0.05,0.62,1
3198,1835.05,1962.74,17.2846,0.0012,1.597,1.26,0.027,0.043,0.62,1
3911,1966.73,2143.33,17.3772,0.0009,1.568,1.181,0.036,0.056,0.62,1
4279,2068.16,2061.52,17.4743,0.001,1.465,1.223,0.037,0.059,0.62,1
4745,2145.89,1899.51,17.6253,0.0011,1.549,1.385,0.041,0.072,0.62,1
4944,2103.43,2070.01,17.6821,0.0013,1.343,1.383,0.043,0.071,0.62,1
4838,1946.33,1881.84,17.7525,0.0011,2.002,1.688,0.054,0.136,0.62,1
5223,2239.47,1856.61,17.7601,0.0011,1.706,1.376,0.04,0.079,0.62,1
5347,2117.73,1973.78,17.8117,0.0011,1.56,1.348,0.039,0.079,0.62,1
5802,2075.9,1968.68,17.9644,0.0012,1.505,1.221,0.074,0.079,0.62,1
2623,2036.78,2099.26,16.7657,0.0008,1.411,1.25,0.026,0.039,0.61,1
3597,2298.52,1928.96,17.2789,0.0009,1.442,1.131,0.031,0.045,0.61,1
4010,2119.67,1904.87,17.3806,0.0009,1.51,1.306,0.034,0.059,0.61,1
3899,1949.3,2185.61,17.4095,0.0011,1.387,1.145,0.035,0.049,0.61,1
4203,2091.69,1850.44,17.4681,0.001,1.607,1.26,0.037,0.066,0.61,1
4283,2012.89,1824.39,17.482,0.001,1.504,1.297,0.038,0.06,0.61,1
700,2240.08,2192.47,15.0467,0.0011,2.067,1.912,0.012,0.022,0.6,1
3028,2145.15,2085.75,17.1094,0.0009,2.151,1.576,0.033,0.083,0.6,1
2765,2008.8,2221.28,16.9257,0.0009,1.689,1.301,0.026,0.044,0.59,1
3357,2345.62,1927.29,17.1982,0.001,1.422,1.128,0.027,0.041,0.59,1
3490,1961.34,1811.49,17.2018,0.0008,1.416,1.207,0.027,0.046,0.59,1
1444,2027.07,2156.59,16.2202,0.0009,2.298,1.851,0.019,0.046,0.58,1
1832,2340.1,2075.17,16.5645,0.0008,2.486,2.107,0.028,0.077,0.56,1
1947,1833.9,2046.43,16.6128,0.0009,2.654,2.417,0.024,0.134,0.56,1
397,2084.91,2113.77,14.2348,0.0006,1.336,1.069,0.008,0.009,0.554,1
1195,2264.91,2095.52,15.7324,0.0008,1.324,1.18,0.011,0.017,0.548,1
1118,2141.3,2152.85,15.8926,0.0011,2.137,1.699,0.02,0.034,0.54,1
2297,2055.71,1936.04,16.7055,0.0008,1.754,1.004,0.029,0.042,0.538,1
1550,2047.15,2094.28,16.1951,0.0008,2.264,1.342,0.024,0.058,0.53,1
724,2164.64,2023.78,15.1926,0.0005,2.259,1.956,0.012,0.026,0.52,1
587,1788.27,2023.6,14.7667,0.001,1.461,1.218,0.009,0.013,0.51,1
1132,2107.01,2114.47,15.7633,0.0007,2.199,1.838,0.016,0.033,0.507,1
1003,2017.56,1854.79,15.4803,0.0005,2.061,1.769,0.011,0.022,0.482,1
823,2023.39,2327.24,15.3069,0.0005,2.033,1.764,0.012,0.023,0.468,1
810,1810.94,2075.73,15.1837,0.0004,2.215,1.792,0.013,0.022,0.461,1
7502,2028.87,2198.26,18.4793,0.002,1.484,1.364,0.08,0.136,0.9,0
5785,1842.08,2021.25,18.4547,0.0039,1.691,1.639,0.056,0.131,0.68,0
6808,1990.43,2345.41,18.2634,0.0016,1.773,1.189,0.072,0.137,0.66,0
6041,2225.74,2108.02,18.1384,0.0015,1.191,1.126,0.058,0.083,0.65,0
4047,2180.46,1913.3,17.5091,0.001,1.711,1.168,0.035,0.07,0.64,0
4986,2003.41,2213.87,17.7796,0.0012,1.826,1.438,0.044,0.102,0.64,0
6810,1879.12,2252.0,18.2799,0.0015,1.967,1.289,0.068,0.134,0.63,0
4315,2082.3,2046.21,17.4901,0.0011,1.428,1.446,0.04,0.077,0.62,0
4302,2141.59,1856.86,17.5223,0.001,1.752,1.271,0.032,0.061,0.62,0
4872,2046.34,2152.16,17.6605,0.0012,1.562,1.619,0.041,0.104,0.62,0
4002,2146.35,2144.4,17.4431,0.001,1.485,0.999,0.042,0.095,0.61,0
4994,1864.93,2034.47,17.6944,0.0015,1.667,1.519,0.039,0.086,0.61,0
3211,1923.63,2300.17,17.1543,0.0008,1.242,1.033,0.034,0.045,0.6,0
3573,1840.33,2080.03,17.2371,0.0009,1.68,1.265,0.03,0.051,0.59,0
4061,2110.88,2297.56,17.4048,0.001,1.695,1.4,0.033,0.06,0.59,0
3500,2168.84,2166.72,17.2319,0.0008,1.421,1.27,0.029,0.057,0.584,0
2894,2020.49,2143.07,17.0185,0.0016,1.574,1.243,0.027,0.041,0.583,0
2266,2047.92,1808.4,16.6175,0.0041,1.648,1.409,0.022,0.039,0.58,0
2237,1992.47,2198.89,16.7498,0.0009,2.203,2.04,0.026,0.075,0.58,0
2600,2376.27,2119.42,16.8457,0.0008,1.364,1.128,0.023,0.038,0.58,0
2867,2177.55,2116.74,16.9623,0.0008,1.342,1.257,0.023,0.041,0.58,0
3449,1859.19,2052.39,17.2006,0.0008,1.631,1.155,0.03,0.051,0.58,0
4963,1997.25,2106.03,17.7093,0.0011,1.535,1.319,0.037,0.068,0.58,0
3732,2287.8,2218.17,17.3819,0.0009,1.227,0.952,0.035,0.046,0.579,0
2804,2104.89,1936.26,16.9309,0.0008,1.541,1.349,0.024,0.041,0.577,0
3173,2043.79,1866.63,17.0325,0.0008,1.449,1.225,0.026,0.041,0.577,0
1886,1835.83,1993.79,16.3278,0.0009,1.663,1.39,0.019,0.032,0.57,0
2479,2017.21,1983.25,16.7612,0.0008,1.365,1.023,0.021,0.031,0.57,0
2838,2145.18,2318.62,16.9497,0.0008,1.62,1.284,0.023,0.041,0.568,0
2996,2033.03,2348.25,17.0579,0.001,1.632,1.409,0.023,0.045,0.568,0
3420,1860.99,2150.94,17.1428,0.0008,1.429,1.338,0.031,0.046,0.565,0
3584,1970.43,1797.17,17.2868,0.0009,1.351,1.2,0.029,0.044,0.563,0
1648,2065.7,2091.66,16.2921,0.0009,2.155,1.73,0.024,0.049,0.56,0
1900,2137.81,2099.15,16.6117,0.001,2.18,1.767,0.025,0.058,0.56,0
2354,2131.51,2274.42,16.681,0.0007,1.587,1.381,0.022,0.037,0.56,0
2419,2272.35,1996.88,16.9549,0.0009,2.344,1.951,0.033,0.099,0.56,0
2391,2066.4,1963.36,16.6725,0.0007,1.402,1.208,0.02,0.031,0.557,0
3071,2110.13,1774.06,17.0446,0.0008,1.441,1.147,0.023,0.038,0.554,0
3061,2175.25,1834.09,17.0271,0.0008,1.534,1.214,0.026,0.043,0.551,0
1559,2141.23,1932.71,16.253,0.0008,2.25,1.995,0.019,0.052,0.55,0
1769,1966.59,1786.62,16.382,0.0008,2.18,1.95,0.016,0.058,0.55,0
1779,1887.64,1894.72,16.4155,0.0008,2.224,1.962,0.019,0.051,0.55,0
1934,2030.81,1905.09,16.5692,0.0008,2.282,1.821,0.023,0.06,0.55,0
2245,2135.06,1951.41,16.5829,0.0008,1.584,1.303,0.02,0.034,0.55,0
3154,1944.17,2319.5,17.0782,0.0008,1.54,1.435,0.031,0.056,0.55,0
2590,2213.59,2189.87,16.8369,0.0007,1.334,1.107,0.019,0.033,0.545,0
2939,1892.35,2233.63,16.984,0.0009,1.367,1.159,0.028,0.046,0.545,0
2234,2194.82,2118.77,16.5797,0.0012,1.344,1.198,0.018,0.03,0.543,0
2028,2139.43,2227.03,16.4484,0.0007,1.461,1.139,0.02,0.031,0.537,0
2632,2298.73,1943.56,16.8524,0.0007,1.4,1.16,0.02,0.034,0.536,0
1899,1852.31,2132.81,16.3445,0.0007,1.459,1.224,0.016,0.026,0.532,0
2613,1922.91,2116.03,16.8061,0.0008,1.471,1.243,0.024,0.036,0.531,0
528,2126.42,2230.88,14.9586,0.0006,3.107,2.646,0.016,0.046,0.53,0
1889,2246.83,2222.92,16.4969,0.0008,2.134,1.729,0.022,0.046,0.53,0
2054,2061.23,2115.81,16.4349,0.0008,1.532,1.235,0.019,0.029,0.524,0
1638,2167.84,2077.56,16.1383,0.0007,1.297,1.157,0.015,0.023,0.522,0
1826,2101.43,1972.56,16.3129,0.0007,1.688,1.401,0.016,0.031,0.516,0
1514,1871.73,2010.19,16.0235,0.0006,1.363,1.139,0.015,0.021,0.507,0
1389,1987.72,2246.63,15.9104,0.0006,1.42,1.207,0.017,0.025,0.506,0
867,2235.64,2128.4,16.0923,0.002,1.268,0.826,0.031,0.034,0.505,0
1772,2218.57,2170.03,16.2807,0.0007,1.223,1.089,0.018,0.025,0.501,0
752,2156.36,2013.51,15.3867,0.0006,2.651,2.312,0.014,0.044,0.5,0
1273,2035.03,2205.48,15.8012,0.0007,1.312,1.093,0.015,0.021,0.499,0
1892,2215.37,1923.78,16.3237,0.0007,1.308,1.116,0.017,0.023,0.493,0
1275,1980.47,2301.16,15.8111,0.0007,1.318,1.077,0.016,0.021,0.472,0
808,2052.19,2044.0,15.2235,0.0005,2.347,1.752,0.015,0.027,0.471,0
470,1940.74,1986.78,14.3604,0.0003,2.182,1.945,0.01,0.017,0.46,0
504,2184.73,2144.32,14.5534,0.0004,2.234,2.033,0.01,0.019,0.459,0
697,2318.39,2168.99,15.1553,0.0004,1.011,0.833,0.01,0.012,0.451,0
819,1948.5,2288.24,15.3008,0.0005,1.116,0.908,0.012,0.015,0.449,0
463,2264.12,1876.24,14.3486,0.0003,2.005,1.856,0.008,0.014,0.443,0
844,2036.1,1832.4,15.261,0.0007,1.306,1.086,0.01,0.015,0.432,0
658,1790.34,2080.94,15.0229,0.0004,0.992,0.899,0.01,0.013,0.426,0
445,2102.15,1813.33,14.2623,0.0003,1.913,1.711,0.007,0.011,0.425,0
48,2178.59,1976.11,11.99,0.0002,0.855,0.734,0.005,0.004,0.409,0
579,1953.14,1865.45,14.9682,0.0004,0.962,0.713,0.009,0.011,0.38,0
380,2298.2,2091.74,14.3509,0.0002,0.875,0.849,0.008,0.009,0.363,0
3682,1821.45,2011.74,17.3412,0.001,1.527,1.194,0.033,0.054,0.01,0
4350,1871.49,2081.92,17.5328,0.001,1.638,1.393,0.035,0.069,0.01,0
5055,2151.84,1941.03,17.7312,0.0011,1.428,1.245,0.043,0.076,0.01,0
5666,2061.31,2194.69,17.9831,0.0013,1.397,1.282,0.049,0.075,0.01,0
6676,2255.71,2050.29,18.2344,0.0016,1.495,1.524,0.066,0.142,0.01,0
7989,2206.14,1976.11,18.7642,0.0023,1.873,1.138,0.089,0.16,0.01,0
5273,2187.31,2023.58,18.279,0.002,1.909,-0.496,0.08,0.087,0.64,0
4235,2044.53,2044.67,17.4382,0.0011,nan,1.619,nan,0.134,0.61,-1
6599,2195.22,2187.94,18.1934,0.0016,nan,1.248,nan,0.1,0.62,-1
7821,2107.56,2024.12,18.4914,0.0017,nan,1.424,nan,0.171,0.85,-1
7847,2019.23,2128.58,18.5089,0.0017,nan,1.208,nan,0.105,0.63,-1
8461,2266.01,2256.95,18.7284,0.0022,nan,0.869,nan,0.138,0.62,-1
