ID,x,y,Gmag,e_Gmag,BV,UB,BVerr,UBerr,MP,sel
272,1249.97,1419.89,15.4656,0.0004,0.918,0.331,0.011,0.024,0.999,1
154,1810.07,1253.86,14.8555,0.0003,0.816,0.164,0.007,0.013,0.994,1
396,1764.59,1175.95,15.9354,0.0006,0.843,0.341,0.009,0.039,0.993,1
512,784.945,1533.06,16.2547,0.0006,0.797,0.078,0.013,0.031,0.992,1
252,1086.04,1265.25,15.4399,0.0004,0.684,0.177,0.009,0.017,0.988,1
361,1802.17,1424.69,15.7957,0.0004,0.959,0.253,0.01,0.033,0.988,1
223,921.294,1749.77,15.273,0.0012,0.913,0.159,0.016,0.02,0.979,1
119,1081.06,1548.08,14.6363,0.0003,0.67,0.021,0.009,0.008,0.966,1
360,1324.4,1533.17,15.8818,0.0005,0.687,0.194,0.01,0.023,0.964,1
370,1632.6,1787.65,15.9906,0.0006,0.444,0.114,0.012,0.018,0.961,1
31,1407.87,1276.52,12.8396,0.0002,1.184,0.579,0.005,0.006,0.956,1
112,1055.57,1885.83,14.5451,0.0004,0.752,0.297,0.015,0.014,0.955,1
427,1248.6,998.355,16.1778,0.0005,0.584,0.345,0.009,0.03,0.941,1
196,1237.26,1042.29,15.1339,0.0003,0.806,0.363,0.006,0.016,0.931,1
158,1472.33,1449.23,14.9443,0.0003,0.675,0.018,0.008,0.011,0.925,1
251,1130.29,1959.35,15.4184,0.0004,0.782,0.15,0.011,0.021,0.925,1
385,1167.18,955.402,15.8928,0.0005,0.817,0.516,0.015,0.036,0.923,1
517,867.906,1322.85,16.3314,0.0006,0.73,0.077,0.011,0.029,0.92,1
138,912.869,1792.07,14.8114,0.0003,0.532,0.313,0.013,0.014,0.916,1
91,1191.36,1629.43,13.9945,0.0003,1.445,1.315,0.009,0.031,0.912,1
17,1796.48,1230.56,12.7638,0.0002,0.258,-0.086,0.005,0.004,0.911,1
332,1821.13,1388.22,15.7244,0.0005,0.816,0.1,0.009,0.023,0.909,1
369,1462.11,1861.51,15.92,0.0005,0.603,0.357,0.014,0.027,0.909,1
300,1470.36,1470.69,15.6858,0.0004,0.651,0.156,0.009,0.019,0.908,1
29,1364.62,1030.16,13.089,0.0004,0.584,0.211,0.005,0.005,0.906,1
234,1678.58,1874.44,15.4819,0.0004,0.619,0.162,0.012,0.016,0.905,1
93,1059.26,1585.1,13.9556,0.0027,1.171,0.605,0.009,0.014,0.899,1
657,1243.19,1120.92,16.6536,0.0011,0.799,0.091,0.013,0.049,0.897,1
129,1510.63,1055.7,14.814,0.0005,0.439,0.295,0.005,0.009,0.89,1
105,918.324,1907.51,14.1085,0.0003,1.544,1.5,0.014,0.044,0.886,1
161,1249.43,1969.09,15.1127,0.0004,0.365,0.167,0.011,0.012,0.886,1
4,1082.75,1607.9,11.4088,0.0005,0.211,-0.232,0.009,0.007,0.885,1
90,1090.58,967.485,14.3817,0.0003,0.349,0.085,0.012,0.01,0.885,1
146,1660.12,1475.6,14.9561,0.0003,0.364,0.254,0.008,0.011,0.882,1
11,1415.9,1409.09,12.3533,0.0002,0.252,-0.119,0.006,0.005,0.88,1
437,1408.82,1478.21,16.1204,0.0006,0.682,0.282,0.011,0.037,0.879,1
344,958.939,1728.64,15.7866,0.0005,0.689,0.475,0.012,0.032,0.872,1
5,1795.44,1165.63,11.2096,0.0007,1.531,1.465,0.01,0.007,0.871,1
474,1340.66,1287.67,16.2067,0.0007,0.717,0.43,0.011,0.035,0.871,1
637,1649.93,1068.86,16.6191,0.0007,0.766,0.153,0.012,0.066,0.87,1
836,1120.86,1673.31,16.9428,0.0008,0.844,0.024,0.018,0.05,0.869,1
415,1405.06,1412.09,16.1105,0.0009,0.592,0.293,0.01,0.028,0.862,1
338,1047.4,1799.96,15.8335,0.0005,0.522,0.357,0.013,0.022,0.858,1
407,1414.68,1821.43,15.9556,0.0007,0.835,0.071,0.014,0.025,0.858,1
20,1506.12,1360.66,12.7686,0.0002,0.568,0.133,0.007,0.006,0.848,1
683,882.181,1670.4,16.695,0.0007,0.708,0.134,0.013,0.042,0.843,1
411,1857.42,1617.63,16.0878,0.0008,0.545,0.327,0.011,0.025,0.839,1
157,1624.69,1856.64,14.9932,0.0004,0.508,0.208,0.013,0.012,0.833,1
237,1248.68,1627.2,15.5021,0.0005,0.347,0.067,0.01,0.013,0.831,1
593,1035.77,1645.29,16.5984,0.0007,0.554,0.389,0.014,0.042,0.826,1
383,1082.92,1434.21,16.0339,0.0008,0.538,0.42,0.014,0.028,0.823,1
224,1233.57,1401.78,15.4124,0.001,0.489,0.315,0.012,0.019,0.819,1
301,896.816,1529.0,15.7233,0.0004,0.52,0.257,0.009,0.02,0.817,1
21,1581.06,1260.31,12.6148,0.0002,1.0,0.524,0.005,0.005,0.812,1
126,1500.74,1573.66,14.392,0.0003,1.401,1.14,0.01,0.034,0.811,1
107,1867.71,1613.42,14.447,0.0003,0.689,0.006,0.009,0.009,0.811,1
495,1739.4,1400.05,16.3423,0.0024,0.485,-0.041,0.012,0.025,0.81,1
583,1282.94,1338.35,16.5122,0.0008,0.708,0.168,0.011,0.043,0.789,1
219,1590.53,1601.56,15.2214,0.0005,0.868,0.207,0.009,0.016,0.783,1
99,1088.44,1250.88,14.4685,0.0003,0.351,0.112,0.005,0.006,0.763,1
365,1275.54,1242.61,15.8217,0.0005,0.95,0.287,0.01,0.034,0.754,1
37,1121.34,1808.37,13.0467,0.0003,1.344,1.185,0.01,0.013,0.736,1
53,1521.0,1952.03,13.3697,0.0002,1.452,1.228,0.01,0.019,0.727,1
152,764.338,1274.37,14.9135,0.0004,0.657,0.298,0.008,0.012,0.722,1
14,977.643,1294.63,12.6049,0.0004,0.212,-0.111,0.005,0.004,0.706,1
350,1283.81,1154.94,15.7666,0.0005,0.942,0.094,0.02,0.031,0.706,1
120,1027.26,1421.19,14.3365,0.0003,1.427,1.231,0.008,0.034,0.699,1
211,911.327,1639.61,15.1575,0.0003,0.922,0.287,0.009,0.017,0.69,1
26,899.835,1313.18,12.7563,0.0002,1.336,0.923,0.005,0.036,0.632,1
132,1163.99,1705.43,14.6339,0.0003,0.837,0.047,0.011,0.012,0.631,1
42,1528.83,1625.7,13.2277,0.0002,1.184,0.732,0.008,0.009,0.627,1
30,1234.29,1541.82,13.1078,0.0002,0.581,0.368,0.007,0.006,0.619,1
12,1120.21,1291.71,12.3919,0.0001,0.617,0.306,0.005,0.004,0.581,1
41,939.91,1680.63,13.0129,0.0004,1.49,1.297,0.008,0.015,0.544,1
646,937.944,1250.18,16.6629,0.0007,0.676,-0.002,0.013,0.037,0.537,1
51,1800.87,1828.47,13.0697,0.0004,1.724,1.566,0.013,0.025,0.522,1
1258,875.716,1700.93,17.4367,0.001,0.832,-0.005,0.025,0.093,0.514,1
58,1659.29,1312.14,13.3832,0.0003,1.543,1.401,0.01,0.024,0.449,1
848,823.926,1328.06,16.9888,0.0008,0.776,-0.068,0.016,0.054,0.442,1
163,1272.03,1284.8,14.9261,0.0003,0.852,0.056,0.006,0.012,0.433,1
6,1487.26,1075.66,11.7458,0.0002,0.692,-0.037,0.005,0.004,0.419,1
497,779.967,1745.22,16.1185,0.0015,0.768,-0.017,0.014,0.03,0.274,1
710,897.331,1565.4,16.745,0.0008,0.736,0.002,0.014,0.062,0.122,1
94,1775.31,1558.93,13.0847,0.0027,2.564,-0.274,0.075,0.073,0.11,1
76,1030.64,971.181,13.649,0.0003,1.448,1.285,0.013,0.027,0.049,1
779,841.429,1134.77,16.8643,0.0008,0.771,-0.035,0.013,0.047,0.028,1
734,1559.71,1587.91,17.0728,0.0033,0.843,0.176,0.046,0.053,0.922,0
64,1232.56,939.28,13.9318,0.0008,0.353,0.208,0.01,0.009,0.909,0
50,1755.37,1113.77,13.6878,0.0004,0.263,-0.494,0.005,0.004,0.881,0
164,1670.19,1423.43,14.7406,0.0009,1.4,1.034,0.01,0.043,0.871,0
35,1162.55,1776.33,13.3458,0.0002,0.277,0.123,0.009,0.008,0.852,0
56,1349.94,2002.93,13.7908,0.0002,0.325,0.175,0.011,0.009,0.841,0
669,863.498,1686.94,16.5342,0.0007,0.898,0.413,0.013,0.069,0.836,0
319,1078.06,1714.74,15.5044,0.0007,1.19,0.728,0.012,0.044,0.802,0
481,848.347,1789.67,16.2639,0.0006,0.619,0.3,0.013,0.029,0.802,0
330,1124.3,1493.76,15.8056,0.0005,0.692,0.106,0.013,0.02,0.799,0
429,1489.33,2003.54,16.0782,0.0006,0.719,0.161,0.011,0.036,0.783,0
8,1339.9,1248.19,11.0843,0.0022,1.829,2.123,0.006,0.013,0.782,0
292,1294.39,1697.22,15.6854,0.0005,0.463,0.301,0.011,0.019,0.779,0
431,1746.76,1422.53,16.2227,0.0006,0.455,0.276,0.009,0.019,0.765,0
289,1734.33,1395.72,15.5883,0.0005,0.713,0.043,0.009,0.018,0.742,0
598,965.467,1860.43,16.5257,0.0008,0.706,0.061,0.014,0.04,0.742,0
610,954.746,1947.18,16.5333,0.0008,0.816,0.066,0.015,0.036,0.741,0
296,913.833,1945.97,15.6126,0.0004,0.764,0.04,0.012,0.017,0.731,0
299,1078.41,1475.07,15.5994,0.0004,0.833,0.072,0.009,0.02,0.7,0
377,914.378,1686.72,15.8394,0.0006,0.993,0.396,0.012,0.036,0.692,0
108,1201.7,1371.34,14.4617,0.0003,0.754,0.098,0.006,0.008,0.69,0
169,1344.97,1014.9,15.0766,0.0003,0.596,0.189,0.007,0.013,0.683,0
85,1332.82,1565.52,14.3121,0.0003,0.382,0.28,0.009,0.007,0.671,0
535,1569.75,1607.69,16.3182,0.0007,0.833,0.054,0.012,0.035,0.66,0
190,1564.87,1623.39,15.14,0.0004,0.704,0.006,0.01,0.013,0.653,0
577,1179.72,1553.38,16.4809,0.0007,0.763,0.093,0.013,0.038,0.65,0
922,1286.66,1347.24,17.0563,0.001,0.889,0.185,0.018,0.079,0.649,0
102,1104.66,1969.02,14.4788,0.0003,0.408,0.248,0.01,0.009,0.641,0
539,1199.39,1765.54,16.3353,0.0008,0.926,0.217,0.015,0.048,0.628,0
200,1174.58,1081.77,16.0362,0.0025,0.91,0.124,0.041,0.035,0.624,0
225,1316.31,990.72,14.9968,0.0003,1.264,0.718,0.02,0.046,0.618,0
729,1280.22,1785.63,16.6859,0.0009,0.789,0.031,0.015,0.046,0.612,0
2,791.579,1284.09,11.2126,0.0004,0.248,0.102,0.009,0.005,0.606,0
302,1515.03,1610.36,15.6096,0.0005,0.77,0.13,0.01,0.021,0.597,0
368,1511.05,1753.24,15.894,0.0007,0.869,0.272,0.053,0.032,0.589,0
153,1534.86,1921.43,14.8877,0.0004,0.711,0.053,0.011,0.012,0.584,0
362,1067.48,969.818,15.9203,0.0005,0.566,0.386,0.013,0.026,0.582,0
470,1608.21,1220.01,16.1993,0.0006,0.695,0.274,0.009,0.028,0.571,0
555,1654.68,1104.85,16.431,0.0007,0.768,0.107,0.013,0.04,0.568,0
193,1084.36,1718.1,15.1464,0.0006,0.748,0.048,0.012,0.016,0.566,0
70,1071.69,949.264,13.8924,0.0002,0.706,0.042,0.011,0.01,0.555,0
13,1330.83,1586.62,12.6227,0.0002,0.264,0.067,0.007,0.005,0.537,0
774,1148.2,932.854,16.8164,0.0007,0.755,0.115,0.019,0.047,0.536,0
473,1150.71,1700.32,16.1228,0.0006,0.89,0.051,0.013,0.034,0.53,0
329,1605.58,1604.36,15.7179,0.0005,0.797,0.05,0.011,0.019,0.524,0
371,1524.07,1368.66,15.9125,0.0005,0.757,0.103,0.009,0.02,0.519,0
382,1794.49,1798.77,15.8549,0.0007,0.976,0.265,0.012,0.033,0.511,0
86,1085.76,1105.65,14.3232,0.0003,0.304,-0.098,0.006,0.006,0.494,0
551,1336.19,1405.85,16.4917,0.0008,0.634,0.304,0.011,0.042,0.489,0
446,1524.02,1919.15,16.069,0.0005,0.869,0.18,0.012,0.032,0.484,0
142,1425.2,1234.78,14.7668,0.0004,0.779,0.038,0.006,0.01,0.48,0
527,1759.02,1228.5,16.2922,0.0007,0.943,0.274,0.013,0.047,0.465,0
406,1440.28,1552.0,15.9705,0.0005,0.82,0.102,0.011,0.028,0.45,0
36,1610.89,1917.91,13.221,0.0009,0.874,0.162,0.009,0.008,0.446,0
463,1626.17,1233.73,16.1713,0.0013,0.769,0.082,0.011,0.028,0.433,0
44,1749.47,1395.08,13.52,0.0002,0.512,0.224,0.006,0.006,0.417,0
115,1838.95,1508.86,14.5078,0.0003,0.855,0.116,0.008,0.01,0.417,0
336,1222.67,1203.77,15.7477,0.0005,0.8,0.083,0.009,0.023,0.382,0
343,992.911,1795.58,15.7863,0.0014,0.842,0.121,0.013,0.022,0.365,0
1195,984.337,1860.05,17.4042,0.0011,0.798,0.114,0.024,0.079,0.353,0
206,1099.47,1699.91,15.1512,0.0004,0.916,0.314,0.011,0.018,0.349,0
570,1350.72,1979.26,16.5004,0.0008,0.823,0.106,0.017,0.044,0.346,0
440,1794.18,1560.96,16.1469,0.0008,0.935,0.026,0.07,0.064,0.343,0
209,1074.39,1734.96,15.1608,0.0004,0.885,0.2,0.012,0.018,0.333,0
867,1224.1,1764.21,16.9785,0.0011,0.879,0.085,0.019,0.069,0.33,0
61,1137.53,1353.21,13.5741,0.0002,1.207,0.741,0.007,0.012,0.328,0
34,1120.54,1544.37,12.8958,0.0002,1.391,1.156,0.007,0.012,0.327,0
618,1395.76,1216.74,16.6185,0.0033,1.005,0.334,0.029,0.063,0.326,0
651,1173.99,1693.77,16.6101,0.0008,0.802,0.173,0.015,0.044,0.325,0
325,1768.86,1750.84,15.7073,0.0004,0.722,0.058,0.013,0.018,0.322,0
232,1715.24,1313.24,15.3822,0.0004,0.654,0.17,0.007,0.02,0.319,0
466,829.294,1825.98,16.1122,0.0006,0.875,0.098,0.016,0.027,0.302,0
379,904.792,1540.94,15.8957,0.0005,0.845,0.215,0.011,0.027,0.289,0
98,1326.53,1657.94,14.3566,0.0003,0.673,0.04,0.01,0.009,0.268,0
482,1664.64,1313.53,16.0883,0.003,0.777,0.027,0.015,0.032,0.26,0
480,774.795,1377.4,16.213,0.0005,0.701,0.161,0.01,0.032,0.252,0
280,754.478,1359.32,15.5458,0.0004,0.833,0.138,0.008,0.017,0.244,0
170,1410.4,1536.97,15.0068,0.0003,0.731,0.122,0.008,0.013,0.241,0
273,1266.47,1594.47,15.4332,0.0004,0.935,0.276,0.009,0.024,0.227,0
476,1222.64,1285.0,16.2111,0.0009,0.752,0.122,0.009,0.028,0.219,0
483,1034.42,1604.07,16.1653,0.0006,0.859,0.25,0.012,0.038,0.217,0
97,1488.16,1228.31,14.1269,0.0002,1.315,1.011,0.006,0.022,0.214,0
557,1188.05,1662.17,16.6721,0.0016,0.816,0.067,0.037,0.037,0.188,0
586,1140.97,1332.43,16.5026,0.0007,0.755,0.176,0.011,0.093,0.181,0
430,1608.59,1508.7,16.0453,0.0007,0.913,0.215,0.012,0.032,0.144,0
308,835.722,1423.01,15.7307,0.0007,0.52,0.164,0.009,0.026,0.121,0
376,1095.07,1280.89,15.9708,0.0036,0.781,0.09,0.009,0.023,0.0,0
348,1527.9,1948.07,15.5877,0.0014,1.339,nan,0.015,nan,0.88,-1
65,1787.6,1635.44,13.0454,0.0007,1.994,nan,0.01,nan,0.38,-1
68,1130.99,1309.0,12.8988,0.0006,2.12,nan,0.006,nan,0.55,-1
127,1421.08,1524.22,14.3122,0.0003,1.521,nan,0.008,nan,0.94,-1
171,1260.58,940.033,14.718,0.0003,1.437,nan,0.014,nan,0.69,-1
197,1464.95,1571.29,14.8915,0.0003,1.417,nan,0.009,nan,0.94,-1
199,739.583,1350.76,14.4814,0.0003,1.975,nan,0.01,nan,0.88,-1
217,1716.64,1074.58,14.9702,0.0003,1.508,nan,0.009,nan,0.23,-1
222,1153.37,1225.35,15.0208,0.0003,1.37,nan,0.008,nan,0.99,-1
229,1419.08,1253.36,15.0353,0.0004,1.486,nan,0.008,nan,0.67,-1
239,1508.32,1035.79,15.4458,0.0004,0.645,nan,0.008,nan,0.77,-1
247,774.75,1672.95,15.0317,0.0003,1.454,nan,0.012,nan,0.46,-1
259,1565.75,1470.84,15.1689,0.0004,1.385,nan,0.009,nan,0.47,-1
266,1065.63,1640.16,15.0122,0.0003,1.712,nan,0.014,nan,0.39,-1
2508,1272.19,1587.63,18.6611,0.0027,0.921,nan,0.064,nan,0.67,-1
278,1195.51,1454.13,15.3663,0.0004,1.175,nan,0.009,nan,0.94,-1
288,1461.55,1043.96,15.3086,0.0004,1.458,nan,0.01,nan,0.5,-1
291,1313.35,1081.58,15.307,0.0004,1.426,nan,0.009,nan,0.35,-1
976,1150.3,1637.81,16.8951,0.0013,1.162,nan,0.025,nan,0.88,-1
318,872.376,1203.3,15.0149,0.0004,1.96,nan,0.01,nan,0.26,-1
334,1318.17,1648.27,15.4469,0.0009,1.484,nan,0.019,nan,0.85,-1
339,924.294,1051.57,15.4276,0.0004,1.563,nan,0.009,nan,0.7,-1
346,1793.77,1781.74,15.572,0.0004,1.3,nan,0.014,nan,0.91,-1
353,1641.91,1298.85,15.3089,0.0004,1.813,nan,0.012,nan,0.22,-1
366,1223.98,1813.83,15.6753,0.0006,1.192,nan,0.014,nan,0.55,-1
392,1514.19,1927.32,16.0398,0.0006,0.5,nan,0.012,nan,0.75,-1
400,1209.82,1022.47,15.6975,0.0008,1.46,nan,0.011,nan,0.83,-1
405,946.958,1333.28,15.57,0.0005,1.667,nan,0.012,nan,0.89,-1
423,1855.37,1642.11,15.973,0.0005,0.945,nan,0.012,nan,0.6,-1
801,1480.04,2000.11,16.8631,0.0008,0.801,nan,0.016,nan,0.98,-1
433,1707.16,1776.14,15.5079,0.0005,1.848,nan,0.017,nan,0.69,-1
436,1601.03,1005.5,15.835,0.0006,1.413,nan,0.013,nan,0.84,-1
441,1232.73,1897.33,15.8353,0.0004,1.32,nan,0.017,nan,0.09,-1
492,1814.45,1737.41,15.8738,0.0006,1.574,nan,0.015,nan,0.21,-1
493,1449.73,1714.31,17.046,0.0021,0.796,nan,0.044,nan,0.7,-1
501,1245.53,1665.8,16.1308,0.0009,1.279,nan,0.025,nan,0.91,-1
505,1787.39,1813.01,16.2227,0.0006,0.898,nan,0.015,nan,0.99,-1
522,847.604,1868.52,16.2856,0.0087,1.162,nan,0.029,nan,0.0,-1
533,1290.94,1689.63,16.3429,0.0007,0.776,nan,0.014,nan,0.49,-1
543,1717.65,1706.74,16.0526,0.0005,1.535,nan,0.017,nan,0.66,-1
545,1872.31,1329.78,16.0038,0.0006,1.657,nan,0.014,nan,0.73,-1
546,1620.73,1110.97,16.0543,0.0006,1.483,nan,0.016,nan,0.87,-1
554,1703.49,1137.13,16.3237,0.0006,1.029,nan,0.012,nan,0.35,-1
562,790.705,1301.96,16.6415,0.0029,0.799,nan,0.07,nan,0.11,-1
568,747.366,1438.5,16.0586,0.0005,1.508,nan,0.015,nan,0.88,-1
738,1201.21,1830.98,16.3593,0.0007,1.557,nan,0.02,nan,0.78,-1
581,1293.95,1642.72,16.589,0.0016,0.77,nan,0.024,nan,0.94,-1
588,1617.46,1823.53,16.2868,0.0007,1.197,nan,0.016,nan,0.36,-1
599,1431.86,1045.72,16.2896,0.0011,1.382,nan,0.017,nan,0.67,-1
612,1850.74,1584.98,16.4633,0.0007,0.948,nan,0.022,nan,0.97,-1
615,927.583,1463.94,16.5438,0.0008,0.882,nan,0.013,nan,0.3,-1
629,1800.46,1626.3,15.2805,0.0008,2.516,nan,0.029,nan,0.89,-1
633,964.695,1123.81,16.5416,0.0006,0.964,nan,0.012,nan,0.34,-1
2071,1217.1,1719.23,18.2872,0.0033,1.21,nan,0.058,nan,0.49,-1
663,1358.89,1162.77,16.295,0.0006,1.403,nan,0.016,nan,0.66,-1
670,1474.5,1107.26,16.5837,0.0036,0.885,nan,0.013,nan,0.28,-1
1546,880.598,1597.97,17.7682,0.0013,0.913,nan,0.03,nan,0.47,-1
677,1132.28,1549.3,16.5754,0.0011,0.905,nan,0.013,nan,0.37,-1
681,1340.07,1662.49,16.7354,0.0013,0.716,nan,0.015,nan,0.67,-1
684,1198.75,1613.6,16.6998,0.0007,0.953,nan,0.028,nan,0.18,-1
689,999.559,1038.96,16.6994,0.0009,0.837,nan,0.013,nan,0.5,-1
691,1694.01,1070.12,16.7939,0.0008,0.618,nan,0.012,nan,0.19,-1
692,1638.46,1097.59,16.7336,0.0029,0.917,nan,0.016,nan,0.31,-1
698,892.52,1235.57,16.7255,0.0007,0.789,nan,0.013,nan,0.56,-1
706,1539.18,1912.45,17.0487,0.0074,0.814,nan,0.021,nan,0.0,-1
711,1235.61,1049.09,16.319,0.0007,1.675,nan,0.023,nan,0.06,-1
714,982.168,1377.36,16.6925,0.0044,1.041,nan,0.015,nan,0.27,-1
719,1530.83,1151.95,16.7374,0.0007,0.874,nan,0.018,nan,0.16,-1
726,1629.88,1546.33,16.7793,0.0007,0.736,nan,0.014,nan,0.55,-1
743,1708.98,1618.89,16.7347,0.0008,0.88,nan,0.021,nan,0.96,-1
761,1153.25,1329.23,16.7494,0.0008,0.863,nan,0.013,nan,0.7,-1
766,1562.43,1903.27,16.8632,0.0008,0.659,nan,0.016,nan,0.82,-1
771,1366.97,1279.47,16.4038,0.0008,1.609,nan,0.024,nan,0.46,-1
775,967.059,1457.81,16.5245,0.0007,1.418,nan,0.018,nan,0.88,-1
777,1418.31,1831.31,16.1798,0.0007,1.656,nan,0.023,nan,0.38,-1
778,949.438,1240.66,16.404,0.0006,1.644,nan,0.02,nan,0.9,-1
780,1100.9,1274.82,16.8079,0.001,0.926,nan,0.016,nan,0.82,-1
784,1770.26,1525.44,16.7587,0.0013,1.11,nan,0.016,nan,0.97,-1
789,1609.45,1055.13,16.8351,0.0007,1.025,nan,0.016,nan,0.67,-1
794,1570.17,1976.99,16.7206,0.0007,1.216,nan,0.018,nan,0.47,-1
800,1251.75,1188.64,16.8421,0.0008,0.965,nan,0.016,nan,0.52,-1
803,1108.97,1150.95,16.5658,0.0007,1.573,nan,0.018,nan,0.24,-1
804,1553.24,1748.71,16.8915,0.001,0.734,nan,0.015,nan,0.36,-1
805,1337.06,993.896,16.9007,0.0007,0.844,nan,0.016,nan,0.49,-1
810,1314.41,1723.97,16.4734,0.0007,1.542,nan,0.024,nan,0.81,-1
815,839.884,1419.65,16.9811,0.002,0.723,nan,0.019,nan,0.78,-1
818,1331.3,1287.27,16.8851,0.0011,0.937,nan,0.015,nan,0.61,-1
2316,1017.73,1986.54,18.387,0.0017,1.182,nan,0.056,nan,0.84,-1
830,1248.58,1793.27,16.8612,0.0008,1.022,nan,0.019,nan,0.36,-1
831,1203.57,1263.68,16.7417,0.0008,1.243,nan,0.019,nan,0.4,-1
839,1029.84,1379.33,16.9188,0.0009,1.018,nan,0.016,nan,0.03,-1
840,1218.21,1190.19,16.9397,0.0015,1.022,nan,0.02,nan,0.72,-1
841,955.603,1640.94,16.9213,0.0007,0.896,nan,0.016,nan,0.41,-1
844,1590.78,1370.2,16.9591,0.0009,0.81,nan,0.016,nan,0.54,-1
849,1631.9,1449.24,16.959,0.0008,0.966,nan,0.018,nan,0.85,-1
850,1365.9,1149.47,16.9658,0.0008,0.897,nan,0.016,nan,0.27,-1
851,1508.01,1179.48,16.9554,0.0008,0.92,nan,0.016,nan,0.47,-1
857,1249.91,1405.92,16.4455,0.0007,1.632,nan,0.025,nan,0.7,-1
858,1632.23,1270.02,16.8912,0.0008,1.11,nan,0.018,nan,0.56,-1
860,939.49,1115.21,16.9261,0.0009,0.987,nan,0.02,nan,0.43,-1
871,1527.9,1377.13,16.5699,0.001,1.695,nan,0.025,nan,0.1,-1
873,1213.93,1398.59,16.9676,0.0008,0.985,nan,0.026,nan,0.14,-1
875,1474.56,1788.96,17.0123,0.0009,0.741,nan,0.016,nan,0.88,-1
878,1043.26,1769.9,16.9679,0.0008,0.903,nan,0.019,nan,0.5,-1
879,1194.95,1029.26,16.5441,0.0007,1.738,nan,0.025,nan,0.09,-1
882,1338.54,1649.52,17.0169,0.001,0.647,nan,0.022,nan,0.57,-1
890,1719.26,1675.67,16.9764,0.0009,0.976,nan,0.018,nan,0.26,-1
892,1877.83,1363.01,17.025,0.0008,0.872,nan,0.017,nan,0.09,-1
897,1238.15,1960.28,17.879,0.0017,0.805,nan,0.048,nan,0.15,-1
905,1683.08,1512.61,16.9706,0.0022,1.049,nan,0.018,nan,0.76,-1
907,1121.62,1990.9,17.0043,0.001,0.835,nan,0.018,nan,0.56,-1
908,1847.59,1310.98,17.2307,0.0035,1.103,nan,0.035,nan,0.56,-1
911,1231.93,1107.67,17.0224,0.0008,1.028,nan,0.016,nan,0.81,-1
912,1416.49,961.234,16.9342,0.0008,1.109,nan,0.024,nan,0.56,-1
917,1761.62,1190.93,17.1734,0.0009,0.71,nan,0.016,nan,0.8,-1
921,1029.65,1773.74,17.0458,0.0016,0.889,nan,0.018,nan,0.05,-1
1780,1068.8,1791.79,17.957,0.0017,0.989,nan,0.035,nan,0.01,-1
932,1865.06,1563.87,17.1099,0.0009,0.771,nan,0.02,nan,0.19,-1
942,1118.3,1387.34,17.1214,0.0009,0.78,nan,0.017,nan,0.36,-1
946,1147.52,1840.23,17.0169,0.0021,1.079,nan,0.026,nan,0.74,-1
958,1672.19,1334.66,17.1173,0.0015,0.771,nan,0.017,nan,0.81,-1
961,1573.06,1493.59,17.1159,0.0009,0.877,nan,0.019,nan,0.46,-1
962,1129.84,1588.2,17.0898,0.0009,0.936,nan,0.019,nan,0.25,-1
964,1659.8,1898.13,17.1125,0.0009,0.842,nan,0.021,nan,0.86,-1
978,925.45,1365.07,17.0755,0.0011,1.071,nan,0.018,nan,0.3,-1
980,1301.21,1143.4,17.1445,0.0009,0.964,nan,0.017,nan,0.93,-1
989,1419.14,1485.63,17.2299,0.0009,0.748,nan,0.019,nan,0.84,-1
993,1156.1,1294.3,17.2053,0.0009,0.775,nan,0.016,nan,0.89,-1
1597,1646.49,1263.31,17.7827,0.0033,1.068,nan,0.037,nan,0.75,-1
998,1338.78,1627.7,16.7233,0.0017,1.487,nan,0.024,nan,0.35,-1
1000,1467.07,1159.07,17.4003,0.0027,0.906,nan,0.039,nan,0.3,-1
1007,968.473,1047.66,17.0242,0.0009,1.337,nan,0.022,nan,0.04,-1
1008,1356.67,1696.45,17.3587,0.0017,0.642,nan,0.029,nan,0.76,-1
1009,1422.19,1003.9,17.2042,0.0009,0.857,nan,0.018,nan,0.43,-1
1010,965.529,1300.3,17.1925,0.0014,0.831,nan,0.02,nan,0.33,-1
1011,1865.03,1365.29,17.1631,0.0009,0.926,nan,0.018,nan,0.73,-1
1014,1773.91,1649.22,17.1773,0.001,0.85,nan,0.019,nan,0.31,-1
1018,941.379,1652.05,17.1434,0.0013,0.954,nan,0.021,nan,0.73,-1
1019,999.02,1514.85,17.1519,0.0014,1.152,nan,0.024,nan,0.56,-1
1023,1477.29,1609.91,17.1895,0.001,0.871,nan,0.02,nan,0.32,-1
1029,1381.03,1096.56,17.1504,0.0008,0.997,nan,0.02,nan,0.59,-1
1040,1070.49,1132.12,17.2381,0.0008,0.86,nan,0.018,nan,0.25,-1
1048,1390.69,1869.54,17.2836,0.001,0.794,nan,0.022,nan,0.91,-1
1052,1114.71,1040.95,17.2391,0.001,0.971,nan,0.019,nan,0.77,-1
1055,1280.82,1124.83,17.3082,0.0011,0.886,nan,0.019,nan,0.37,-1
2164,778.061,1499.31,18.1678,0.0014,1.066,nan,0.057,nan,0.72,-1
1065,1192.83,1442.92,17.2685,0.001,0.835,nan,0.022,nan,0.98,-1
1066,1757.11,1282.64,17.3122,0.0009,0.819,nan,0.019,nan,0.15,-1
1067,995.467,1062.58,17.3032,0.0031,0.995,nan,0.023,nan,0.28,-1
1069,1716.2,1170.97,17.2585,0.0009,0.904,nan,0.02,nan,0.89,-1
1070,1325.82,1253.49,17.1814,0.0025,1.098,nan,0.026,nan,0.53,-1
1075,1246.01,932.442,17.1889,0.0011,0.726,nan,0.042,nan,0.05,-1
1078,1527.22,1663.28,17.237,0.001,0.937,nan,0.022,nan,0.7,-1
1079,1230.25,1687.14,17.4138,0.0014,0.792,nan,0.036,nan,0.19,-1
1092,1149.19,1745.98,17.3201,0.0014,0.778,nan,0.019,nan,0.82,-1
1094,956.651,1194.1,17.1386,0.0008,1.318,nan,0.025,nan,0.98,-1
1095,1397.48,1541.44,17.2809,0.001,0.878,nan,0.018,nan,0.82,-1
1099,1641.5,1232.33,17.2117,0.0009,1.061,nan,0.02,nan,0.87,-1
1104,1549.57,1459.55,17.1133,0.0014,1.291,nan,0.035,nan,0.56,-1
1105,1567.2,1786.15,17.2585,0.001,1.02,nan,0.023,nan,0.07,-1
1112,1327.89,1129.21,17.3822,0.0009,0.767,nan,0.018,nan,0.24,-1
1385,1714.38,1371.97,17.626,0.0012,0.788,nan,0.024,nan,0.78,-1
1140,1265.77,1624.93,17.3652,0.001,0.716,nan,0.019,nan,0.56,-1
1145,1743.11,1900.86,17.3963,0.0009,0.728,nan,0.026,nan,0.27,-1
1148,1877.99,1522.62,17.3568,0.0011,0.832,nan,0.021,nan,0.64,-1
1152,1491.35,1380.64,17.2024,0.0011,1.336,nan,0.029,nan,0.5,-1
1157,1044.38,1374.65,17.3203,0.0009,1.003,nan,0.022,nan,0.51,-1
1165,726.618,1545.65,17.2848,0.001,1.0,nan,0.021,nan,0.05,-1
1168,1132.3,1392.35,17.3409,0.0009,0.941,nan,0.02,nan,0.18,-1
1171,1722.96,1423.86,17.3346,0.001,0.976,nan,0.022,nan,0.67,-1
1805,711.47,1564.27,17.9694,0.0016,1.009,nan,0.038,nan,0.69,-1
1173,1335.22,1181.14,17.3796,0.001,0.96,nan,0.021,nan,0.93,-1
1174,1408.37,1197.72,17.1743,0.0031,1.327,nan,0.029,nan,0.71,-1
1176,1404.15,1893.99,17.3506,0.001,0.839,nan,0.035,nan,0.18,-1
1189,865.115,1830.88,17.3781,0.0011,0.801,nan,0.024,nan,0.89,-1
1192,1371.45,1012.54,17.3101,0.0009,1.185,nan,0.024,nan,0.23,-1
1204,1201.52,1218.82,17.505,0.0011,0.703,nan,0.023,nan,0.79,-1
1205,1457.95,1403.26,17.5068,0.0012,0.7,nan,0.019,nan,0.66,-1
1209,872.619,1133.13,17.5045,0.0027,0.886,nan,0.019,nan,0.31,-1
1210,1766.15,1498.78,17.5214,0.0021,0.987,nan,0.046,nan,0.55,-1
1215,1399.21,1025.13,17.2985,0.001,1.218,nan,0.026,nan,0.22,-1
1219,1594.18,1223.6,17.4077,0.001,0.958,nan,0.024,nan,0.82,-1
1220,1728.39,1699.39,17.3701,0.0009,0.952,nan,0.026,nan,0.79,-1
1221,740.935,1552.24,17.303,0.0015,1.136,nan,0.024,nan,0.23,-1
1228,789.189,1406.88,17.4168,0.001,0.968,nan,0.024,nan,0.23,-1
1231,1391.69,1263.54,17.4137,0.0015,0.857,nan,0.023,nan,0.7,-1
1234,1433.17,1540.24,17.5305,0.0023,1.15,nan,0.059,nan,0.75,-1
1236,1835.14,1552.5,17.4624,0.0011,0.848,nan,0.019,nan,0.09,-1
1238,1459.34,1074.16,17.6202,0.0013,0.904,nan,0.026,nan,0.55,-1
1241,1449.66,1333.5,17.4856,0.001,0.881,nan,0.023,nan,0.31,-1
1247,969.795,1403.38,17.4678,0.001,0.928,nan,0.022,nan,0.93,-1
1248,1091.08,1755.67,17.4613,0.0011,0.856,nan,0.022,nan,0.66,-1
1257,978.595,1451.33,17.4407,0.001,0.962,nan,0.022,nan,0.76,-1
1260,1534.67,1360.77,17.4969,0.0013,0.893,nan,0.024,nan,0.8,-1
1264,1296.66,1116.4,17.4614,0.001,1.007,nan,0.025,nan,0.42,-1
1267,1487.02,964.885,17.4367,0.001,0.872,nan,0.027,nan,0.78,-1
1269,1574.4,1281.54,17.5166,0.0012,0.907,nan,0.025,nan,0.11,-1
1274,990.172,1221.2,17.4455,0.001,1.074,nan,0.028,nan,0.88,-1
1285,1135.71,1596.86,17.5142,0.001,0.871,nan,0.022,nan,0.78,-1
1286,1530.08,1556.01,17.5612,0.0012,0.683,nan,0.046,nan,0.88,-1
1289,810.946,1676.48,17.5169,0.001,0.75,nan,0.024,nan,0.1,-1
1293,839.088,1288.87,17.473,0.0011,0.878,nan,0.024,nan,0.41,-1
1302,1568.67,1313.18,17.5249,0.0011,0.799,nan,0.032,nan,0.53,-1
1303,1638.18,1751.98,17.5136,0.0012,0.843,nan,0.028,nan,0.78,-1
1306,1521.1,1476.71,17.5927,0.0013,0.775,nan,0.022,nan,0.79,-1
1314,979.787,1500.58,17.5184,0.0011,0.922,nan,0.023,nan,0.93,-1
1316,1554.04,1202.75,17.478,0.001,1.169,nan,0.03,nan,0.73,-1
1320,1585.11,1954.79,17.4435,0.0009,1.207,nan,0.032,nan,0.12,-1
1321,1570.87,1656.01,17.4736,0.0012,0.997,nan,0.028,nan,0.26,-1
1323,887.86,1278.6,17.5169,0.0012,1.115,nan,0.029,nan,0.18,-1
1324,1335.56,1154.01,17.5431,0.0014,0.878,nan,0.023,nan,0.7,-1
1325,1770.25,1712.41,17.5592,0.0011,0.834,nan,0.026,nan,0.71,-1
1334,1166.74,1307.72,17.5716,0.0011,0.823,nan,0.023,nan,0.83,-1
1335,1573.96,1449.84,17.5917,0.0012,0.762,nan,0.025,nan,0.81,-1
1337,1288.95,984.889,17.5681,0.003,0.776,nan,0.033,nan,0.23,-1
1344,995.567,1114.82,17.4712,0.001,1.142,nan,0.028,nan,0.7,-1
1345,1759.19,1542.24,17.544,0.0012,0.993,nan,0.025,nan,0.53,-1
1355,1322.23,1449.66,17.5714,0.0077,1.001,nan,0.03,nan,0.0,-1
1358,997.379,1260.14,17.617,0.0011,0.898,nan,0.022,nan,0.06,-1
1510,1367.98,1832.59,17.7,0.0013,0.88,nan,0.026,nan,0.71,-1
1388,1215.03,1292.13,17.5747,0.0021,0.998,nan,0.027,nan,0.49,-1
2029,1541.31,1754.66,18.1395,0.0025,1.029,nan,0.049,nan,0.11,-1
1408,1519.81,1054.11,17.6584,0.0012,1.018,nan,0.029,nan,0.42,-1
1416,1725.15,1337.28,16.9963,0.0009,1.856,nan,0.047,nan,0.06,-1
1421,1330.2,1705.08,17.676,0.0013,0.909,nan,0.026,nan,0.47,-1
1422,1435.7,1458.46,17.4163,0.001,1.322,nan,0.028,nan,0.4,-1
1423,945.067,1077.23,17.5734,0.0011,1.132,nan,0.027,nan,0.04,-1
1424,814.771,1711.51,17.5435,0.001,1.01,nan,0.027,nan,0.57,-1
1427,1187.01,1759.72,17.6608,0.0013,0.909,nan,0.026,nan,0.8,-1
1428,714.068,1529.8,17.6587,0.001,0.831,nan,0.025,nan,0.34,-1
1432,714.109,1435.91,17.6161,0.001,0.974,nan,0.028,nan,0.8,-1
1435,916.322,1316.6,17.6526,0.0013,0.966,nan,0.033,nan,0.75,-1
1443,1138.68,1726.46,17.6065,0.0013,0.945,nan,0.028,nan,0.38,-1
1447,1516.35,1105.98,17.6958,0.0013,0.868,nan,0.026,nan,0.34,-1
1457,1156.3,1286.97,17.7332,0.0014,0.944,nan,0.029,nan,0.76,-1
2103,1651.81,1903.06,18.2553,0.0018,0.829,nan,0.047,nan,0.49,-1
1472,1767.55,1202.09,17.6567,0.0012,0.926,nan,0.028,nan,0.61,-1
1478,1004.06,1639.52,17.3463,0.001,1.473,nan,0.035,nan,0.64,-1
1479,1224.58,1530.56,17.6955,0.0013,0.882,nan,0.026,nan,0.01,-1
1480,1053.22,1966.91,17.6894,0.0012,0.878,nan,0.026,nan,0.74,-1
1483,943.042,1111.69,17.6887,0.0015,0.978,nan,0.033,nan,0.7,-1
1485,868.57,1289.5,17.0647,0.0009,1.733,nan,0.039,nan,0.31,-1
1486,1614.46,1097.83,17.7523,0.0012,0.851,nan,0.025,nan,0.65,-1
1493,1503.34,1197.11,17.2293,0.001,1.545,nan,0.04,nan,0.26,-1
1496,1217.37,1301.01,17.6481,0.0012,1.023,nan,0.029,nan,0.16,-1
1499,1337.67,1965.23,17.117,0.0009,1.721,nan,0.048,nan,0.82,-1
1500,1189.19,947.695,18.5974,0.0036,0.785,nan,0.047,nan,0.38,-1
1508,1852.07,1636.62,17.8085,0.0014,0.905,nan,0.039,nan,0.51,-1
1513,1691.65,1820.51,17.687,0.0012,0.941,nan,0.03,nan,0.26,-1
1518,1359.33,1846.77,17.3094,0.001,1.794,nan,0.05,nan,0.03,-1
1530,1747.55,1340.38,17.1211,0.0009,1.772,nan,0.05,nan,0.21,-1
1537,926.933,1417.14,17.8019,0.0012,0.906,nan,0.026,nan,0.32,-1
1540,1829.7,1566.79,17.7075,0.0011,1.021,nan,0.03,nan,0.44,-1
1542,915.368,1277.06,17.783,0.0012,0.983,nan,0.032,nan,0.56,-1
1545,1441.44,1152.93,17.7669,0.0012,0.939,nan,0.028,nan,0.36,-1
1552,1517.21,1410.86,17.7517,0.0013,1.029,nan,0.03,nan,0.3,-1
1556,1242.18,1444.36,17.3339,0.0014,1.619,nan,0.045,nan,0.76,-1
1557,1749.71,1733.36,17.6426,0.0012,1.225,nan,0.035,nan,0.98,-1
1558,1401.49,1402.07,17.8528,0.0021,0.935,nan,0.045,nan,0.6,-1
1563,1369.36,1203.7,17.7013,0.0013,1.078,nan,0.033,nan,0.55,-1
1570,1369.4,1808.87,17.7682,0.0016,0.849,nan,0.03,nan,0.9,-1
1574,1261.19,1198.73,17.8267,0.0013,0.782,nan,0.028,nan,0.77,-1
1579,1533.22,1724.43,17.811,0.0015,1.02,nan,0.028,nan,0.13,-1
1590,1056.87,1140.49,17.816,0.0012,0.995,nan,0.031,nan,0.96,-1
1592,927.007,1579.44,17.8232,0.0013,0.924,nan,0.032,nan,0.87,-1
1601,1514.89,1022.03,17.8706,0.0014,0.839,nan,0.03,nan,0.82,-1
1606,1870.7,1517.26,17.8485,0.0013,0.915,nan,0.03,nan,0.42,-1
1611,1261.46,1037.14,17.7733,0.0012,0.966,nan,0.029,nan,0.36,-1
1612,833.818,1601.39,17.7874,0.0018,0.941,nan,0.03,nan,0.77,-1
1614,965.462,1780.98,17.7463,0.0013,1.133,nan,0.037,nan,0.61,-1
1615,1208.25,991.798,17.9312,0.0014,0.88,nan,0.033,nan,0.61,-1
1617,1178.34,1320.05,17.8736,0.0012,1.056,nan,0.034,nan,0.95,-1
1618,1630.26,1531.67,17.8861,0.0013,0.75,nan,0.029,nan,0.74,-1
1620,1036.45,1680.64,17.8736,0.0014,0.897,nan,0.03,nan,0.87,-1
1625,1262.16,1884.66,17.8436,0.0014,1.001,nan,0.033,nan,0.91,-1
1626,979.443,1554.06,17.8982,0.0012,1.014,nan,0.034,nan,0.71,-1
1629,1010.13,1640.55,17.8539,0.0014,0.747,nan,0.029,nan,0.79,-1
1632,1452.02,1470.72,17.8636,0.0013,0.89,nan,0.03,nan,0.4,-1
1640,1129.19,1429.2,17.8653,0.0013,0.891,nan,0.033,nan,0.15,-1
1646,1415.1,1122.24,17.8674,0.0014,1.023,nan,0.028,nan,0.21,-1
1647,944.58,1878.22,17.8291,0.0013,1.012,nan,0.037,nan,0.62,-1
1648,1198.22,1302.71,17.8718,0.0013,0.938,nan,0.029,nan,0.82,-1
1649,1304.97,1441.25,17.9031,0.0015,0.998,nan,0.03,nan,0.78,-1
1651,797.586,1448.14,17.8465,0.0012,0.954,nan,0.038,nan,0.91,-1
1659,1042.66,1826.48,17.8769,0.0013,0.874,nan,0.028,nan,0.83,-1
1661,1862.19,1574.89,17.9859,0.0039,0.978,nan,0.032,nan,0.09,-1
1665,864.019,1618.64,17.8308,0.0014,0.938,nan,0.04,nan,0.82,-1
1667,1383.16,910.675,17.1132,0.0009,1.774,nan,0.073,nan,0.4,-1
1673,850.63,1583.03,17.8762,0.0013,0.822,nan,0.03,nan,0.47,-1
1681,860.973,1804.53,17.8177,0.0013,0.902,nan,0.036,nan,0.14,-1
1682,793.185,1583.5,17.9578,0.0013,0.887,nan,0.036,nan,0.49,-1
1687,1122.42,1030.86,17.8891,0.0015,0.955,nan,0.035,nan,0.79,-1
1694,995.94,1056.49,17.8953,0.0018,1.112,nan,0.042,nan,0.47,-1
1700,1648.42,1562.91,18.8259,0.0041,1.01,nan,0.059,nan,0.5,-1
1701,1019.88,1186.35,17.9567,0.0013,1.011,nan,0.035,nan,0.29,-1
1702,1811.38,1388.91,17.8658,0.0014,1.233,nan,0.04,nan,0.93,-1
1705,828.044,1487.89,17.9676,0.0014,0.908,nan,0.031,nan,0.83,-1
1707,997.141,1178.23,17.962,0.0013,0.905,nan,0.03,nan,0.13,-1
1722,911.749,1872.97,17.7656,0.0014,1.141,nan,0.038,nan,0.37,-1
1726,1318.28,1031.02,17.9389,0.0016,0.873,nan,0.032,nan,0.55,-1
1727,1265.62,1220.22,17.9763,0.0021,0.89,nan,0.036,nan,0.53,-1
1733,909.48,1230.06,17.6761,0.0011,1.397,nan,0.043,nan,0.27,-1
1734,1101.08,1466.46,17.8804,0.0019,1.194,nan,0.036,nan,0.88,-1
1738,1266.06,1289.05,17.986,0.0023,0.834,nan,0.03,nan,0.01,-1
1739,1376.98,1184.06,17.9601,0.0016,0.995,nan,0.032,nan,0.73,-1
1745,1390.79,1277.7,17.9735,0.0015,0.945,nan,0.032,nan,0.78,-1
1748,1315.65,1951.03,18.0049,0.0014,0.8,nan,0.036,nan,0.58,-1
1754,1004.36,1886.66,17.9549,0.0015,0.852,nan,0.036,nan,0.03,-1
1762,1106.21,1616.17,18.0447,0.002,0.857,nan,0.05,nan,0.06,-1
1764,1229.86,1852.15,17.9806,0.0016,1.045,nan,0.033,nan,0.55,-1
1769,970.676,1789.73,17.9302,0.0015,1.069,nan,0.038,nan,0.58,-1
1772,1497.21,1239.82,17.9898,0.0014,1.059,nan,0.037,nan,0.19,-1
1789,1117.26,1786.15,17.8388,0.0014,1.308,nan,0.046,nan,0.71,-1
1796,731.159,1411.42,17.9429,0.0012,0.977,nan,0.037,nan,0.84,-1
1797,1703.08,1326.65,17.9898,0.0014,0.921,nan,0.032,nan,0.67,-1
1799,1272.57,1445.55,18.0744,0.0016,0.788,nan,0.032,nan,0.26,-1
1801,1496.8,1944.84,18.0018,0.0016,0.925,nan,0.035,nan,0.61,-1
1810,1176.84,1624.11,18.1431,0.0021,0.973,nan,0.05,nan,0.93,-1
1812,1150.56,1626.89,18.0702,0.002,1.137,nan,0.049,nan,0.03,-1
1814,1422.52,1314.9,17.9846,0.0013,1.009,nan,0.041,nan,0.07,-1
1820,802.599,1348.37,17.9276,0.0012,1.0,nan,0.036,nan,0.39,-1
1823,1541.46,1820.79,18.0226,0.0015,0.838,nan,0.038,nan,0.52,-1
1827,1411.4,1679.21,17.1723,0.0011,2.248,nan,0.079,nan,0.12,-1
1834,1443.82,1069.14,18.0839,0.0015,0.908,nan,0.036,nan,0.08,-1
1835,1323.31,1136.47,18.0035,0.0015,0.989,nan,0.037,nan,0.56,-1
1842,1333.69,1776.25,18.1034,0.0017,0.836,nan,0.035,nan,0.77,-1
1845,1106.97,1703.31,17.9465,0.0021,1.011,nan,0.042,nan,0.54,-1
1847,990.534,1068.64,18.4377,0.0073,1.496,nan,0.096,nan,0.0,-1
1852,841.93,1404.09,18.0912,0.0013,0.939,nan,0.038,nan,0.78,-1
1855,1166.19,1114.81,18.0953,0.0015,0.914,nan,0.032,nan,0.85,-1
1856,1539.83,1110.05,17.9902,0.0015,1.111,nan,0.037,nan,0.61,-1
1862,1431.29,1491.59,17.9062,0.0014,1.3,nan,0.051,nan,0.77,-1
1865,780.762,1241.52,18.1482,0.0015,0.757,nan,0.034,nan,0.71,-1
1866,895.888,1454.81,18.0837,0.0014,0.9,nan,0.034,nan,0.6,-1
1867,967.505,1823.99,18.0248,0.0015,1.018,nan,0.04,nan,0.93,-1
1871,945.192,1397.52,18.1339,0.0016,0.935,nan,0.03,nan,0.24,-1
1876,1507.85,1743.92,18.2137,0.0017,1.092,nan,0.051,nan,0.76,-1
1880,776.506,1658.85,18.0568,0.0015,0.965,nan,0.038,nan,0.67,-1
1883,1535.93,1762.52,17.5927,0.0017,1.028,nan,0.041,nan,0.65,-1
1884,1270.3,1695.56,18.0602,0.0016,1.012,nan,0.038,nan,0.74,-1
1886,1494.37,1153.06,18.0724,0.0015,0.804,nan,0.037,nan,0.98,-1
1888,1122.22,1187.67,18.1326,0.0015,0.919,nan,0.036,nan,0.81,-1
1893,1608.54,1190.31,17.9078,0.0015,1.506,nan,0.051,nan,0.12,-1
1896,960.78,1892.91,18.0388,0.0015,1.057,nan,0.046,nan,0.13,-1
1899,1211.82,1740.13,18.0536,0.0016,0.846,nan,0.037,nan,0.64,-1
1901,1210.07,1533.54,18.1024,0.0019,0.895,nan,0.036,nan,0.7,-1
1908,1669.95,1289.25,17.9257,0.0016,1.252,nan,0.048,nan,0.5,-1
1912,1298.04,1245.87,18.1969,0.0018,0.908,nan,0.036,nan,0.79,-1
2022,1623.19,1938.35,18.1619,0.0014,0.794,nan,0.036,nan,0.55,-1
1917,1426.52,1179.05,18.1023,0.0015,0.964,nan,0.032,nan,0.4,-1
1918,1430.72,1817.9,17.965,0.0013,1.043,nan,0.042,nan,0.32,-1
1919,1660.06,1713.29,18.1053,0.0016,0.955,nan,0.038,nan,0.03,-1
1920,1768.62,1734.98,17.5438,0.0011,1.905,nan,0.067,nan,0.11,-1
1921,1048.86,1547.65,18.1111,0.0015,1.071,nan,0.05,nan,0.45,-1
2411,1723.83,1363.37,18.5397,0.0021,0.915,nan,0.073,nan,0.54,-1
1931,1648.01,1438.42,18.0503,0.0014,1.192,nan,0.043,nan,0.11,-1
1938,1491.12,1141.71,18.5837,0.0039,1.109,nan,0.068,nan,0.5,-1
1939,974.188,1218.32,18.3107,0.0017,0.962,nan,0.056,nan,0.66,-1
1940,1777.43,1686.1,18.1159,0.0015,1.029,nan,0.036,nan,0.14,-1
1942,1816.81,1377.27,18.159,0.0016,1.023,nan,0.045,nan,0.06,-1
1943,1291.47,1386.97,18.1549,0.0016,1.086,nan,0.041,nan,0.82,-1
1951,892.735,1665.28,18.0304,0.0014,1.059,nan,0.037,nan,0.61,-1
1953,1183.54,1099.79,18.203,0.0014,0.89,nan,0.035,nan,0.3,-1
1955,820.388,1698.51,18.0783,0.0015,0.998,nan,0.041,nan,0.35,-1
1958,1806.94,1193.14,18.1656,0.0019,0.887,nan,0.044,nan,0.11,-1
1959,1781.43,1345.3,18.1795,0.0015,0.889,nan,0.035,nan,0.81,-1
1981,1794.14,1476.73,18.2563,0.0017,0.933,nan,0.037,nan,0.22,-1
1983,960.078,1697.5,18.1556,0.0017,1.1,nan,0.04,nan,0.73,-1
2582,1613.46,1166.31,18.6905,0.0024,0.928,nan,0.068,nan,0.25,-1
2147,746.982,1635.16,18.2125,0.0013,1.007,nan,0.046,nan,0.93,-1
1996,1186.22,1907.26,18.1652,0.0018,0.85,nan,0.039,nan,0.9,-1
1998,1049.45,1010.91,18.1859,0.0017,1.076,nan,0.046,nan,0.54,-1
1999,1881.82,1495.67,18.2013,0.0016,0.944,nan,0.041,nan,0.65,-1
2004,1470.41,1836.33,18.1243,0.0015,1.029,nan,0.046,nan,0.59,-1
2008,795.13,1204.41,18.1994,0.0016,1.008,nan,0.039,nan,0.14,-1
2019,1667.96,1634.2,18.2236,0.0016,0.998,nan,0.046,nan,0.52,-1
2027,1369.1,1096.81,18.256,0.0017,1.005,nan,0.044,nan,0.74,-1
2030,1007.95,1478.62,18.1918,0.0014,1.012,nan,0.044,nan,0.21,-1
2032,1328.48,1715.35,18.1388,0.0019,1.03,nan,0.047,nan,0.97,-1
2035,1015.04,1891.89,18.234,0.0018,0.912,nan,0.039,nan,0.21,-1
2036,1408.28,1240.96,18.2898,0.0019,1.102,nan,0.043,nan,0.44,-1
2038,1047.23,1717.73,18.2078,0.0017,0.922,nan,0.038,nan,0.25,-1
2039,1274.07,917.198,18.1309,0.0014,1.044,nan,0.049,nan,0.06,-1
2040,1592.15,1623.24,18.1921,0.0018,1.012,nan,0.039,nan,0.81,-1
2043,1304.9,1284.79,18.1482,0.002,1.176,nan,0.051,nan,0.33,-1
2045,1037.52,961.123,18.0981,0.0019,1.008,nan,0.052,nan,0.91,-1
2048,1036.24,1414.13,18.2641,0.0018,0.867,nan,0.044,nan,0.02,-1
2053,1451.56,1928.42,18.2095,0.0017,1.181,nan,0.085,nan,0.48,-1
2061,875.916,1348.77,18.2546,0.0016,0.894,nan,0.041,nan,0.98,-1
2063,1385.16,1586.7,18.1947,0.0017,1.023,nan,0.046,nan,0.79,-1
2075,1307.09,1845.38,18.2481,0.0017,0.834,nan,0.046,nan,0.6,-1
2076,1337.3,1725.54,18.3305,0.0038,1.049,nan,0.056,nan,0.3,-1
2080,1775.58,1388.65,18.312,0.0016,0.931,nan,0.045,nan,0.43,-1
2081,1048.33,1485.6,18.261,0.0017,1.016,nan,0.042,nan,0.65,-1
2082,1542.47,1082.15,18.2465,0.0017,1.04,nan,0.048,nan,0.71,-1
2084,1017.2,1701.06,18.0718,0.0014,1.339,nan,0.051,nan,0.28,-1
2091,1143.55,1467.34,18.1524,0.0015,1.226,nan,0.05,nan,0.02,-1
2096,777.794,1318.41,18.282,0.0017,0.987,nan,0.06,nan,0.57,-1
2104,1412.86,1506.04,18.2766,0.0017,1.026,nan,0.049,nan,0.72,-1
2106,1012.11,1585.24,18.2455,0.0017,0.936,nan,0.04,nan,0.66,-1
2108,940.554,1496.08,18.3044,0.0019,1.075,nan,0.052,nan,0.55,-1
2112,1649.41,1850.68,18.2565,0.0018,1.024,nan,0.043,nan,0.71,-1
2113,1337.49,1298.43,18.274,0.0021,0.938,nan,0.047,nan,0.83,-1
2116,1189.29,1213.61,18.3038,0.0015,0.815,nan,0.039,nan,0.71,-1
2120,1717.21,1424.58,18.3239,0.002,0.948,nan,0.038,nan,0.75,-1
2125,1719.76,1531.94,18.3305,0.0017,0.951,nan,0.048,nan,0.75,-1
2131,1594.82,1278.01,18.2935,0.0018,1.096,nan,0.05,nan,0.41,-1
2132,1686.06,1501.97,18.3023,0.0018,0.895,nan,0.046,nan,0.08,-1
2133,1361.34,1701.79,18.1895,0.0017,1.013,nan,0.049,nan,0.73,-1
2136,858.748,1380.14,18.3417,0.0016,0.955,nan,0.042,nan,0.68,-1
2137,1666.18,1491.13,18.2782,0.0017,0.897,nan,0.049,nan,0.8,-1
2142,1148.09,1715.62,18.3365,0.0021,0.839,nan,0.039,nan,0.4,-1
2143,812.273,1186.0,18.3542,0.0016,0.9,nan,0.045,nan,0.77,-1
2146,1452.01,1589.62,18.2585,0.0018,1.037,nan,0.048,nan,0.62,-1
2148,1813.64,1664.06,18.259,0.0017,0.883,nan,0.046,nan,0.38,-1
2151,1030.48,1289.53,18.2346,0.0016,1.119,nan,0.054,nan,0.51,-1
2153,989.319,1715.94,18.3141,0.0023,0.979,nan,0.047,nan,0.14,-1
2154,919.808,1598.7,18.2236,0.0027,1.103,nan,0.047,nan,0.14,-1
2155,1302.85,1997.8,19.5209,0.0038,1.058,nan,0.052,nan,0.25,-1
2157,985.312,1074.08,18.4857,0.0026,0.952,nan,0.057,nan,0.45,-1
2163,1617.33,1026.57,18.1804,0.0015,1.2,nan,0.052,nan,0.4,-1
2169,1481.25,1958.55,19.2259,0.0032,1.021,nan,0.052,nan,0.7,-1
2172,992.453,1571.17,18.264,0.0019,1.079,nan,0.045,nan,0.61,-1
2176,1557.69,1783.12,18.2908,0.0019,1.093,nan,0.045,nan,0.57,-1
2177,1209.17,1633.44,18.1919,0.0015,1.392,nan,0.058,nan,0.9,-1
2179,1145.16,980.398,18.2862,0.0018,1.086,nan,0.053,nan,0.4,-1
2185,873.007,1180.79,18.2948,0.0015,0.949,nan,0.043,nan,0.83,-1
2186,1665.44,1285.65,18.3592,0.002,0.929,nan,0.053,nan,0.45,-1
2187,1458.54,993.839,18.2877,0.0015,1.047,nan,0.051,nan,0.39,-1
2188,1630.8,1575.24,18.2872,0.0017,1.123,nan,0.053,nan,0.13,-1
2198,938.696,1066.23,18.2778,0.0015,1.033,nan,0.042,nan,0.33,-1
2199,1121.01,1609.09,18.2748,0.0017,1.158,nan,0.055,nan,0.15,-1
2200,805.648,1555.98,18.3113,0.0015,0.867,nan,0.072,nan,0.59,-1
2208,1200.87,1123.64,18.4001,0.0019,0.926,nan,0.048,nan,0.82,-1
2213,1623.47,1636.77,18.3056,0.0017,1.075,nan,0.058,nan,0.21,-1
2214,1495.4,1297.46,18.3789,0.0021,0.928,nan,0.046,nan,0.27,-1
2215,1456.89,1882.39,18.4191,0.0018,0.823,nan,0.046,nan,0.53,-1
2217,930.433,1192.09,18.4554,0.0017,1.043,nan,0.056,nan,0.01,-1
2220,862.181,1510.79,18.4141,0.0017,0.863,nan,0.044,nan,0.5,-1
2221,1612.63,1866.87,18.3979,0.0017,0.942,nan,0.047,nan,0.29,-1
2225,1749.14,1277.33,18.3717,0.0017,0.845,nan,0.046,nan,0.78,-1
2231,1485.79,1812.04,18.3477,0.0018,0.967,nan,0.045,nan,0.97,-1
2234,1196.51,1410.32,18.3247,0.0018,1.038,nan,0.054,nan,0.67,-1
2237,1354.55,1417.76,18.3287,0.0019,1.016,nan,0.043,nan,0.72,-1
2239,1366.41,1568.75,18.495,0.0022,0.962,nan,0.059,nan,0.69,-1
2243,1732.15,1319.19,18.3758,0.0018,0.993,nan,0.052,nan,0.68,-1
2247,1527.51,1741.75,18.3488,0.0019,0.91,nan,0.052,nan,0.79,-1
2249,799.232,1601.25,18.3058,0.0015,1.101,nan,0.054,nan,0.58,-1
2253,1070.8,1179.33,18.4069,0.0019,1.107,nan,0.053,nan,0.42,-1
2255,973.078,1243.29,18.3598,0.0016,1.043,nan,0.053,nan,0.03,-1
2259,1104.98,1524.67,18.3993,0.0019,1.103,nan,0.046,nan,0.58,-1
2260,1855.61,1298.0,18.3035,0.0014,1.109,nan,0.06,nan,0.02,-1
2265,758.29,1381.3,18.4014,0.0017,0.974,nan,0.05,nan,0.79,-1
2271,1677.36,1190.15,18.3444,0.0016,1.044,nan,0.056,nan,0.48,-1
2276,1315.38,928.235,18.3621,0.0017,1.049,nan,0.054,nan,0.05,-1
2280,1441.3,949.851,18.4064,0.0018,0.99,nan,0.052,nan,0.84,-1
2285,1455.83,1028.96,18.3846,0.0018,1.15,nan,0.059,nan,0.2,-1
2289,1786.1,1757.61,18.4607,0.0018,0.891,nan,0.047,nan,0.84,-1
2292,1756.63,1363.29,18.4584,0.0019,0.839,nan,0.04,nan,0.69,-1
2294,936.998,1380.6,18.2713,0.0015,1.185,nan,0.062,nan,0.11,-1
2296,889.44,1243.46,18.3463,0.0017,0.914,nan,0.052,nan,0.42,-1
2297,1114.45,1533.72,18.4492,0.0023,1.068,nan,0.054,nan,0.43,-1
2299,1038.25,1302.92,18.4094,0.0016,0.966,nan,0.051,nan,0.77,-1
2306,1549.91,1544.53,18.5098,0.0022,1.029,nan,0.046,nan,0.7,-1
2310,1274.69,1648.67,18.3849,0.0018,1.009,nan,0.056,nan,0.02,-1
2312,1013.56,1473.03,18.356,0.0018,1.037,nan,0.053,nan,0.81,-1
2314,1113.17,1434.31,18.4666,0.002,0.966,nan,0.048,nan,0.72,-1
2318,1649.2,1029.88,18.4324,0.0015,0.979,nan,0.054,nan,0.65,-1
2321,1063.55,1461.74,18.3339,0.0017,1.238,nan,0.064,nan,0.35,-1
2324,1250.26,1991.53,18.3848,0.0017,0.962,nan,0.054,nan,0.55,-1
2325,885.254,1835.37,18.4043,0.0019,1.049,nan,0.055,nan,0.67,-1
2328,1119.41,929.6,18.4689,0.0029,1.119,nan,0.069,nan,0.07,-1
2329,1001.38,1800.87,18.2893,0.0022,1.176,nan,0.055,nan,0.58,-1
2330,1186.9,1225.38,18.4338,0.0017,1.025,nan,0.045,nan,0.74,-1
2331,1531.9,1281.33,18.406,0.0018,1.051,nan,0.054,nan,0.63,-1
2334,892.322,1765.47,18.2482,0.0016,1.118,nan,0.053,nan,0.52,-1
2343,887.878,1546.6,19.2472,0.0043,0.874,nan,0.066,nan,0.27,-1
2344,1546.31,1041.45,18.4527,0.0019,1.141,nan,0.07,nan,0.49,-1
2345,969.373,1265.44,18.4125,0.0018,1.041,nan,0.056,nan,0.67,-1
2348,987.692,1496.68,18.3035,0.0016,1.197,nan,0.064,nan,0.16,-1
2350,877.114,1170.37,18.4705,0.0016,0.933,nan,0.051,nan,0.2,-1
2355,1691.13,1771.94,18.7636,0.0025,1.071,nan,0.081,nan,0.72,-1
2358,1743.14,1511.89,18.4452,0.0019,1.147,nan,0.066,nan,0.46,-1
2361,1098.44,1146.4,18.5007,0.002,0.972,nan,0.055,nan,0.73,-1
2364,718.278,1506.3,18.4836,0.0024,1.084,nan,0.065,nan,0.35,-1
2365,1237.92,1187.62,18.4881,0.0019,0.877,nan,0.047,nan,0.57,-1
2371,1447.58,1671.02,18.2055,0.0017,1.279,nan,0.065,nan,0.38,-1
2373,801.211,1658.89,18.4552,0.0019,0.995,nan,0.054,nan,0.72,-1
2375,1306.85,1447.6,18.4332,0.0026,0.96,nan,0.048,nan,0.16,-1
2380,893.147,1370.78,18.554,0.0022,1.086,nan,0.062,nan,0.86,-1
2383,1000.18,1453.44,18.4747,0.0017,0.991,nan,0.06,nan,0.27,-1
2385,1757.62,1506.68,18.4724,0.0019,0.929,nan,0.05,nan,0.89,-1
2393,1419.79,1585.18,18.4325,0.002,0.985,nan,0.052,nan,0.68,-1
2397,784.221,1712.66,18.534,0.003,1.2,nan,0.074,nan,0.26,-1
2405,1685.28,1241.51,18.5251,0.002,1.154,nan,0.064,nan,0.76,-1
2406,1241.77,1302.49,18.4949,0.0019,1.055,nan,0.058,nan,0.56,-1
2409,1698.85,1602.49,18.5665,0.0025,1.006,nan,0.049,nan,0.01,-1
2410,1184.12,1511.89,18.4627,0.0018,0.976,nan,0.058,nan,0.02,-1
2412,1094.21,1951.85,18.4999,0.002,0.99,nan,0.046,nan,0.67,-1
2413,1812.8,1639.35,18.6174,0.0022,1.061,nan,0.06,nan,0.32,-1
2415,1573.07,1365.4,18.4868,0.0018,0.991,nan,0.052,nan,0.79,-1
2422,1729.68,1671.95,18.5566,0.0022,0.962,nan,0.054,nan,0.2,-1
2423,1255.7,1905.19,18.5263,0.002,1.053,nan,0.061,nan,0.74,-1
2427,1074.14,1168.93,18.5019,0.0017,1.046,nan,0.057,nan,0.87,-1
2428,1317.45,1392.35,18.4539,0.0021,1.158,nan,0.054,nan,0.54,-1
2430,1309.84,1897.96,18.61,0.0029,0.983,nan,0.055,nan,0.94,-1
2436,1757.15,1869.97,18.5278,0.002,0.92,nan,0.053,nan,0.7,-1
2437,1228.13,1615.8,18.4917,0.0023,1.128,nan,0.056,nan,0.9,-1
2441,1078.77,1139.74,18.4915,0.0029,0.998,nan,0.057,nan,0.58,-1
2444,1578.56,1702.69,18.5884,0.0025,0.995,nan,0.061,nan,0.7,-1
2445,1467.81,1252.59,18.5938,0.0021,1.044,nan,0.056,nan,0.74,-1
2450,1323.4,1882.48,18.5474,0.0043,1.27,nan,0.069,nan,0.61,-1
2452,1602.57,1631.85,18.485,0.0022,1.121,nan,0.054,nan,0.79,-1
2453,1200.07,1289.05,18.5407,0.0019,1.035,nan,0.065,nan,0.23,-1
2459,1586.55,1737.28,18.5649,0.002,1.09,nan,0.06,nan,0.29,-1
2461,1502.0,1963.94,18.5799,0.005,0.947,nan,0.056,nan,0.47,-1
2474,1107.56,1250.65,18.5781,0.0021,1.209,nan,0.071,nan,0.41,-1
2478,1573.65,1045.05,18.5263,0.0019,1.154,nan,0.063,nan,0.14,-1
2481,1374.89,1608.79,18.7573,0.0032,1.029,nan,0.068,nan,0.69,-1
2483,1248.59,1162.98,18.6597,0.0031,0.984,nan,0.065,nan,0.33,-1
2485,1042.88,1422.56,18.7743,0.0027,1.057,nan,0.085,nan,0.39,-1
2488,1174.76,1395.96,18.4789,0.0018,1.001,nan,0.058,nan,0.35,-1
2493,932.534,1169.29,18.601,0.0019,1.107,nan,0.057,nan,0.29,-1
2495,1356.26,1876.77,18.5694,0.0022,0.904,nan,0.057,nan,0.65,-1
2496,870.006,1571.81,18.5534,0.0018,0.989,nan,0.061,nan,0.7,-1
2497,1198.75,1791.62,18.6044,0.0023,0.913,nan,0.06,nan,0.75,-1
2500,1267.49,1382.63,18.577,0.0025,0.976,nan,0.054,nan,0.58,-1
2502,1026.27,1748.02,18.5229,0.0019,1.265,nan,0.071,nan,0.32,-1
2503,1822.9,1319.96,18.6747,0.0023,1.225,nan,0.059,nan,0.08,-1
2507,1753.94,1816.38,18.6604,0.0032,0.961,nan,0.06,nan,0.33,-1
2512,1609.73,1290.04,18.4881,0.0018,1.0,nan,0.062,nan,0.76,-1
2514,921.698,1674.74,18.6868,0.0028,0.901,nan,0.069,nan,0.53,-1
2525,1157.1,1170.68,18.6594,0.002,1.045,nan,0.065,nan,0.04,-1
2526,1616.5,1472.66,18.6067,0.002,0.988,nan,0.065,nan,0.19,-1
2529,1079.67,1500.97,18.5575,0.002,0.922,nan,0.064,nan,0.72,-1
2530,1113.85,1667.25,18.5559,0.0021,1.368,nan,0.075,nan,0.18,-1
2534,1062.11,1369.19,18.5752,0.0018,1.059,nan,0.059,nan,0.37,-1
2537,1555.4,1337.17,18.6359,0.0024,1.019,nan,0.057,nan,0.64,-1
2543,1850.12,1439.53,19.6236,0.006,1.084,nan,0.069,nan,0.27,-1
2546,1379.96,1660.66,18.6965,0.0027,0.92,nan,0.055,nan,0.81,-1
2547,1368.88,1630.74,18.7442,0.0026,1.128,nan,0.067,nan,0.72,-1
2548,1354.08,1510.49,18.6981,0.0024,0.882,nan,0.061,nan,0.57,-1
2549,1017.17,1819.21,18.6248,0.002,1.086,nan,0.063,nan,0.83,-1
2552,1563.18,1814.12,18.6319,0.0021,0.973,nan,0.056,nan,0.91,-1
2553,1588.63,1823.97,18.623,0.0022,1.209,nan,0.08,nan,0.68,-1
2555,1607.61,1404.69,18.6903,0.0025,1.032,nan,0.067,nan,0.43,-1
2558,1412.88,1790.4,19.5246,0.0065,1.175,nan,0.065,nan,0.21,-1
2561,739.279,1700.22,18.6816,0.002,1.092,nan,0.076,nan,0.75,-1
2564,1704.12,1696.39,18.6075,0.0021,1.078,nan,0.07,nan,0.38,-1
2568,764.491,1606.41,18.571,0.0021,1.096,nan,0.079,nan,0.57,-1
2572,1543.22,1211.03,18.7055,0.0021,0.943,nan,0.062,nan,0.49,-1
2574,1813.32,1470.45,18.7759,0.0024,1.048,nan,0.068,nan,0.7,-1
2575,1405.03,1705.55,18.6106,0.0022,1.182,nan,0.069,nan,0.43,-1
2577,1104.47,1363.89,18.6978,0.0021,0.907,nan,0.07,nan,0.72,-1
2588,1532.05,1890.8,18.7465,0.0022,0.844,nan,0.065,nan,0.44,-1
2591,1426.15,977.045,18.6251,0.002,1.017,nan,0.07,nan,0.34,-1
2601,1454.98,1979.32,18.8142,0.0024,0.927,nan,0.068,nan,0.59,-1
2602,1185.18,1520.58,18.6622,0.0022,1.01,nan,0.072,nan,0.07,-1
2608,997.895,1334.91,18.7982,0.0022,0.975,nan,0.069,nan,0.09,-1
2609,1478.98,1123.4,18.7107,0.0023,1.0,nan,0.068,nan,0.32,-1
2616,1268.16,1961.44,18.7139,0.0021,0.776,nan,0.079,nan,0.54,-1
2617,1837.08,1438.47,18.7292,0.0023,1.291,nan,0.098,nan,0.21,-1
2622,1870.76,1453.3,18.781,0.0023,0.879,nan,0.059,nan,0.83,-1
2627,1405.61,1289.68,18.752,0.0037,0.982,nan,0.076,nan,0.21,-1
2630,1429.52,1246.92,18.7327,0.0023,0.96,nan,0.074,nan,0.59,-1
2634,1039.55,1921.36,18.8374,0.0029,0.883,nan,0.084,nan,0.6,-1
2637,1561.47,1354.93,18.7796,0.0023,0.983,nan,0.076,nan,0.33,-1
2639,1524.27,1535.07,18.642,0.0022,1.18,nan,0.085,nan,0.2,-1
2642,934.753,1628.75,18.8799,0.0021,0.979,nan,0.072,nan,0.03,-1
2643,1136.46,1850.06,18.8409,0.0026,0.976,nan,0.075,nan,0.41,-1
2648,1029.85,1533.77,18.7219,0.0022,1.156,nan,0.095,nan,0.61,-1
2651,1285.69,1113.69,18.8601,0.0025,1.0,nan,0.066,nan,0.37,-1
2655,1322.66,1822.81,18.8794,0.0028,0.879,nan,0.07,nan,0.35,-1
2664,1107.99,948.075,18.8145,0.0026,1.025,nan,0.084,nan,0.78,-1
2665,1412.85,1757.33,18.8947,0.0028,0.82,nan,0.078,nan,0.12,-1
2667,1233.82,1922.42,18.8968,0.0022,1.024,nan,0.095,nan,0.67,-1
2670,1616.58,1122.77,18.9182,0.0026,1.065,nan,0.084,nan,0.54,-1
2672,908.151,1243.98,18.9292,0.0023,1.082,nan,0.096,nan,0.65,-1
2674,1253.72,1137.86,18.8757,0.0023,1.102,nan,0.094,nan,0.86,-1
2682,1243.89,1606.31,18.9896,0.0032,1.147,nan,0.099,nan,0.38,-1
2687,1418.18,1684.71,19.0385,0.0034,0.895,nan,0.08,nan,0.41,-1
2689,1342.75,970.536,19.0825,0.0033,0.903,nan,0.082,nan,0.66,-1
580,1189.59,1830.16,16.4186,0.0008,0.878,nan,0.015,nan,0.87,-1
309,1146.37,1634.88,15.1545,0.0005,1.721,nan,0.013,nan,0.97,-1
1294,1561.28,1628.89,17.4077,0.0012,0.916,nan,0.034,nan,0.07,-1
1126,1135.35,1442.73,17.3539,0.001,0.796,nan,0.019,nan,0.06,-1
1136,1710.28,1382.39,17.2999,0.0011,0.922,nan,0.02,nan,0.79,-1
1442,1119.06,1951.57,17.4535,0.0011,1.258,nan,0.032,nan,0.47,-1
676,875.185,1591.0,16.5623,0.0006,1.028,nan,0.013,nan,0.63,-1
995,1649.05,1266.84,16.8283,0.0008,1.503,nan,0.026,nan,0.43,-1
1604,1462.65,1162.87,17.7879,0.0029,1.138,nan,0.035,nan,0.34,-1
1742,1739.76,1344.42,17.748,0.0013,1.13,nan,0.032,nan,0.03,-1
927,1063.36,1792.74,17.0931,0.001,0.708,nan,0.019,nan,0.89,-1
1172,706.228,1563.95,17.2138,0.0009,1.006,nan,0.025,nan,0.8,-1
1945,1055.69,1931.06,17.968,0.0015,1.253,nan,0.049,nan,0.73,-1
1971,941.33,1871.33,18.1161,0.0015,0.886,nan,0.041,nan,0.52,-1
1916,1616.85,1942.39,18.1327,0.0021,1.074,nan,0.04,nan,0.02,-1
650,1213.51,1724.99,16.1244,0.0013,1.673,nan,0.029,nan,0.22,-1
1462,1639.34,1908.57,17.6764,0.0014,0.81,nan,0.029,nan,0.68,-1
2117,1222.89,1897.85,18.2917,0.0016,0.894,nan,0.046,nan,0.1,-1
1995,737.345,1629.66,18.0513,0.0014,1.112,nan,0.046,nan,0.82,-1
1063,768.999,1498.35,17.2358,0.0009,0.875,nan,0.02,nan,0.03,-1
1924,1426.67,1850.05,18.1189,0.0017,0.847,nan,0.036,nan,0.96,-1
822,1024.76,1996.84,16.5212,0.0007,1.648,nan,0.025,nan,0.21,-1
1929,1725.77,1367.23,18.1136,0.0015,0.994,nan,0.062,nan,0.68,-1
2473,1697.78,1850.16,18.7041,0.0023,0.973,nan,0.073,nan,0.68,-1
2487,1489.55,1945.98,18.551,0.0022,1.002,nan,0.067,nan,0.5,-1
1994,1609.4,1172.22,18.2,0.0016,1.029,nan,0.044,nan,0.84,-1
2660,1407.01,1839.25,18.9587,0.0032,1.102,nan,0.093,nan,0.02,-1
