ID,x,y,Gmag,e_Gmag,BV,UB,BVerr,UBerr,MP,sel
432,2416.91,1511.19,14.7882,0.0004,0.379,0.13,0.008,0.016,0.858,1
1385,2457.97,1230.23,16.1244,0.0006,0.8,0.493,0.002,0.013,0.852,1
535,3029.89,1380.57,15.0062,0.0004,0.525,0.164,0.004,0.008,0.833,1
764,2369.01,1262.58,15.366,0.0006,0.788,0.199,0.004,0.007,0.825,1
271,2553.11,1805.03,14.1084,0.0003,0.398,0.136,0.002,0.003,0.818,1
902,2792.25,1291.93,15.4806,0.0004,0.776,0.181,0.002,0.01,0.817,1
1064,2298.68,1695.32,15.8113,0.0005,0.658,0.111,0.002,0.006,0.815,1
1122,2355.42,1604.84,15.7932,0.0005,0.798,0.248,0.003,0.031,0.813,1
3060,2725.76,2119.82,17.4491,0.0012,0.949,0.439,0.005,0.01,0.807,1
1176,2548.53,1671.68,15.8593,0.0005,0.811,0.209,0.003,0.01,0.798,1
120,2181.03,1845.41,13.2154,0.0003,0.336,0.202,0.002,0.002,0.784,1
1802,2642.1,1907.68,16.2185,0.0007,1.179,0.641,0.006,0.011,0.779,1
1274,3054.32,1501.99,15.7639,0.0004,1.232,0.754,0.003,0.022,0.774,1
699,2318.08,1275.25,15.2242,0.0004,0.717,0.196,0.002,0.007,0.773,1
868,2626.92,2214.58,15.4963,0.0004,0.686,0.121,0.002,0.003,0.771,1
3842,2799.96,2216.11,17.8517,0.0014,1.066,0.558,0.012,0.027,0.766,1
182,2295.55,1450.57,13.5083,0.0002,0.641,0.268,0.002,0.004,0.761,1
1114,2676.34,1798.41,15.6632,0.0004,1.205,0.979,0.003,0.007,0.757,1
1001,2353.54,1786.0,15.6976,0.0006,0.765,0.231,0.003,0.005,0.753,1
795,2399.02,1246.36,15.3674,0.0005,0.772,0.468,0.002,0.008,0.747,1
1717,2672.58,1351.26,16.308,0.0007,0.964,0.585,0.003,0.018,0.744,1
1673,2638.45,1439.46,16.3946,0.0007,0.771,0.174,0.003,0.013,0.744,1
2016,2483.71,1193.69,16.5246,0.001,1.079,0.431,0.004,0.02,0.743,1
331,1926.5,1766.33,14.1995,0.0003,0.675,0.349,0.002,0.003,0.741,1
1598,2521.62,1967.42,16.2474,0.0014,0.893,0.295,0.005,0.007,0.741,1
2556,2551.94,1096.74,17.0146,0.0009,0.959,0.558,0.004,0.033,0.734,1
2337,2216.35,1243.64,16.8625,0.0014,0.871,0.458,0.004,0.027,0.732,1
67,2263.79,1550.82,12.3084,0.0002,1.27,0.947,0.003,0.004,0.723,1
272,2326.46,1837.67,14.1007,0.0003,0.454,0.204,0.002,0.003,0.721,1
1360,1969.16,1787.03,15.8186,0.0005,1.119,0.702,0.003,0.009,0.721,1
1046,2572.95,2068.3,15.7605,0.0006,0.73,0.14,0.002,0.004,0.719,1
2479,2311.91,1919.12,16.9689,0.0009,1.025,0.637,0.004,0.011,0.719,1
4546,2431.54,1947.1,18.2294,0.0021,1.112,0.449,0.008,0.03,0.718,1
1596,2184.63,2118.9,15.5394,0.0005,1.9,1.32,0.006,0.023,0.717,1
2526,2764.44,2185.56,16.9083,0.0009,1.01,0.636,0.005,0.013,0.709,1
2829,3103.13,1775.68,17.2517,0.0009,0.917,0.265,0.004,0.026,0.709,1
1496,2630.42,1798.92,16.1932,0.0011,0.836,0.196,0.003,0.005,0.699,1
2240,2832.61,1324.05,16.8362,0.0009,0.822,0.164,0.003,0.013,0.699,1
2036,2091.8,1869.31,16.6304,0.0008,0.845,0.239,0.004,0.008,0.698,1
2260,2775.29,1481.57,16.8364,0.0009,0.841,0.152,0.003,0.018,0.697,1
717,2129.27,1670.09,14.7654,0.0003,1.571,1.25,0.003,0.008,0.691,1
52,2843.95,1406.67,12.5629,0.0009,0.191,-0.14,0.002,0.003,0.686,1
652,2523.65,1645.2,14.3548,0.0003,1.641,0.636,0.003,0.012,0.68,1
2291,2381.17,1680.56,16.887,0.0014,1.052,0.52,0.006,0.023,0.68,1
970,2260.96,1819.48,15.5311,0.0005,0.958,0.418,0.003,0.005,0.679,1
2761,2831.09,2157.9,17.0226,0.0011,0.927,0.792,0.019,0.028,0.678,1
3045,2613.42,1986.65,17.2772,0.001,1.167,0.373,0.016,0.021,0.678,1
3300,2163.47,1664.04,17.5995,0.0011,1.102,0.804,0.007,0.022,0.675,1
2871,3007.06,1880.83,17.2959,0.001,0.985,0.547,0.005,0.012,0.674,1
1713,2641.51,1787.67,16.3601,0.0009,0.885,0.49,0.004,0.007,0.673,1
2181,2511.73,1766.44,16.7964,0.0009,0.922,0.455,0.004,0.008,0.671,1
4219,2198.5,1712.43,17.9621,0.0015,1.185,0.458,0.011,0.028,0.67,1
2790,2554.23,2221.89,17.0387,0.0016,1.109,0.571,0.005,0.012,0.667,1
3065,2494.27,1605.45,17.3197,0.0012,1.013,0.558,0.008,0.02,0.667,1
2361,2829.51,1819.12,16.9314,0.0018,1.032,0.514,0.004,0.01,0.665,1
1252,2852.1,1966.28,15.9215,0.0018,0.933,0.546,0.004,0.007,0.663,1
3511,2454.39,1833.59,17.7596,0.0016,1.027,0.621,0.006,0.018,0.662,1
1702,2481.26,2014.56,16.4342,0.0008,0.694,0.317,0.008,0.01,0.659,1
651,2905.03,1638.45,15.0842,0.0004,0.758,0.111,0.002,0.008,0.656,1
156,2275.13,1427.92,13.106,0.0007,1.345,1.274,0.003,0.006,0.654,1
2699,2580.92,1940.23,17.0355,0.0012,1.133,0.498,0.005,0.012,0.653,1
1593,2245.06,1698.07,16.34,0.0008,0.832,0.235,0.003,0.005,0.652,1
332,2047.65,1789.26,13.5213,0.0003,1.927,2.054,0.003,0.012,0.647,1
1605,2567.31,1594.41,16.0558,0.0012,1.218,0.638,0.004,0.026,0.645,1
2850,2685.05,1168.28,17.1906,0.001,0.986,0.465,0.004,0.031,0.642,1
2595,3003.27,1462.9,17.0581,0.001,1.011,0.5,0.005,0.029,0.639,1
152,2964.24,1814.05,13.3739,0.0002,0.579,0.264,0.002,0.003,0.636,1
3263,3000.9,1729.83,17.5653,0.0011,1.032,0.657,0.005,0.021,0.635,1
2421,2010.19,1537.49,16.838,0.0011,1.022,0.458,0.004,0.027,0.634,1
2079,2859.29,1769.74,16.5822,0.0008,0.991,0.555,0.004,0.009,0.633,1
2524,2361.66,1317.15,17.0334,0.001,0.875,0.609,0.006,0.024,0.623,1
1201,3007.93,1451.65,15.9448,0.0005,0.785,0.136,0.002,0.011,0.619,1
2128,2689.96,1728.9,16.4356,0.0009,1.263,0.583,0.004,0.011,0.619,1
3098,3043.84,1904.54,17.3525,0.0011,1.047,0.447,0.005,0.016,0.619,1
2365,2184.8,1350.96,16.7281,0.0009,1.159,0.603,0.003,0.031,0.615,1
2942,2373.31,1958.44,17.3554,0.0012,0.914,0.379,0.005,0.01,0.615,1
553,3088.2,1733.06,14.8299,0.0004,1.01,0.575,0.002,0.005,0.612,1
2980,2154.63,1665.26,17.3009,0.0013,1.169,0.584,0.009,0.018,0.612,1
200,2953.52,2058.46,13.6956,0.0002,0.491,0.259,0.002,0.002,0.611,1
1501,2046.51,1453.43,16.2459,0.0012,0.868,0.308,0.003,0.014,0.608,1
1567,2327.29,1158.68,16.2203,0.0007,0.909,0.482,0.002,0.016,0.606,1
1161,2602.13,1492.62,15.8495,0.0005,0.765,0.397,0.003,0.01,0.605,1
2609,2956.65,1726.63,17.137,0.0009,0.842,0.243,0.003,0.008,0.603,1
1251,2456.72,1610.17,15.9906,0.0011,0.727,0.452,0.003,0.011,0.598,1
2369,2864.78,1210.92,16.8941,0.0009,0.867,0.459,0.004,0.029,0.595,1
3735,2775.17,1668.91,17.8309,0.0014,1.076,0.695,0.006,0.023,0.591,1
2302,2670.23,2112.64,16.9097,0.0009,0.809,0.19,0.004,0.007,0.588,1
2837,2710.94,1689.39,17.0147,0.0009,1.227,0.751,0.006,0.015,0.588,1
3776,2986.17,1984.39,17.7056,0.0012,1.161,0.708,0.007,0.031,0.587,1
3728,2188.7,1590.57,17.7466,0.0012,1.11,0.49,0.007,0.017,0.583,1
233,2752.22,2228.77,12.7942,0.0003,1.908,1.284,0.003,0.004,0.581,1
3806,2859.05,1868.27,17.9096,0.0014,1.086,0.641,0.012,0.022,0.573,1
68,2650.51,1221.28,12.3746,0.0003,1.214,1.015,0.002,0.006,0.571,1
1290,2519.26,1736.18,16.027,0.0009,0.891,0.377,0.005,0.008,0.569,1
3482,2236.77,1776.74,17.6679,0.0013,1.127,0.761,0.007,0.023,0.569,1
2155,2458.41,1252.69,16.6563,0.001,1.001,0.523,0.006,0.023,0.568,1
106,2196.35,1289.61,13.0247,0.0004,0.608,0.223,0.002,0.003,0.566,1
2008,2923.51,1664.4,16.6787,0.0008,0.821,0.197,0.004,0.014,0.565,1
2586,2802.08,1348.87,16.9665,0.0009,1.038,0.567,0.006,0.035,0.564,1
129,2856.36,1904.48,12.9111,0.0003,1.389,1.324,0.003,0.004,0.563,1
2801,2098.77,1338.09,17.1451,0.0011,1.085,0.503,0.007,0.028,0.561,1
3148,2473.81,2237.85,17.4165,0.0012,1.075,0.631,0.015,0.036,0.554,1
1603,2923.26,1955.87,16.3424,0.0008,0.748,0.165,0.003,0.005,0.548,1
3271,2907.17,1953.59,17.5669,0.0011,0.936,0.375,0.006,0.012,0.548,1
4281,2582.08,1587.92,18.2209,0.0015,1.006,0.396,0.01,0.03,0.548,1
4057,2744.35,1942.87,17.8857,0.0014,1.194,0.577,0.009,0.035,0.546,1
3639,2529.47,1885.74,17.6544,0.0013,1.082,0.605,0.007,0.025,0.543,1
3879,2601.84,2278.49,17.8458,0.0014,1.074,0.333,0.007,0.023,0.541,1
1858,2427.19,1637.29,16.4319,0.0015,0.978,0.634,0.004,0.021,0.54,1
3331,2507.24,1781.85,17.4198,0.0012,1.117,0.679,0.009,0.023,0.538,1
4434,2576.71,1974.85,18.1136,0.0019,1.228,0.497,0.01,0.029,0.535,1
1932,2762.38,1839.06,16.3715,0.0008,1.119,0.656,0.004,0.01,0.531,1
3431,2892.43,1801.05,17.6593,0.0015,0.995,0.625,0.007,0.022,0.531,1
2663,1970.89,1913.96,17.1086,0.0011,0.86,0.239,0.004,0.009,0.53,1
2125,2748.8,1878.8,16.584,0.0009,1.08,0.647,0.005,0.011,0.529,1
3453,2562.83,1665.44,17.6918,0.0018,1.006,0.499,0.006,0.02,0.528,1
285,2756.83,1895.64,13.7249,0.0002,1.383,1.088,0.003,0.004,0.518,1
3136,2111.4,1871.96,17.3161,0.0012,1.059,0.44,0.006,0.015,0.507,1
3236,2477.75,1874.65,17.4436,0.0011,1.017,0.414,0.006,0.013,0.498,1
2626,2441.13,1686.88,17.1526,0.0013,0.867,0.125,0.004,0.021,0.494,1
3069,2960.65,1689.92,17.4507,0.0011,0.92,0.336,0.005,0.02,0.494,1
2707,2633.84,2140.42,17.2576,0.0023,1.019,0.43,0.009,0.013,0.493,1
43,2530.97,1142.19,11.8302,0.0002,1.186,0.837,0.002,0.006,0.492,1
1426,2398.53,1281.3,16.1726,0.0007,0.801,0.191,0.003,0.01,0.492,1
893,2436.31,1484.64,15.5405,0.0005,0.711,-0.028,0.007,0.024,0.49,1
4013,2758.16,2129.84,17.8331,0.0022,1.228,0.523,0.007,0.029,0.483,1
1597,2298.72,1439.25,16.2017,0.0009,0.972,0.753,0.005,0.028,0.481,1
3019,2114.75,2127.41,17.3482,0.001,1.003,0.484,0.004,0.011,0.471,1
2313,2640.33,1586.61,16.9075,0.0009,0.899,0.283,0.003,0.021,0.47,1
2890,2906.21,1529.41,17.2832,0.001,0.933,0.259,0.004,0.031,0.462,1
4450,2622.22,1949.2,18.1412,0.0018,1.182,0.452,0.009,0.036,0.446,1
2597,2577.41,2219.07,17.1195,0.0009,0.855,0.3,0.004,0.01,0.439,1
3297,2398.77,2110.93,17.2995,0.0032,1.246,0.67,0.005,0.018,0.439,1
2471,2422.39,1747.26,16.9689,0.0011,0.932,0.393,0.004,0.007,0.428,1
1880,2883.68,1787.09,16.6522,0.0027,1.073,0.707,0.009,0.012,0.42,1
3492,3015.04,1693.43,17.6749,0.0011,0.973,0.354,0.005,0.021,0.38,1
4483,2782.7,1947.63,18.4193,0.0073,1.162,0.415,0.018,0.032,0.376,1
4479,2133.88,1923.35,18.2103,0.0019,1.073,0.51,0.009,0.026,0.371,1
599,2411.28,2160.27,14.9752,0.0004,0.851,0.331,0.002,0.004,0.354,1
64,2626.0,1831.68,12.4662,0.0002,0.887,0.482,0.002,0.003,0.344,1
628,2953.53,2009.04,14.9952,0.0004,1.025,0.671,0.002,0.004,0.343,1
4575,2603.85,1996.84,18.2962,0.0021,1.056,0.453,0.008,0.027,0.34,1
2426,2310.51,1206.15,16.8657,0.001,1.168,0.812,0.004,0.043,0.317,1
3612,2680.51,1278.85,17.7911,0.0014,0.88,0.066,0.006,0.028,0.316,1
726,2724.85,1623.9,15.2703,0.0004,0.704,0.119,0.002,0.004,0.315,1
242,2146.45,1781.64,13.6786,0.0002,1.124,0.813,0.003,0.003,0.304,1
215,2845.57,1545.64,13.7126,0.0002,0.585,0.138,0.002,0.003,0.292,1
973,2739.85,1165.83,16.5828,0.0016,1.495,0.431,0.01,0.016,0.272,1
4227,2046.52,1828.07,18.0424,0.0018,1.08,0.436,0.007,0.026,0.271,1
2740,2490.41,1987.78,17.1641,0.0011,0.965,0.484,0.004,0.012,0.263,1
286,2729.48,2188.34,13.6612,0.0005,1.479,1.269,0.003,0.004,0.262,1
97,2725.3,2197.81,11.5818,0.0013,1.994,2.103,0.003,0.005,0.254,1
2664,2906.93,1298.1,17.0802,0.0009,1.06,0.549,0.005,0.03,0.25,1
6206,2533.44,1427.81,20.0872,0.0066,0.074,-0.66,0.016,0.021,0.25,1
2899,2857.44,1625.17,17.3577,0.0011,0.928,0.387,0.007,0.013,0.241,1
746,2731.15,1559.84,14.9846,0.0004,1.276,1.117,0.003,0.007,0.199,1
4285,2794.4,1685.52,18.1429,0.0017,1.016,0.396,0.01,0.024,0.185,1
2436,2737.03,1185.55,16.9369,0.0009,0.925,0.475,0.004,0.01,0.173,1
2966,2007.56,1861.41,17.2799,0.001,1.026,0.423,0.005,0.031,0.172,1
205,2458.59,1650.27,13.576,0.0049,1.179,0.969,0.008,0.007,0.109,1
4185,2883.62,1814.14,18.1096,0.0017,1.013,0.373,0.009,0.02,0.058,1
210,2531.94,1986.02,13.5057,0.0002,1.1,0.652,0.003,0.003,0.046,1
377,1975.81,1530.69,14.408,0.0003,0.798,0.296,0.002,0.004,0.816,0
1246,2780.74,1741.09,15.2088,0.0004,1.932,1.726,0.004,0.024,0.706,0
243,2367.81,1693.55,13.9987,0.0003,0.274,0.111,0.002,0.003,0.632,0
1078,2467.33,1394.13,15.8381,0.0005,0.64,0.271,0.003,0.009,0.63,0
497,2920.44,1276.48,14.8667,0.0004,0.487,0.259,0.002,0.007,0.621,0
453,2524.11,1614.95,14.7342,0.0004,0.497,0.308,0.002,0.005,0.593,0
245,2765.24,1636.43,13.7821,0.0003,0.818,0.224,0.002,0.004,0.55,0
496,3107.4,1718.35,14.8755,0.0003,0.457,0.166,0.002,0.005,0.521,0
1318,2892.32,1819.35,15.9623,0.0006,0.923,0.349,0.003,0.006,0.468,0
1645,2132.1,1539.23,16.3679,0.0009,0.747,0.154,0.003,0.008,0.456,0
1695,2525.64,2209.52,16.4284,0.0009,0.788,0.216,0.003,0.006,0.424,0
4015,2594.98,1690.05,17.8193,0.0016,1.308,0.616,0.008,0.031,0.412,0
2000,2059.02,1923.38,16.6153,0.0008,0.813,0.497,0.003,0.009,0.41,0
2059,2442.12,2201.31,16.6752,0.001,0.963,0.487,0.004,0.01,0.405,0
1210,1962.84,1568.6,15.9435,0.0006,0.71,0.352,0.003,0.009,0.392,0
2228,2378.84,1752.02,16.8257,0.001,0.865,0.272,0.005,0.01,0.392,0
2682,2390.58,2130.93,17.1033,0.0009,1.03,0.634,0.004,0.012,0.365,0
4657,2420.09,2257.95,18.4479,0.0018,1.053,0.706,0.015,0.036,0.351,0
1764,2475.84,1463.2,16.4881,0.0014,0.811,0.116,0.003,0.013,0.349,0
4095,2933.73,2034.63,17.8978,0.0016,1.089,0.565,0.008,0.035,0.342,0
1408,2930.73,2076.52,16.1091,0.0008,0.877,0.335,0.003,0.006,0.335,0
3500,2116.28,1991.81,17.7306,0.0012,1.007,0.591,0.006,0.019,0.335,0
1683,2080.38,1307.41,16.4155,0.0008,0.824,0.159,0.003,0.009,0.332,0
2507,2579.17,2087.68,16.9146,0.0009,0.979,0.62,0.004,0.013,0.33,0
2233,2989.11,1630.51,16.8504,0.0008,0.856,0.26,0.003,0.019,0.328,0
2238,2696.68,1774.22,16.8344,0.0009,0.914,0.416,0.004,0.008,0.323,0
1352,2314.91,1641.58,16.0944,0.0006,0.834,0.278,0.003,0.011,0.321,0
1746,2585.38,2204.59,16.425,0.0006,0.891,0.344,0.003,0.006,0.32,0
3429,2861.11,2084.77,17.6581,0.0037,1.15,0.755,0.005,0.021,0.32,0
1394,2251.36,1772.05,16.1349,0.0009,0.762,0.46,0.003,0.006,0.31,0
1843,2778.5,1969.35,16.5312,0.0007,0.882,0.334,0.004,0.006,0.307,0
762,2771.49,1576.29,15.275,0.0004,0.894,0.422,0.002,0.004,0.301,0
3468,2840.52,2087.21,17.7513,0.0015,1.122,0.699,0.012,0.031,0.296,0
3681,2711.84,1937.08,17.8176,0.0026,1.22,1.053,0.01,0.041,0.288,0
710,2131.75,1972.91,15.0761,0.0004,0.929,0.435,0.002,0.006,0.286,0
3070,2699.98,1848.34,17.4295,0.0011,1.02,0.581,0.005,0.012,0.279,0
1110,2020.27,2005.66,15.7746,0.0005,0.863,0.347,0.003,0.005,0.271,0
121,2175.73,2095.47,13.1473,0.0004,0.65,0.11,0.006,0.004,0.268,0
419,2505.83,2082.62,14.9572,0.0088,0.564,0.165,0.012,0.01,0.251,0
2082,1989.38,1849.24,16.6416,0.0008,1.039,0.634,0.004,0.011,0.232,0
359,2278.15,1487.6,14.3879,0.0003,0.659,0.082,0.002,0.004,0.227,0
551,2965.31,2082.69,14.6402,0.0003,1.414,1.359,0.002,0.006,0.227,0
1262,2904.41,1669.85,15.9896,0.0006,0.824,0.273,0.003,0.007,0.212,0
2356,2412.41,1648.24,16.8759,0.0042,1.053,0.561,0.005,0.031,0.206,0
1107,2334.52,1661.63,15.716,0.0007,1.002,0.532,0.003,0.011,0.201,0
1919,2821.94,1712.32,16.4932,0.001,1.074,0.669,0.003,0.009,0.199,0
803,2727.82,1966.86,15.4031,0.0004,0.717,0.132,0.002,0.004,0.19,0
1558,2936.54,1996.97,16.219,0.0007,1.039,0.676,0.003,0.009,0.179,0
1428,2724.89,2014.26,16.1565,0.0017,0.906,0.405,0.003,0.006,0.177,0
2445,2202.07,1495.57,16.9486,0.0009,0.905,0.282,0.004,0.016,0.17,0
2330,2945.66,1822.12,16.9246,0.001,0.956,0.477,0.008,0.01,0.163,0
2802,2649.56,1889.55,17.2249,0.0015,0.962,0.382,0.005,0.01,0.163,0
1521,2670.0,1144.37,16.087,0.0006,1.014,0.591,0.003,0.017,0.152,0
372,2078.59,1427.0,14.4415,0.0003,0.673,0.118,0.002,0.005,0.149,0
2568,2182.24,1392.26,16.9837,0.0011,0.987,0.564,0.004,0.031,0.147,0
3943,2424.74,1686.73,17.8357,0.0014,1.145,0.499,0.006,0.03,0.145,0
1648,2373.37,2232.14,16.3308,0.0006,0.939,0.488,0.003,0.006,0.14,0
2848,2656.53,1818.46,17.3192,0.001,0.856,0.294,0.004,0.01,0.14,0
1561,2568.05,1559.38,16.3107,0.0006,0.817,0.264,0.003,0.01,0.139,0
641,2588.74,1706.1,15.0834,0.0004,0.771,0.207,0.002,0.005,0.123,0
2467,2646.61,1944.31,16.7985,0.0009,1.131,0.436,0.004,0.01,0.116,0
2867,2350.38,2048.29,17.2353,0.001,0.909,0.258,0.005,0.01,0.114,0
2370,2059.24,1413.38,16.9376,0.0009,0.961,0.359,0.008,0.022,0.111,0
1378,2833.91,2169.69,15.9905,0.0006,1.144,0.951,0.003,0.009,0.109,0
2387,2487.29,1582.86,17.1343,0.0013,0.908,0.422,0.015,0.029,0.096,0
1192,2687.78,1942.54,15.9071,0.0005,0.852,0.35,0.003,0.005,0.088,0
1190,2937.97,1459.45,15.8068,0.0009,1.12,0.727,0.003,0.021,0.082,0
1188,2400.22,2147.58,15.8234,0.0009,0.783,0.381,0.003,0.005,0.074,0
3725,2246.93,1907.57,17.744,0.0013,1.1,0.476,0.007,0.02,0.07,0
1741,2167.25,1651.17,16.4083,0.0007,1.012,0.62,0.003,0.018,0.066,0
1996,2530.07,1596.88,16.4965,0.0009,1.145,1.042,0.004,0.039,0.066,0
2380,2350.8,2192.72,16.9487,0.0008,0.851,0.276,0.004,0.009,0.06,0
3211,2280.47,1259.02,17.5376,0.001,0.894,0.178,0.005,0.029,0.059,0
894,2013.31,1628.33,15.4111,0.0005,1.06,0.721,0.003,0.009,0.047,0
3750,2534.44,2192.23,17.853,0.0014,1.006,0.4,0.006,0.017,0.043,0
1147,2747.46,2096.26,15.3048,0.0004,1.701,1.447,0.003,0.016,0.028,0
3382,2568.3,2027.4,17.6772,0.0011,0.872,0.303,0.005,0.015,0.024,0
906,2513.87,1933.98,15.5483,0.0005,0.757,0.137,0.002,0.004,0.017,0
4462,2603.34,1560.36,18.2635,0.0018,1.185,0.506,0.01,0.043,0.015,0
1143,2424.53,2237.07,15.8513,0.0005,0.766,0.227,0.003,0.005,0.009,0
2565,2495.95,1288.54,17.1098,0.001,0.814,0.134,0.003,0.024,0.009,0
2870,2484.18,1898.1,17.2493,0.001,1.063,0.638,0.004,0.017,0.002,0
675,2109.5,1570.09,15.1285,0.0059,0.878,0.253,0.004,0.007,0.0,0
1647,2583.46,1760.98,16.0522,0.0028,1.271,0.772,0.004,0.01,0.0,0
1577,2890.04,1565.53,16.2903,0.008,1.012,0.608,0.003,0.016,0.0,0
2040,2817.15,1568.95,16.7182,0.0055,0.993,0.434,0.004,0.022,0.0,0
2390,2646.88,1927.57,16.7982,0.0009,1.047,0.427,0.004,0.009,0.0,0
3433,2535.9,1704.42,17.6699,0.0012,0.905,0.258,0.005,0.018,0.0,0
2,2370.31,1524.68,8.4474,0.0006,0.035,-0.997,0.009,0.047,0.489,0
808,2705.38,1134.27,15.4027,0.0004,0.757,nan,0.002,nan,0.26,-1
811,2682.1,2255.71,15.4068,0.0004,0.73,nan,0.003,nan,0.62,-1
877,2901.01,1227.9,15.5102,0.0005,0.725,nan,0.002,nan,0.64,-1
1066,3002.33,1363.71,15.7547,0.0005,0.834,nan,0.003,nan,0.34,-1
1156,3111.47,1613.31,15.9098,0.0006,0.688,nan,0.002,nan,0.19,-1
1158,2993.73,1369.73,15.9499,0.0044,0.925,nan,0.003,nan,0.07,-1
1281,2424.37,1440.1,15.7082,0.0005,1.157,nan,0.003,nan,0.76,-1
1517,2398.63,1706.39,15.499,0.0005,1.991,nan,0.004,nan,0.74,-1
1646,2869.56,1537.63,15.5301,0.0005,2.068,nan,0.005,nan,0.02,-1
1699,2807.42,1167.82,16.3297,0.0009,1.101,nan,0.004,nan,0.66,-1
1925,2845.84,1303.86,16.5346,0.0009,1.058,nan,0.003,nan,0.22,-1
2042,2889.94,1676.16,15.8304,0.0005,2.047,nan,0.011,nan,0.63,-1
2120,1940.93,1679.04,16.1645,0.0005,1.713,nan,0.005,nan,0.2,-1
2133,2347.3,1426.26,16.0863,0.0007,1.892,nan,0.008,nan,0.66,-1
2153,2504.82,1228.97,15.5389,0.0006,2.471,nan,0.008,nan,0.73,-1
2237,2701.7,1252.09,16.8277,0.0009,0.921,nan,0.003,nan,0.43,-1
2362,2479.58,1612.78,15.9994,0.0007,2.178,nan,0.009,nan,0.59,-1
2655,3042.99,1499.98,16.5419,0.0008,1.823,nan,0.008,nan,0.87,-1
2701,1973.42,1562.79,17.2081,0.0021,1.1,nan,0.013,nan,0.55,-1
2714,2486.17,1616.63,16.4235,0.0008,2.027,nan,0.014,nan,0.26,-1
2733,2257.99,1284.12,17.1057,0.001,1.216,nan,0.006,nan,0.2,-1
2742,2448.05,1419.18,16.0594,0.0007,2.451,nan,0.012,nan,0.24,-1
2918,2329.43,2102.1,17.1836,0.0009,1.231,nan,0.006,nan,0.24,-1
2934,3000.86,1489.8,17.283,0.0009,1.069,nan,0.004,nan,0.26,-1
2946,2367.47,1610.01,17.5222,0.0012,0.842,nan,0.02,nan,0.59,-1
2969,2318.82,1987.43,16.1204,0.0006,2.505,nan,0.013,nan,0.68,-1
2971,2865.97,1218.22,17.2661,0.0013,1.017,nan,0.006,nan,0.67,-1
2973,2325.82,1144.96,17.0934,0.0009,1.302,nan,0.008,nan,0.68,-1
2978,2708.45,1124.82,17.2925,0.0011,0.993,nan,0.006,nan,0.56,-1
3016,2388.33,1314.17,16.9579,0.0011,1.579,nan,0.007,nan,0.08,-1
3058,2000.06,1521.61,17.169,0.001,1.257,nan,0.006,nan,0.18,-1
3140,2169.31,1515.72,17.4439,0.0009,0.972,nan,0.004,nan,0.55,-1
3180,2315.85,1798.49,16.9222,0.001,1.504,nan,0.006,nan,0.38,-1
3228,2524.4,1328.42,17.1514,0.0013,1.54,nan,0.007,nan,0.09,-1
3264,2816.46,1318.44,17.6051,0.0017,1.201,nan,0.017,nan,0.18,-1
3345,2649.71,1331.4,16.9512,0.001,1.917,nan,0.009,nan,0.57,-1
3377,2733.08,2061.8,16.7404,0.0008,2.164,nan,0.013,nan,0.53,-1
3423,2162.98,1222.63,17.5163,0.0012,1.126,nan,0.006,nan,0.46,-1
3455,2074.29,1625.83,17.6066,0.0025,1.227,nan,0.006,nan,0.61,-1
3474,2881.61,1356.09,17.62,0.0014,1.28,nan,0.013,nan,0.0,-1
3548,2485.05,1413.73,17.529,0.0013,1.176,nan,0.009,nan,0.72,-1
3580,2763.29,1388.39,17.5335,0.0012,1.245,nan,0.008,nan,0.11,-1
3583,2408.02,2229.33,16.7527,0.0007,2.121,nan,0.014,nan,0.56,-1
3602,2946.46,1297.43,17.7846,0.0013,1.059,nan,0.006,nan,0.42,-1
3609,2413.61,1228.16,17.7297,0.0023,1.087,nan,0.008,nan,0.18,-1
3673,2473.46,1473.86,17.7049,0.0012,1.083,nan,0.006,nan,0.74,-1
3726,2886.1,1830.69,17.575,0.0014,1.289,nan,0.007,nan,0.64,-1
3760,2652.89,2243.63,17.8049,0.0016,1.02,nan,0.007,nan,0.12,-1
3774,2608.69,1594.18,17.9738,0.0015,1.089,nan,0.011,nan,0.08,-1
3787,2376.11,1395.06,17.7954,0.0014,1.119,nan,0.018,nan,0.04,-1
3821,2008.31,1426.29,17.9451,0.0016,1.143,nan,0.01,nan,0.34,-1
3822,2556.41,1752.7,17.819,0.0014,1.183,nan,0.009,nan,0.22,-1
3835,2778.41,1152.72,17.7332,0.0015,1.208,nan,0.007,nan,0.69,-1
3840,2506.66,1197.35,17.8679,0.0015,1.187,nan,0.008,nan,0.47,-1
3847,3039.44,1449.18,17.9131,0.0014,1.148,nan,0.007,nan,0.61,-1
3857,2303.86,1618.49,17.7744,0.0013,1.368,nan,0.009,nan,0.5,-1
3859,2201.04,1414.47,17.7221,0.0013,1.315,nan,0.007,nan,0.26,-1
3863,2499.78,1561.18,17.803,0.0014,1.294,nan,0.009,nan,0.19,-1
3878,2003.71,1532.74,17.9725,0.0057,1.173,nan,0.008,nan,0.24,-1
3881,2805.83,1671.44,18.3292,0.0049,1.202,nan,0.015,nan,0.14,-1
3886,2271.99,2023.44,17.6927,0.0014,1.254,nan,0.008,nan,0.18,-1
3913,2575.12,1549.85,18.2415,0.003,1.237,nan,0.019,nan,0.29,-1
3920,2437.21,1401.15,17.9254,0.0015,1.107,nan,0.009,nan,0.23,-1
3958,3033.78,1678.77,17.7895,0.0013,1.384,nan,0.008,nan,0.33,-1
3960,2772.58,1233.78,17.8779,0.0016,1.147,nan,0.008,nan,0.37,-1
3981,2678.96,2163.88,18.0063,0.0016,1.146,nan,0.007,nan,0.22,-1
3986,2578.98,1117.23,18.0035,0.0015,1.154,nan,0.006,nan,0.3,-1
3995,2229.02,1453.02,17.9629,0.0018,1.154,nan,0.007,nan,0.53,-1
3999,2457.62,1542.15,17.8694,0.0014,1.161,nan,0.007,nan,0.11,-1
4014,2195.37,1459.38,17.9058,0.0016,1.296,nan,0.008,nan,0.19,-1
4017,2807.75,1574.28,17.8905,0.0014,1.268,nan,0.01,nan,0.5,-1
4030,2864.21,1476.83,17.5579,0.0012,1.545,nan,0.012,nan,0.71,-1
4047,2641.95,1299.52,18.0575,0.0017,0.993,nan,0.007,nan,0.03,-1
4054,2953.95,1560.17,17.9496,0.0014,1.134,nan,0.009,nan,0.44,-1
4065,2805.63,1249.09,17.1903,0.0012,2.172,nan,0.019,nan,0.76,-1
4068,2179.36,2052.76,17.6505,0.0014,1.526,nan,0.011,nan,0.27,-1
4077,2384.73,1959.22,17.8352,0.0013,1.22,nan,0.008,nan,0.69,-1
4102,2689.91,1251.96,17.9851,0.0046,1.341,nan,0.017,nan,0.36,-1
4107,2680.57,2194.64,18.0997,0.0018,1.09,nan,0.009,nan,0.65,-1
4110,2687.79,1508.0,17.6736,0.0014,1.483,nan,0.011,nan,0.35,-1
4115,2088.49,1875.81,18.0911,0.002,1.073,nan,0.011,nan,0.64,-1
4139,2069.62,1377.4,18.0705,0.0017,1.074,nan,0.008,nan,0.06,-1
4151,3065.91,1706.57,17.8504,0.0018,1.665,nan,0.018,nan,0.0,-1
4163,2140.05,1568.54,17.8482,0.0014,1.389,nan,0.01,nan,0.48,-1
4175,2695.27,1278.44,17.8744,0.0015,1.304,nan,0.008,nan,0.06,-1
4183,2360.5,1731.56,18.0465,0.0017,1.185,nan,0.008,nan,0.63,-1
4196,2278.58,1716.29,18.0724,0.0016,1.164,nan,0.007,nan,0.57,-1
4198,2835.12,1250.31,17.9259,0.0015,1.261,nan,0.009,nan,0.7,-1
4205,2615.48,1649.75,17.8625,0.0014,1.25,nan,0.009,nan,0.55,-1
4237,2699.34,2148.21,17.8485,0.0014,1.383,nan,0.01,nan,0.66,-1
4239,2183.12,1316.6,18.0519,0.0018,1.141,nan,0.011,nan,0.72,-1
4242,2246.16,2087.96,17.9723,0.0015,1.169,nan,0.008,nan,0.49,-1
4258,2662.44,1504.96,18.0119,0.0015,1.384,nan,0.011,nan,0.2,-1
4277,2615.31,1206.63,18.1124,0.0017,1.174,nan,0.01,nan,0.48,-1
4303,2348.69,2131.01,17.9246,0.0046,1.437,nan,0.011,nan,0.34,-1
4304,2537.25,2149.68,18.1198,0.0018,1.206,nan,0.009,nan,0.26,-1
4320,2951.85,1951.77,17.1519,0.0009,2.406,nan,0.028,nan,0.56,-1
4323,3034.94,1601.78,18.1725,0.0015,1.172,nan,0.008,nan,0.59,-1
4332,2099.31,2087.68,18.0967,0.0016,1.171,nan,0.007,nan,0.62,-1
4343,2421.12,1615.35,17.0163,0.001,2.539,nan,0.039,nan,0.48,-1
4374,2508.39,1908.86,17.935,0.0015,1.335,nan,0.011,nan,0.79,-1
4380,2675.21,1198.66,18.0892,0.0018,1.277,nan,0.012,nan,0.66,-1
4384,2846.79,2019.9,18.2203,0.0021,1.127,nan,0.009,nan,0.64,-1
4412,2783.19,1349.88,18.2528,0.0016,1.082,nan,0.008,nan,0.11,-1
4419,2081.14,1530.76,18.2672,0.0021,1.06,nan,0.009,nan,0.08,-1
4458,2735.91,1539.82,18.3038,0.0025,1.12,nan,0.008,nan,0.39,-1
4463,2553.29,1292.57,18.2344,0.0018,1.22,nan,0.011,nan,0.46,-1
4466,2640.64,1646.42,18.09,0.0016,1.286,nan,0.013,nan,0.53,-1
4481,2805.5,1595.56,18.3186,0.0018,1.126,nan,0.01,nan,0.63,-1
4492,2015.79,1931.23,18.0452,0.0019,1.399,nan,0.011,nan,0.3,-1
4507,2464.9,1188.49,18.0129,0.0018,1.41,nan,0.011,nan,0.63,-1
4519,2561.02,1747.8,18.1863,0.0019,1.209,nan,0.014,nan,0.57,-1
4563,2175.86,1368.33,18.2352,0.0017,1.216,nan,0.019,nan,0.51,-1
4566,2554.93,2101.69,18.1245,0.0018,1.256,nan,0.011,nan,0.49,-1
4570,2458.92,1364.8,18.0945,0.0016,1.365,nan,0.014,nan,0.01,-1
4582,2291.62,2118.13,17.2274,0.001,2.415,nan,0.027,nan,0.18,-1
4602,2950.28,1918.73,18.1146,0.0018,1.282,nan,0.013,nan,0.34,-1
4622,2752.36,1397.48,18.2316,0.0017,1.168,nan,0.008,nan,0.62,-1
4634,2160.11,2034.36,18.1668,0.0018,1.27,nan,0.011,nan,0.33,-1
4640,2568.32,1767.3,18.1374,0.0017,1.287,nan,0.011,nan,0.67,-1
4646,2922.26,1317.42,18.1205,0.0016,1.455,nan,0.013,nan,0.75,-1
4673,2315.67,1760.84,18.2429,0.0018,1.209,nan,0.011,nan,0.07,-1
4681,2078.27,1413.98,18.4175,0.0026,1.072,nan,0.017,nan,0.09,-1
4685,2564.13,2060.87,18.2459,0.0018,1.204,nan,0.015,nan,0.55,-1
4690,2757.84,1728.42,18.41,0.0019,1.187,nan,0.011,nan,0.08,-1
4692,2601.77,1905.54,18.4198,0.0022,1.096,nan,0.009,nan,0.09,-1
4702,2470.56,1562.44,18.2399,0.0021,1.357,nan,0.018,nan,0.33,-1
4704,2027.5,1453.24,18.2275,0.0017,1.401,nan,0.012,nan,0.12,-1
4706,2777.03,1184.81,18.3439,0.0018,1.135,nan,0.011,nan,0.0,-1
4716,2580.15,1375.52,18.3591,0.0029,1.306,nan,0.013,nan,0.52,-1
4718,2497.15,1297.25,18.0936,0.0018,1.407,nan,0.018,nan,0.67,-1
4721,2881.8,1705.83,18.2902,0.0017,1.231,nan,0.013,nan,0.71,-1
4725,2780.87,1544.29,18.3696,0.0019,1.249,nan,0.017,nan,0.04,-1
4736,2820.9,1461.72,18.1874,0.0017,1.376,nan,0.012,nan,0.38,-1
4747,2305.43,1900.97,18.2735,0.0021,1.211,nan,0.011,nan,0.52,-1
4751,2453.84,1580.78,18.3529,0.0018,1.107,nan,0.013,nan,0.34,-1
4754,2511.31,2047.18,18.2459,0.0017,1.297,nan,0.01,nan,0.6,-1
4765,2577.0,1877.27,18.2149,0.0018,1.433,nan,0.016,nan,0.6,-1
4775,2660.46,2161.24,18.1081,0.002,1.506,nan,0.018,nan,0.39,-1
4786,2820.02,1380.12,18.4726,0.002,1.203,nan,0.018,nan,0.45,-1
4796,2729.49,1445.36,18.3254,0.0017,1.23,nan,0.014,nan,0.6,-1
4797,2574.67,1571.3,18.305,0.0017,1.402,nan,0.015,nan,0.36,-1
4800,2677.97,1504.43,18.3178,0.0017,1.383,nan,0.014,nan,0.59,-1
4802,3021.44,1810.51,18.4231,0.002,1.118,nan,0.011,nan,0.43,-1
4807,2281.39,1969.68,18.3169,0.0019,1.181,nan,0.009,nan,0.52,-1
4813,2633.84,1922.07,18.5925,0.0032,1.208,nan,0.017,nan,0.0,-1
4833,2214.88,1542.03,18.6432,0.0041,1.25,nan,0.011,nan,0.22,-1
4843,2457.57,1721.91,18.4786,0.0018,1.24,nan,0.014,nan,0.48,-1
4847,2890.38,1256.48,18.3546,0.0018,1.331,nan,0.012,nan,0.42,-1
4853,2715.47,1400.94,18.5217,0.002,1.067,nan,0.013,nan,0.58,-1
4860,2330.33,1797.72,18.5013,0.0027,1.335,nan,0.017,nan,0.2,-1
4870,2679.79,1537.68,18.4184,0.0031,1.43,nan,0.015,nan,0.37,-1
4892,2741.41,1402.05,18.4413,0.0019,1.329,nan,0.017,nan,0.4,-1
4894,2527.64,1689.51,18.2987,0.0017,1.37,nan,0.011,nan,0.65,-1
4897,2392.62,1192.3,18.4171,0.0026,1.327,nan,0.013,nan,0.57,-1
4919,2405.9,1289.78,18.4653,0.0027,1.176,nan,0.015,nan,0.48,-1
4939,2955.56,1897.64,18.5545,0.0035,1.275,nan,0.019,nan,0.23,-1
4944,2930.24,2004.9,18.5213,0.002,1.279,nan,0.017,nan,0.13,-1
4949,3100.33,1756.22,18.5867,0.0021,1.195,nan,0.011,nan,0.53,-1
4954,2741.16,1243.22,18.5782,0.0021,1.251,nan,0.013,nan,0.32,-1
4974,2225.8,1975.5,18.935,0.0071,1.303,nan,0.018,nan,0.25,-1
4975,2266.89,1150.64,18.5252,0.0022,1.375,nan,0.019,nan,0.07,-1
4978,2883.25,2001.56,18.2144,0.0019,1.631,nan,0.017,nan,0.27,-1
4979,2463.06,2103.3,18.2648,0.002,1.429,nan,0.013,nan,0.37,-1
4983,2543.07,1300.84,18.2492,0.0017,1.533,nan,0.016,nan,0.6,-1
4984,2730.34,2095.21,18.4889,0.002,1.261,nan,0.013,nan,0.4,-1
4986,2152.73,1558.94,18.4029,0.002,1.261,nan,0.015,nan,0.42,-1
5002,2507.52,1182.15,18.5665,0.0022,1.218,nan,0.016,nan,0.61,-1
5014,2844.94,2158.54,18.565,0.0021,1.225,nan,0.014,nan,0.43,-1
5019,2425.96,1702.97,18.3423,0.0019,1.621,nan,0.019,nan,0.45,-1
5036,2258.16,1331.43,18.7066,0.0025,1.14,nan,0.028,nan,0.14,-1
5037,2224.8,1563.82,18.2766,0.0018,1.439,nan,0.018,nan,0.62,-1
5038,2334.22,1689.91,18.5022,0.002,1.162,nan,0.016,nan,0.33,-1
5040,2290.84,1254.21,18.3101,0.0018,1.618,nan,0.016,nan,0.12,-1
5046,2257.64,1892.32,18.3715,0.0022,1.516,nan,0.025,nan,0.07,-1
5051,2575.11,2246.56,18.503,0.002,1.292,nan,0.016,nan,0.56,-1
5058,2996.69,1438.37,18.6906,0.0026,1.267,nan,0.016,nan,0.58,-1
5071,2067.95,1807.76,18.5871,0.0026,1.215,nan,0.013,nan,0.22,-1
5080,2190.39,1579.76,18.6499,0.0021,1.138,nan,0.014,nan,0.12,-1
5099,2358.08,2259.41,18.431,0.0019,1.274,nan,0.013,nan,0.63,-1
5100,2413.36,2177.74,18.3086,0.0017,1.437,nan,0.017,nan,0.53,-1
5106,2465.19,1246.67,18.5175,0.0024,1.332,nan,0.023,nan,0.17,-1
5124,2557.12,1759.58,18.5163,0.0024,1.274,nan,0.016,nan,0.17,-1
5129,3005.08,1389.34,18.7188,0.0022,1.212,nan,0.013,nan,0.41,-1
5136,2706.69,1579.15,18.489,0.0018,1.401,nan,0.018,nan,0.31,-1
5146,2925.1,1742.62,18.5145,0.0023,1.465,nan,0.02,nan,0.59,-1
5148,2113.02,1601.55,18.6525,0.0022,1.328,nan,0.028,nan,0.6,-1
5153,3065.59,1472.42,18.7616,0.0022,1.164,nan,0.097,nan,0.11,-1
5159,2565.18,1975.25,18.562,0.0024,1.304,nan,0.016,nan,0.69,-1
5163,2712.2,2215.12,18.6898,0.003,1.326,nan,0.025,nan,0.69,-1
5164,2482.44,1454.74,18.6039,0.0026,1.253,nan,0.019,nan,0.57,-1
5180,2452.11,1322.05,18.6684,0.0024,1.223,nan,0.015,nan,0.54,-1
5185,2259.32,1270.17,18.7138,0.0025,1.214,nan,0.016,nan,0.52,-1
5201,2344.69,1300.53,18.5104,0.0021,1.402,nan,0.02,nan,0.45,-1
5234,2979.1,1359.4,18.5709,0.0019,1.397,nan,0.019,nan,0.54,-1
5236,3046.17,1522.46,18.7535,0.0021,1.223,nan,0.017,nan,0.18,-1
5244,2833.25,1902.46,18.8868,0.003,1.406,nan,0.024,nan,0.53,-1
5248,2784.13,1403.76,18.7244,0.0021,1.208,nan,0.016,nan,0.04,-1
5255,2407.27,2198.58,18.5103,0.0021,1.409,nan,0.019,nan,0.23,-1
5266,2278.11,1890.8,18.6504,0.0025,1.275,nan,0.016,nan,0.49,-1
5282,2315.52,1580.8,18.7055,0.0024,1.034,nan,0.029,nan,0.19,-1
5283,2786.64,2199.27,18.7429,0.0025,1.262,nan,0.022,nan,0.51,-1
5301,2390.97,1774.0,18.8081,0.0029,1.221,nan,0.018,nan,0.54,-1
5303,2183.51,1601.37,18.7482,0.0024,1.26,nan,0.015,nan,0.72,-1
5305,2645.15,1811.2,18.7769,0.0028,1.208,nan,0.026,nan,0.48,-1
5316,2519.31,1254.66,18.7583,0.0026,1.308,nan,0.018,nan,0.07,-1
5327,2257.86,1850.16,18.6897,0.0024,1.255,nan,0.016,nan,0.61,-1
5333,2805.99,2114.3,18.7345,0.0028,1.213,nan,0.015,nan,0.22,-1
5338,2614.36,1467.32,18.3295,0.002,1.713,nan,0.022,nan,0.17,-1
5343,2472.23,1500.45,18.333,0.0017,1.618,nan,0.028,nan,0.48,-1
5358,2543.71,2171.56,18.6672,0.0023,1.3,nan,0.017,nan,0.69,-1
5362,2715.36,1264.72,18.7184,0.0023,1.258,nan,0.016,nan,0.47,-1
5367,3018.53,1509.74,18.4987,0.0024,1.745,nan,0.027,nan,0.4,-1
5369,2180.44,1631.33,18.6661,0.0026,1.394,nan,0.018,nan,0.57,-1
5378,2930.36,1815.0,18.9217,0.0035,1.158,nan,0.024,nan,0.43,-1
5386,2645.98,2254.61,18.795,0.0053,1.365,nan,0.017,nan,0.53,-1
5391,2834.4,1998.52,18.7621,0.0036,1.422,nan,0.017,nan,0.43,-1
5393,2575.57,1340.41,18.7783,0.0024,1.221,nan,0.017,nan,0.37,-1
5394,2596.03,2033.13,18.7592,0.0024,1.265,nan,0.017,nan,0.19,-1
5402,2471.95,1567.74,18.7868,0.0047,1.41,nan,0.04,nan,0.01,-1
5417,2880.27,2054.34,18.6471,0.0024,1.517,nan,0.019,nan,0.07,-1
5419,2327.08,1786.22,18.7748,0.0025,1.394,nan,0.016,nan,0.3,-1
5420,2704.86,2106.53,18.4491,0.0021,1.645,nan,0.024,nan,0.51,-1
5426,2476.94,1595.48,18.6657,0.0023,1.432,nan,0.041,nan,0.52,-1
5429,2572.65,1640.89,18.5858,0.002,1.547,nan,0.024,nan,0.36,-1
5431,2023.46,1889.1,18.4999,0.0021,1.628,nan,0.023,nan,0.06,-1
5433,2349.48,1934.16,18.759,0.0024,1.279,nan,0.017,nan,0.48,-1
5438,2733.07,1702.28,18.796,0.0027,1.322,nan,0.018,nan,0.02,-1
5450,2129.18,1682.59,18.7547,0.0033,1.436,nan,0.023,nan,0.09,-1
5458,2569.52,1398.75,18.7837,0.0021,1.354,nan,0.018,nan,0.7,-1
5460,2765.81,1212.59,18.784,0.0026,1.31,nan,0.024,nan,0.73,-1
5461,2677.2,1948.94,18.8285,0.0043,1.349,nan,0.026,nan,0.04,-1
5462,2952.74,1362.35,18.9544,0.0027,1.171,nan,0.015,nan,0.43,-1
5476,2507.41,1849.7,18.8492,0.0029,1.298,nan,0.019,nan,0.33,-1
5479,2103.08,1850.75,18.7226,0.0026,1.461,nan,0.021,nan,0.3,-1
5480,2278.79,1594.27,18.855,0.0032,1.25,nan,0.02,nan,0.53,-1
5496,3007.0,1638.81,18.2271,0.0019,1.981,nan,0.034,nan,0.57,-1
5499,2864.39,1300.21,18.6257,0.0024,1.601,nan,0.025,nan,0.62,-1
5501,2342.32,1760.53,18.7519,0.0026,1.342,nan,0.02,nan,0.63,-1
5516,3005.53,1744.8,18.9277,0.0025,1.328,nan,0.021,nan,0.06,-1
5523,2568.89,1245.36,18.9555,0.003,1.325,nan,0.018,nan,0.49,-1
5527,2864.25,2021.65,18.7638,0.0027,1.384,nan,0.022,nan,0.48,-1
5529,2140.63,1244.79,18.9784,0.0033,1.105,nan,0.03,nan,0.06,-1
5541,1938.07,1579.75,18.8959,0.0027,1.219,nan,0.018,nan,0.45,-1
5543,2330.66,2258.75,18.6945,0.0024,1.422,nan,0.017,nan,0.62,-1
5546,2411.33,1417.18,18.9563,0.0027,1.054,nan,0.02,nan,0.25,-1
5564,3020.95,1775.43,18.474,0.0023,1.745,nan,0.029,nan,0.63,-1
5568,2450.37,1768.9,18.8507,0.0028,1.378,nan,0.021,nan,0.36,-1
5573,2455.77,2207.57,18.8598,0.0025,1.331,nan,0.018,nan,0.52,-1
5577,2685.33,2090.59,19.0488,0.0029,1.128,nan,0.019,nan,0.4,-1
5580,2264.77,1361.36,18.9603,0.0028,1.165,nan,0.018,nan,0.63,-1
5590,2084.64,1453.6,18.9309,0.003,1.412,nan,0.02,nan,0.43,-1
5595,2128.56,1840.49,18.5841,0.0024,1.624,nan,0.029,nan,0.1,-1
5600,2763.72,1365.13,18.8199,0.0024,1.384,nan,0.021,nan,0.52,-1
5601,2666.17,2249.27,18.8701,0.0028,1.283,nan,0.028,nan,0.44,-1
5609,2608.29,1529.48,18.6909,0.0022,1.573,nan,0.031,nan,0.59,-1
5618,2859.04,1742.73,19.0067,0.0039,1.362,nan,0.028,nan,0.24,-1
5620,2254.06,1193.31,19.0484,0.003,1.217,nan,0.017,nan,0.11,-1
5632,2847.99,1677.58,19.0094,0.0028,1.365,nan,0.021,nan,0.18,-1
5638,2851.02,1243.16,18.7553,0.0024,1.545,nan,0.028,nan,0.62,-1
5641,2015.22,1589.27,18.8685,0.0024,1.322,nan,0.019,nan,0.5,-1
5643,2584.85,1341.95,18.8045,0.0023,1.51,nan,0.027,nan,0.46,-1
5648,2302.55,1605.86,18.9917,0.003,1.216,nan,0.019,nan,0.58,-1
5650,2425.75,1895.32,19.0309,0.0028,1.39,nan,0.021,nan,0.58,-1
5652,2722.34,1880.17,18.9647,0.0029,1.316,nan,0.022,nan,0.68,-1
5665,2532.35,1755.13,18.9581,0.0029,1.174,nan,0.028,nan,0.57,-1
5680,3051.52,1827.03,18.6675,0.0021,1.714,nan,0.03,nan,0.1,-1
5686,2321.59,1661.19,18.9428,0.0028,1.299,nan,0.028,nan,0.55,-1
5693,2479.08,1274.79,19.0121,0.003,1.301,nan,0.022,nan,0.08,-1
5696,2029.99,2020.04,18.5539,0.0025,1.718,nan,0.03,nan,0.49,-1
5700,2197.94,2038.31,18.8587,0.0028,1.369,nan,0.021,nan,0.58,-1
5701,2423.34,2191.18,19.079,0.0029,1.329,nan,0.023,nan,0.15,-1
5709,2715.28,1601.45,18.8055,0.0022,1.49,nan,0.032,nan,0.38,-1
5724,2889.21,1361.29,19.0621,0.0027,1.323,nan,0.031,nan,0.17,-1
5730,1982.28,1883.21,19.0026,0.0031,1.327,nan,0.021,nan,0.68,-1
5731,2596.42,1215.89,19.1139,0.0035,1.375,nan,0.025,nan,0.07,-1
5737,2063.11,1633.5,19.097,0.0036,1.373,nan,0.026,nan,0.69,-1
5742,2692.13,1349.0,18.9833,0.0026,1.477,nan,0.023,nan,0.06,-1
5748,3063.31,1832.3,18.8891,0.0028,1.438,nan,0.025,nan,0.59,-1
5754,2482.02,1300.15,19.3011,0.0064,1.498,nan,0.025,nan,0.25,-1
5758,2760.34,1677.91,18.9824,0.0029,1.447,nan,0.029,nan,0.58,-1
5763,2560.01,2032.89,18.9081,0.0029,1.263,nan,0.025,nan,0.63,-1
5765,2456.98,2076.79,18.7715,0.0027,1.546,nan,0.031,nan,0.35,-1
5767,2141.17,1650.56,19.1437,0.0029,1.23,nan,0.021,nan,0.6,-1
5777,2439.47,1105.46,19.0903,0.0037,1.304,nan,0.05,nan,0.17,-1
5792,2637.17,1350.94,19.1188,0.0036,1.389,nan,0.023,nan,0.18,-1
5802,2822.24,1900.89,19.0282,0.0028,1.401,nan,0.025,nan,0.22,-1
5809,2055.2,1560.07,18.8785,0.0025,1.559,nan,0.031,nan,0.16,-1
5812,2065.02,1847.58,19.1061,0.0041,1.591,nan,0.035,nan,0.52,-1
5817,2352.45,2027.36,18.9879,0.0028,1.461,nan,0.027,nan,0.16,-1
5819,2584.23,1848.62,19.0511,0.0031,1.374,nan,0.025,nan,0.45,-1
5823,2715.46,1566.17,18.773,0.0023,1.669,nan,0.04,nan,0.42,-1
5835,2478.81,2001.02,19.2199,0.0036,1.21,nan,0.029,nan,0.26,-1
5839,2046.07,2010.87,19.1128,0.0033,1.342,nan,0.027,nan,0.46,-1
5850,2594.61,2020.65,19.7944,0.0095,1.526,nan,0.037,nan,0.0,-1
5868,2228.81,1956.58,18.9889,0.0031,1.369,nan,0.026,nan,0.3,-1
5870,2454.92,1290.17,19.1096,0.0033,1.305,nan,0.027,nan,0.18,-1
5871,2556.82,1270.85,18.7625,0.0031,1.651,nan,0.032,nan,0.35,-1
5875,2008.35,1488.07,18.8949,0.0026,1.668,nan,0.037,nan,0.66,-1
5881,2612.35,1622.35,18.8784,0.0024,1.551,nan,0.029,nan,0.64,-1
5887,2773.4,1706.13,19.169,0.0029,1.357,nan,0.026,nan,0.51,-1
5891,2848.9,2140.4,19.0491,0.003,1.269,nan,0.025,nan,0.11,-1
5897,2624.43,2241.04,19.2252,0.0035,1.378,nan,0.035,nan,0.4,-1
5898,2537.77,1497.77,19.2758,0.0041,1.212,nan,0.023,nan,0.37,-1
5899,2551.25,1772.4,18.9702,0.0031,1.444,nan,0.03,nan,0.16,-1
5900,2518.44,1561.44,19.0999,0.0027,1.499,nan,0.034,nan,0.31,-1
5902,2584.47,1789.59,19.1017,0.0035,1.721,nan,0.034,nan,0.42,-1
5910,2374.58,1943.0,19.2375,0.0033,1.268,nan,0.018,nan,0.56,-1
5930,2310.82,1655.15,19.1099,0.0031,1.53,nan,0.041,nan,0.46,-1
5933,2306.56,1706.2,19.2623,0.0035,1.204,nan,0.022,nan,0.1,-1
5935,2291.66,1581.73,18.9688,0.003,1.267,nan,0.031,nan,0.2,-1
5936,2842.6,2112.22,19.2124,0.0034,1.413,nan,0.027,nan,0.54,-1
5940,2930.96,1806.32,19.325,0.0034,1.214,nan,0.05,nan,0.21,-1
5941,2494.19,2212.72,19.0657,0.003,1.342,nan,0.024,nan,0.43,-1
5955,2940.34,1486.94,19.0812,0.0028,1.45,nan,0.033,nan,0.44,-1
5956,2377.99,2093.25,19.0672,0.0029,1.414,nan,0.026,nan,0.56,-1
5964,2691.72,2114.62,19.211,0.0039,1.311,nan,0.028,nan,0.45,-1
5966,2787.07,2063.26,19.1763,0.003,1.338,nan,0.027,nan,0.62,-1
5972,2219.81,1844.03,19.1439,0.0031,1.22,nan,0.025,nan,0.04,-1
5973,2652.27,1500.9,19.0943,0.0025,1.318,nan,0.024,nan,0.39,-1
5975,3032.94,1717.36,19.2497,0.0031,1.432,nan,0.031,nan,0.26,-1
5977,2070.49,1551.07,19.2584,0.0033,1.326,nan,0.024,nan,0.34,-1
5978,2856.97,1360.67,19.2955,0.0034,1.282,nan,0.024,nan,0.06,-1
5990,2516.44,1659.9,18.9482,0.0029,1.557,nan,0.036,nan,0.49,-1
5992,2200.99,1484.23,19.0385,0.0029,1.415,nan,0.034,nan,0.6,-1
5993,2651.12,1696.07,19.2551,0.0034,1.463,nan,0.025,nan,0.36,-1
5996,2534.0,2078.74,19.2012,0.0033,1.365,nan,0.029,nan,0.59,-1
5997,2209.27,1610.35,18.9376,0.0026,1.651,nan,0.033,nan,0.03,-1
6006,2389.19,2195.82,18.9486,0.0028,1.534,nan,0.034,nan,0.42,-1
6008,2794.05,1341.1,19.3275,0.0038,1.436,nan,0.029,nan,0.17,-1
6016,2499.23,1997.87,19.144,0.0032,1.422,nan,0.031,nan,0.2,-1
6017,2933.45,1426.88,19.2837,0.0032,1.415,nan,0.03,nan,0.21,-1
6018,2474.62,1317.58,18.8556,0.0027,1.779,nan,0.039,nan,0.56,-1
6026,2615.64,2100.98,19.0902,0.0031,1.414,nan,0.033,nan,0.54,-1
6038,2823.69,2086.12,18.9038,0.0036,1.644,nan,0.032,nan,0.35,-1
6039,2433.7,1840.82,19.2768,0.0037,1.388,nan,0.025,nan,0.64,-1
6046,2066.57,1459.11,19.3097,0.0037,1.446,nan,0.036,nan,0.64,-1
6050,2423.03,1306.21,19.3047,0.0036,1.457,nan,0.033,nan,0.55,-1
6052,2777.89,2100.38,19.3002,0.0041,1.386,nan,0.026,nan,0.01,-1
6054,2721.61,1482.71,19.2867,0.0037,1.285,nan,0.025,nan,0.62,-1
6055,2188.57,1332.83,19.4022,0.0041,1.261,nan,0.029,nan,0.68,-1
6058,2515.33,1438.72,19.178,0.0027,1.498,nan,0.036,nan,0.6,-1
6060,2307.6,1984.68,19.2189,0.0035,1.363,nan,0.025,nan,0.24,-1
6062,2097.15,1747.02,19.2856,0.0033,1.467,nan,0.034,nan,0.12,-1
6087,2592.12,1563.54,19.2806,0.003,1.389,nan,0.032,nan,0.51,-1
6092,2226.49,1998.48,19.5027,0.0065,1.463,nan,0.031,nan,0.1,-1
6094,2298.42,2076.92,19.316,0.0036,1.352,nan,0.029,nan,0.58,-1
6097,2488.65,1925.59,19.3022,0.0035,1.443,nan,0.035,nan,0.29,-1
6100,2227.48,1437.35,19.4667,0.004,1.251,nan,0.029,nan,0.38,-1
6105,2415.55,1188.56,19.1814,0.003,1.58,nan,0.043,nan,0.61,-1
6107,2195.19,1692.99,19.4224,0.0034,1.36,nan,0.024,nan,0.18,-1
6111,2329.06,1343.41,19.1708,0.0034,1.519,nan,0.035,nan,0.5,-1
6114,2549.17,1903.49,18.7992,0.0032,1.952,nan,0.043,nan,0.6,-1
6118,2871.32,1287.79,19.1645,0.0034,1.686,nan,0.053,nan,0.35,-1
6119,1988.11,1752.65,19.1814,0.0031,1.502,nan,0.039,nan,0.63,-1
6125,2825.7,2072.44,19.3025,0.0034,1.398,nan,0.031,nan,0.22,-1
6132,2711.24,2168.3,19.4188,0.0041,1.47,nan,0.035,nan,0.44,-1
6133,2769.66,1450.28,19.4199,0.0033,1.509,nan,0.037,nan,0.51,-1
6134,2796.56,1191.13,19.3523,0.0042,1.45,nan,0.035,nan,0.22,-1
6143,2798.6,2005.41,19.3605,0.0041,1.376,nan,0.034,nan,0.56,-1
6146,2679.33,1339.68,19.3481,0.0035,1.383,nan,0.037,nan,0.7,-1
6147,2741.46,1201.69,19.5346,0.0087,1.407,nan,0.038,nan,0.25,-1
6153,2573.37,1737.23,19.3031,0.0031,1.559,nan,0.04,nan,0.4,-1
6159,2338.78,2133.32,19.2696,0.0035,1.437,nan,0.038,nan,0.05,-1
6166,2544.42,1838.52,19.435,0.0045,1.207,nan,0.032,nan,0.39,-1
6167,2285.35,1984.42,19.4827,0.0038,1.266,nan,0.029,nan,0.2,-1
6178,2075.64,2005.82,19.3301,0.0044,1.293,nan,0.039,nan,0.54,-1
6179,2439.34,2162.56,19.317,0.0034,1.677,nan,0.046,nan,0.43,-1
6193,2881.1,1737.46,19.535,0.004,1.52,nan,0.043,nan,0.12,-1
6196,2156.02,1231.42,19.4962,0.0045,1.352,nan,0.041,nan,0.24,-1
6198,2513.5,1864.06,19.4899,0.0043,1.511,nan,0.042,nan,0.26,-1
6203,2316.72,1769.54,19.4322,0.004,1.459,nan,0.038,nan,0.38,-1
6208,2624.81,1573.82,19.5354,0.0036,1.379,nan,0.039,nan,0.17,-1
6210,1996.03,1587.53,19.5467,0.0039,1.457,nan,0.042,nan,0.34,-1
6211,2277.43,1657.43,19.5336,0.0046,1.442,nan,0.045,nan,0.55,-1
6214,2474.75,2183.18,19.5602,0.0044,1.473,nan,0.034,nan,0.34,-1
6215,2273.18,1628.91,19.6392,0.0062,1.204,nan,0.031,nan,0.25,-1
6216,2285.43,1364.35,19.4969,0.0046,1.4,nan,0.039,nan,0.24,-1
6217,2411.46,1898.65,19.5191,0.0042,1.49,nan,0.04,nan,0.43,-1
6218,2765.53,1943.29,19.5476,0.0043,1.525,nan,0.059,nan,0.59,-1
6220,2668.39,2222.46,19.4517,0.0037,1.312,nan,0.044,nan,0.38,-1
6221,2759.81,2041.02,19.7035,0.0045,1.481,nan,0.045,nan,0.17,-1
6223,2415.52,1867.43,19.577,0.0046,1.432,nan,0.034,nan,0.54,-1
6227,2533.4,1869.16,19.7881,0.005,1.503,nan,0.06,nan,0.19,-1
