ID,x,y,Gmag,e_Gmag,VI,BV,VIerr,BVerr,MP,sel
1186,1378.09,1428.76,18.8592,0.0024,0.923,0.895,0.075,0.083,0.91,1
804,1123.61,952.739,18.0611,0.0043,1.059,0.933,0.04,0.046,0.84,1
791,1117.77,1342.9,18.0539,0.0016,1.018,0.926,0.036,0.042,0.82,1
820,1293.27,1212.32,18.0627,0.0016,1.14,0.935,0.041,0.046,0.82,1
884,1263.25,742.635,18.1847,0.0017,1.011,0.834,0.043,0.042,0.82,1
923,872.564,671.59,18.1866,0.0017,1.127,0.931,0.043,0.058,0.82,1
1216,982.989,707.232,18.8744,0.0028,0.978,0.771,0.086,0.088,0.82,1
848,1338.98,1096.95,18.1936,0.0017,0.961,0.776,0.041,0.043,0.81,1
1072,1225.67,922.996,18.4163,0.002,1.091,1.026,0.057,0.064,0.81,1
1024,846.026,754.533,18.4614,0.0022,0.945,0.918,0.055,0.056,0.78,1
1098,1223.25,964.134,18.5128,0.0021,0.999,0.787,0.06,0.06,0.78,1
1020,1025.21,1526.26,18.5142,0.0022,0.934,0.873,0.063,0.062,0.78,1
994,1154.15,753.291,18.2765,0.0018,1.166,0.801,0.052,0.053,0.75,1
1027,977.919,1575.11,18.4621,0.0019,1.069,0.88,0.053,0.058,0.75,1
1168,1062.6,978.361,18.7077,0.0024,1.137,0.897,0.065,0.076,0.71,1
1088,949.075,1188.33,18.5658,0.0023,1.164,0.964,0.06,0.072,0.69,1
1087,645.151,1020.34,18.5873,0.0022,1.116,1.028,0.055,0.063,0.69,1
981,899.636,647.492,18.2665,0.0019,1.155,1.027,0.047,0.053,0.67,1
1049,1297.02,1221.57,18.4988,0.0024,0.992,0.812,0.059,0.062,0.67,1
806,965.989,1388.18,18.0745,0.0015,1.015,0.762,0.037,0.041,0.66,1
846,1109.13,766.701,18.0759,0.0018,0.954,0.775,0.051,0.052,0.66,1
995,783.185,1318.11,18.4041,0.0018,1.054,1.108,0.053,0.062,0.66,1
980,1124.69,1456.02,18.4144,0.0018,0.905,1.01,0.052,0.052,0.66,1
1219,1339.96,1463.17,18.8512,0.0026,1.09,0.972,0.077,0.091,0.66,1
1029,836.815,1015.77,18.4559,0.0019,1.024,1.029,0.051,0.066,0.65,1
1202,1046.8,1287.44,18.7949,0.0029,1.142,0.883,0.067,0.083,0.65,1
1189,633.842,1271.42,18.7145,0.0024,1.241,1.046,0.068,0.088,0.64,1
1176,1143.74,1366.38,18.7986,0.0024,1.085,0.935,0.072,0.084,0.64,1
573,1170.01,1238.71,17.5326,0.0013,0.969,0.871,0.024,0.027,0.63,1
1003,1255.9,1371.11,18.2427,0.0017,1.386,1.161,0.048,0.073,0.63,1
1019,684.764,1234.95,18.2454,0.0017,1.396,1.128,0.047,0.067,0.63,1
748,1430.72,1209.24,18.4541,0.0042,1.081,0.992,0.06,0.059,0.63,1
565,695.251,1277.01,17.5259,0.0012,0.968,0.923,0.029,0.027,0.62,1
1032,1069.8,988.925,18.2917,0.0019,1.175,1.056,0.05,0.064,0.62,1
975,809.786,1231.57,18.3049,0.0018,1.238,1.14,0.046,0.066,0.62,1
977,1414.34,1355.65,18.511,0.0067,1.174,1.077,0.045,0.057,0.62,1
1161,1192.41,1411.88,18.6412,0.0023,1.044,0.877,0.072,0.078,0.62,1
1091,1167.47,1475.13,18.5919,0.0022,0.999,0.866,0.062,0.063,0.61,1
940,986.878,980.219,18.2892,0.0018,1.028,0.909,0.054,0.062,0.6,1
1096,1097.5,1356.28,18.6207,0.0025,0.964,0.867,0.067,0.065,0.6,1
1136,792.81,1039.73,18.6396,0.0023,1.137,0.973,0.06,0.074,0.6,1
989,1313.97,1363.54,18.4363,0.002,1.063,0.981,0.058,0.061,0.57,1
1061,769.41,1237.65,18.5148,0.0022,1.066,0.858,0.057,0.058,0.54,1
916,1404.35,1151.87,18.3197,0.0017,0.936,0.604,0.049,0.038,0.53,1
925,824.546,1451.04,18.3012,0.0018,0.97,0.86,0.051,0.054,0.51,1
837,822.926,764.142,18.0462,0.0016,0.987,0.805,0.048,0.06,0.5,1
679,1509.21,898.203,18.0292,0.0039,1.079,0.871,0.04,0.044,0.49,1
871,1098.11,1206.25,18.2175,0.0017,0.981,0.779,0.042,0.044,0.47,1
945,1257.8,734.181,18.3227,0.002,1.117,1.016,0.048,0.055,0.47,1
680,717.826,1402.08,17.7756,0.0013,1.024,0.895,0.031,0.034,0.46,1
1110,1029.05,1019.63,18.5979,0.0021,1.109,1.033,0.054,0.073,0.46,1
93,1002.98,962.063,15.0707,0.0015,0.814,0.697,0.008,0.009,0.433,1
233,1196.0,1089.31,16.1779,0.0025,0.93,0.834,0.01,0.01,0.404,1
1002,1497.95,1212.88,18.3259,0.0024,1.458,1.227,0.037,0.07,0.4,1
381,1381.24,1285.47,16.884,0.0008,0.949,0.799,0.016,0.015,0.398,1
338,1270.35,1198.24,16.6926,0.0013,1.048,0.882,0.014,0.014,0.39,1
862,1122.56,1051.05,18.0169,0.0018,1.381,1.176,0.037,0.056,0.39,1
678,988.883,804.56,17.6343,0.0023,1.308,1.162,0.034,0.055,0.38,1
243,1018.75,1068.38,16.1983,0.0008,0.872,0.698,0.011,0.009,0.37,1
1070,1330.23,1230.05,17.8286,0.0012,2.342,1.556,0.041,0.094,0.37,1
336,705.898,874.293,16.6846,0.0008,0.918,0.758,0.015,0.018,0.354,1
114,839.49,1364.29,15.2924,0.001,0.871,0.722,0.01,0.009,0.352,1
355,697.126,1142.17,16.7096,0.0011,1.177,1.046,0.015,0.017,0.35,1
449,1373.5,703.172,16.8994,0.0028,1.52,1.405,0.018,0.026,0.35,1
383,1549.03,1070.34,16.9576,0.0009,0.888,0.759,0.018,0.016,0.35,1
407,837.462,679.427,17.0136,0.0009,0.901,0.769,0.019,0.019,0.35,1
733,1130.48,1234.1,17.719,0.0011,1.42,1.178,0.031,0.046,0.34,1
318,1129.04,1034.22,16.6896,0.0008,0.843,0.664,0.014,0.013,0.338,1
50,1120.5,979.333,14.1291,0.0006,1.028,0.933,0.008,0.007,0.335,1
201,1015.94,790.981,15.9418,0.0007,0.861,0.764,0.01,0.011,0.332,1
337,1213.6,1113.08,16.5032,0.0007,1.38,1.198,0.012,0.016,0.33,1
376,1108.59,966.67,16.7852,0.0009,1.114,1.055,0.018,0.02,0.33,1
276,1245.3,959.744,16.3624,0.0006,0.849,0.718,0.013,0.013,0.322,1
332,751.082,1129.78,16.3345,0.0006,1.62,1.511,0.011,0.02,0.32,1
9,1271.08,874.533,12.6035,0.0002,1.219,1.173,0.006,0.006,0.318,1
214,1224.97,1216.37,16.0363,0.0007,0.85,0.761,0.011,0.01,0.314,1
23,1017.34,897.871,12.8095,0.0004,2.032,1.842,0.006,0.007,0.312,1
122,1024.58,1571.03,15.1189,0.0005,1.311,1.206,0.006,0.007,0.306,1
150,1187.52,938.31,15.6084,0.0006,0.746,0.639,0.011,0.009,0.306,1
303,778.077,1353.26,16.3154,0.0007,1.393,1.257,0.012,0.014,0.3,1
164,1279.01,913.986,15.6274,0.0006,1.126,1.064,0.01,0.011,0.293,1
12,1026.06,612.983,12.7696,0.0002,1.253,1.19,0.005,0.006,0.287,1
159,1189.15,761.479,15.459,0.0005,1.378,1.234,0.009,0.011,0.28,1
77,1039.07,647.049,14.6706,0.0004,1.055,0.928,0.008,0.008,0.269,1
98,1501.99,1292.83,15.2346,0.0005,0.332,0.282,0.007,0.006,0.269,1
94,984.246,780.032,14.8148,0.0004,1.378,1.277,0.008,0.009,0.268,1
88,1210.52,732.681,15.0934,0.0004,0.637,0.619,0.016,0.019,0.232,1
1205,882.992,1347.84,18.5694,0.0028,1.289,1.03,0.067,0.094,0.76,0
999,1499.54,1325.9,18.2706,0.0022,1.311,0.98,0.057,0.064,0.67,0
1056,1035.41,774.767,18.4039,0.002,1.24,0.98,0.056,0.077,0.67,0
1039,1360.51,1190.84,18.4221,0.0018,1.254,0.956,0.05,0.066,0.67,0
967,1009.59,836.979,18.321,0.002,0.934,1.065,0.046,0.07,0.59,0
593,1011.35,812.822,17.682,0.0064,1.151,1.135,0.027,0.041,0.52,0
660,1159.68,1387.9,17.7808,0.0014,0.872,0.752,0.033,0.031,0.48,0
1069,1567.56,1195.87,18.4418,0.0019,1.286,1.241,0.05,0.082,0.48,0
1078,1406.63,1272.76,18.4549,0.0018,1.306,1.281,0.049,0.076,0.48,0
1001,904.677,1071.32,18.4172,0.0019,1.127,1.092,0.052,0.059,0.46,0
587,875.033,834.219,17.9099,0.0031,1.073,0.826,0.038,0.039,0.44,0
911,753.089,1446.19,18.2219,0.0016,1.126,1.034,0.042,0.053,0.44,0
1171,1361.12,1316.36,18.6904,0.003,1.293,0.965,0.059,0.079,0.41,0
493,1109.12,649.883,17.3181,0.0021,1.137,0.936,0.025,0.025,0.4,0
500,1131.78,1331.1,17.4237,0.0024,1.244,1.006,0.051,0.052,0.4,0
982,1356.59,820.674,18.3217,0.0018,1.046,0.859,0.047,0.046,0.4,0
476,1524.96,1305.79,17.1966,0.001,1.094,0.972,0.021,0.022,0.39,0
917,604.516,1153.75,18.209,0.0017,1.17,1.02,0.04,0.051,0.39,0
1018,1328.89,1260.3,18.4505,0.0019,1.018,0.96,0.053,0.062,0.39,0
1137,1138.86,1210.56,18.4806,0.0034,1.747,1.225,0.052,0.088,0.39,0
226,891.411,1327.24,16.0109,0.0008,1.077,0.93,0.01,0.009,0.385,0
498,1414.28,1207.64,17.2635,0.0012,1.031,0.91,0.02,0.02,0.38,0
819,968.2,816.098,17.747,0.0014,1.562,1.38,0.035,0.063,0.38,0
939,1086.97,1141.17,18.2291,0.0017,1.252,1.187,0.04,0.063,0.38,0
993,1289.9,1184.67,18.4175,0.0019,1.093,1.058,0.053,0.061,0.38,0
1112,1478.59,1123.1,18.615,0.002,1.009,0.836,0.06,0.061,0.38,0
1208,1161.34,1405.41,18.7262,0.0027,1.191,1.186,0.064,0.093,0.38,0
412,1147.75,1377.92,16.9532,0.0016,0.969,0.784,0.016,0.016,0.37,0
483,909.701,944.802,17.1641,0.0011,1.133,1.014,0.021,0.024,0.37,0
473,982.535,718.509,17.1903,0.0011,1.017,0.806,0.019,0.024,0.37,0
537,776.732,1001.43,17.3469,0.0011,1.104,0.904,0.022,0.026,0.37,0
559,1377.74,1070.7,17.5029,0.0012,0.965,0.829,0.025,0.027,0.37,0
636,1095.13,952.845,17.635,0.0014,1.045,0.948,0.03,0.034,0.37,0
668,864.114,716.746,17.6554,0.0016,1.12,0.95,0.029,0.04,0.37,0
726,991.003,971.756,17.6601,0.0013,1.408,1.285,0.03,0.049,0.37,0
710,1033.66,1066.02,17.7073,0.0014,1.353,1.22,0.03,0.045,0.37,0
661,1309.97,797.987,17.7362,0.0014,0.922,0.707,0.031,0.03,0.37,0
669,1064.06,1215.34,17.7691,0.0014,1.0,0.824,0.029,0.031,0.37,0
707,1528.33,1338.04,17.8166,0.0014,1.139,0.992,0.031,0.036,0.37,0
688,1228.31,1470.82,17.8422,0.0016,1.04,0.898,0.034,0.032,0.37,0
857,1394.35,1302.37,18.0614,0.0015,1.327,1.098,0.038,0.055,0.37,0
905,1133.74,604.631,18.1254,0.0017,1.31,1.148,0.04,0.062,0.37,0
958,1012.16,1285.53,18.2837,0.0018,1.232,1.148,0.046,0.063,0.37,0
991,1054.88,875.716,18.2981,0.0017,1.068,0.895,0.057,0.055,0.37,0
926,1339.43,1032.18,18.3417,0.0019,1.018,0.762,0.046,0.049,0.37,0
1059,1200.94,1059.28,18.4753,0.0023,1.128,1.054,0.056,0.072,0.37,0
1141,1419.03,902.639,18.5427,0.0021,1.269,0.895,0.075,0.084,0.37,0
1203,771.157,942.389,18.7136,0.0026,1.096,0.854,0.079,0.094,0.37,0
446,1373.1,1473.74,17.1343,0.001,0.995,0.856,0.018,0.022,0.364,0
427,1223.01,1402.99,17.1008,0.001,0.949,0.793,0.018,0.018,0.36,0
488,1574.91,1161.52,17.2722,0.0011,0.965,0.936,0.02,0.024,0.36,0
539,1045.43,1472.34,17.4266,0.0011,1.022,0.861,0.022,0.024,0.36,0
601,1039.0,1040.17,17.5404,0.0013,1.133,1.003,0.025,0.031,0.36,0
619,1022.21,1080.11,17.5418,0.0013,1.151,1.009,0.026,0.029,0.36,0
645,888.885,886.087,17.5858,0.0014,1.214,1.147,0.039,0.044,0.36,0
634,1094.12,1365.47,17.6223,0.0012,1.087,0.927,0.027,0.033,0.36,0
676,1536.72,1008.28,17.81,0.0016,0.912,0.812,0.031,0.031,0.36,0
724,735.027,831.734,17.8753,0.0017,1.03,0.84,0.037,0.041,0.36,0
739,1003.79,1020.5,17.9295,0.0015,1.042,0.868,0.035,0.038,0.36,0
930,751.166,1319.04,17.9299,0.0018,1.694,1.429,0.043,0.072,0.36,0
898,1135.23,1397.33,17.9335,0.0017,1.579,1.339,0.037,0.061,0.36,0
785,1113.01,1177.84,17.9354,0.0016,1.132,0.996,0.037,0.041,0.36,0
740,875.037,1245.25,17.9704,0.0015,0.948,0.85,0.037,0.036,0.36,0
788,1421.45,1094.17,18.0034,0.0015,1.152,1.022,0.04,0.046,0.36,0
711,1275.79,1103.78,18.0317,0.002,0.948,0.77,0.037,0.037,0.36,0
807,1000.06,1482.95,18.0321,0.0016,1.049,0.964,0.035,0.039,0.36,0
832,726.1,1002.93,18.0573,0.0023,1.136,0.903,0.034,0.041,0.36,0
876,1180.97,1149.41,18.0729,0.0015,1.353,1.116,0.039,0.059,0.36,0
29,934.418,922.371,13.6562,0.0003,0.841,0.702,0.007,0.007,0.354,0
313,964.933,720.095,16.4845,0.001,1.18,1.055,0.014,0.016,0.35,0
357,759.248,1019.22,16.8175,0.0008,0.949,0.838,0.015,0.016,0.35,0
403,1247.99,831.583,16.9064,0.0009,1.088,1.002,0.017,0.021,0.35,0
422,1080.74,1154.09,17.0648,0.0009,0.992,0.782,0.018,0.017,0.35,0
438,1216.54,1379.96,17.159,0.0015,1.008,0.735,0.021,0.023,0.35,0
458,1271.46,1339.91,17.1945,0.001,1.008,0.963,0.02,0.021,0.35,0
501,1098.8,1439.96,17.2807,0.0011,0.98,0.869,0.022,0.022,0.35,0
480,1210.76,1419.53,17.287,0.001,0.909,0.728,0.02,0.022,0.35,0
561,1449.1,910.228,17.2915,0.0011,1.335,1.1,0.021,0.028,0.35,0
514,1146.9,1101.3,17.3361,0.0012,1.014,0.866,0.021,0.024,0.35,0
579,673.635,1265.84,17.4523,0.0011,1.168,1.051,0.024,0.03,0.35,0
592,678.738,1287.19,17.5157,0.0014,1.074,0.875,0.024,0.027,0.35,0
666,939.595,656.411,17.5213,0.0012,1.398,1.269,0.027,0.048,0.35,0
597,1175.76,1020.66,17.5737,0.0013,1.073,0.855,0.026,0.029,0.35,0
640,791.599,826.086,17.5872,0.0013,1.012,0.793,0.031,0.033,0.35,0
782,963.827,948.292,17.6974,0.0014,1.515,1.325,0.027,0.057,0.35,0
663,1163.6,1264.88,17.7502,0.0019,1.216,1.052,0.025,0.032,0.35,0
699,1269.73,1305.46,17.8133,0.0014,1.159,0.999,0.032,0.039,0.35,0
763,842.617,1021.87,17.9604,0.0014,1.09,0.842,0.034,0.039,0.35,0
971,1375.05,1132.16,18.3553,0.002,1.06,0.859,0.047,0.053,0.35,0
1101,914.816,877.084,18.3589,0.0022,1.372,1.177,0.056,0.073,0.35,0
1031,1279.95,1200.0,18.3814,0.0021,1.277,1.118,0.046,0.065,0.35,0
154,717.957,895.553,15.552,0.0006,1.045,0.917,0.008,0.009,0.344,0
229,1022.97,1052.74,16.0564,0.0007,1.006,0.955,0.009,0.011,0.34,0
295,868.822,747.057,16.4127,0.0009,0.932,0.777,0.015,0.014,0.34,0
316,800.991,1022.6,16.4453,0.0008,1.303,1.138,0.011,0.016,0.34,0
353,1486.75,905.313,16.7291,0.0008,1.019,0.944,0.016,0.016,0.34,0
348,707.622,1062.19,16.7505,0.001,0.919,0.76,0.015,0.019,0.34,0
379,1068.35,865.135,16.7551,0.0008,1.164,0.841,0.014,0.016,0.34,0
471,1010.39,1525.08,16.904,0.0009,1.63,1.417,0.018,0.029,0.34,0
447,1029.95,837.084,17.1092,0.0009,0.957,0.78,0.025,0.022,0.34,0
435,1328.65,1178.97,17.1097,0.0009,1.015,0.866,0.018,0.018,0.34,0
529,700.18,1204.7,17.291,0.001,1.244,1.15,0.021,0.027,0.34,0
507,1078.81,1199.73,17.3122,0.001,0.97,0.895,0.023,0.022,0.34,0
546,1547.57,1001.57,17.4403,0.0012,1.002,0.898,0.024,0.023,0.34,0
647,999.527,1436.21,17.6797,0.0012,1.038,0.809,0.03,0.032,0.34,0
671,728.993,967.355,17.7146,0.0015,0.975,0.776,0.031,0.034,0.34,0
667,779.766,1291.32,17.7789,0.0015,0.984,0.857,0.03,0.033,0.34,0
840,1134.52,1432.59,17.8876,0.0014,1.474,1.474,0.034,0.057,0.34,0
703,1301.28,1005.43,17.9113,0.0014,0.969,0.712,0.03,0.033,0.34,0
784,897.957,1548.48,17.9691,0.0014,1.121,0.955,0.037,0.042,0.34,0
302,1035.96,922.922,16.4626,0.0007,1.064,0.945,0.015,0.016,0.337,0
191,819.423,737.225,15.8839,0.0006,0.931,0.767,0.012,0.011,0.33,0
292,1263.89,1062.01,16.4261,0.0007,1.008,0.935,0.011,0.013,0.33,0
327,1169.03,993.918,16.5588,0.0008,1.231,1.082,0.021,0.018,0.33,0
358,1208.59,1475.29,16.5606,0.0007,1.469,1.376,0.013,0.018,0.33,0
333,1377.67,826.851,16.6471,0.0007,1.0,0.887,0.017,0.018,0.33,0
330,1547.95,1163.31,16.677,0.0008,0.965,0.891,0.015,0.016,0.33,0
341,657.981,1182.74,16.6976,0.0008,1.009,0.884,0.014,0.016,0.33,0
342,733.22,1227.3,16.7204,0.0008,0.985,0.853,0.015,0.015,0.33,0
415,1387.64,1317.87,16.9997,0.0008,1.057,0.942,0.018,0.02,0.33,0
429,1264.36,1266.63,17.0986,0.001,0.985,0.779,0.02,0.019,0.33,0
515,1107.83,1587.56,17.1233,0.0012,1.502,1.122,0.019,0.025,0.33,0
460,1353.64,1372.46,17.2472,0.001,0.92,0.752,0.019,0.02,0.33,0
492,1013.17,1401.27,17.2481,0.0009,1.032,0.825,0.022,0.022,0.33,0
534,1096.56,1075.16,17.2508,0.001,1.32,1.103,0.022,0.029,0.33,0
510,1398.6,1108.7,17.3154,0.0011,1.075,0.978,0.021,0.025,0.33,0
569,1567.68,991.08,17.46,0.001,1.059,0.987,0.032,0.035,0.33,0
954,1097.83,1376.14,18.3789,0.0019,0.964,0.784,0.045,0.044,0.33,0
1159,1584.66,1116.84,18.6316,0.0024,1.557,1.14,0.062,0.094,0.33,0
175,822.927,1277.61,15.7981,0.0006,0.904,0.825,0.007,0.008,0.325,0
259,732.523,1156.1,16.2887,0.0008,0.963,0.812,0.012,0.011,0.323,0
208,1460.29,1432.09,15.7079,0.0006,1.457,1.327,0.008,0.01,0.32,0
375,1489.93,1135.44,16.6254,0.0007,1.486,1.368,0.013,0.019,0.32,0
439,915.418,1355.03,17.2923,0.0011,0.783,0.867,0.035,0.039,0.32,0
651,1441.19,781.797,17.7434,0.0015,0.955,0.882,0.032,0.031,0.32,0
1148,833.547,1068.72,18.679,0.0025,1.185,1.059,0.059,0.083,0.32,0
162,713.321,1060.15,15.6367,0.0005,1.088,0.978,0.007,0.009,0.314,0
157,1470.91,1044.99,15.7093,0.0006,0.87,0.783,0.008,0.008,0.313,0
186,727.572,924.326,15.9208,0.0008,0.748,0.608,0.012,0.01,0.31,0
283,1533.04,858.339,16.3806,0.0006,0.905,0.743,0.014,0.016,0.31,0
309,1464.81,898.893,16.5539,0.0007,0.953,0.823,0.014,0.015,0.31,0
445,1371.25,1454.58,17.0948,0.0009,1.271,1.184,0.024,0.03,0.31,0
758,714.092,1321.23,17.9751,0.0014,0.978,0.787,0.037,0.039,0.31,0
1156,756.227,1039.37,18.7419,0.0025,1.089,0.997,0.069,0.077,0.31,0
170,1040.39,864.414,15.5706,0.0006,1.28,1.173,0.01,0.012,0.308,0
126,1134.46,687.855,15.1565,0.0005,1.274,1.14,0.008,0.009,0.307,0
169,873.512,1369.14,15.754,0.0006,0.87,0.781,0.008,0.008,0.305,0
143,712.722,1074.02,15.4908,0.0006,0.937,0.83,0.006,0.006,0.304,0
160,1069.98,940.141,15.4282,0.0005,1.471,1.367,0.009,0.012,0.3,0
260,1347.37,897.803,15.933,0.0006,1.608,1.437,0.011,0.014,0.3,0
266,1251.24,981.688,15.9838,0.0006,1.607,1.456,0.012,0.016,0.3,0
878,1143.21,871.98,18.1638,0.002,1.003,0.825,0.048,0.049,0.3,0
148,988.48,882.599,15.4841,0.0006,1.027,0.941,0.008,0.009,0.299,0
166,1037.83,827.575,15.7223,0.0006,0.912,0.833,0.01,0.011,0.297,0
174,1039.14,1129.81,15.8248,0.0006,0.846,0.739,0.009,0.009,0.297,0
199,1181.68,1438.09,15.9751,0.0005,0.793,0.656,0.009,0.008,0.297,0
217,1053.24,720.653,15.9645,0.0007,0.984,0.854,0.011,0.01,0.296,0
123,874.228,734.322,15.3184,0.0005,0.824,0.7,0.008,0.008,0.291,0
252,763.829,968.998,16.1003,0.0009,1.373,1.192,0.022,0.025,0.29,0
1097,1444.58,1074.56,18.4945,0.0021,1.33,0.909,0.05,0.063,0.29,0
161,822.24,1495.51,15.6767,0.0006,0.967,0.909,0.008,0.008,0.284,0
81,1187.52,891.451,14.8655,0.0004,0.839,0.712,0.008,0.008,0.281,0
181,1413.0,1109.83,15.6545,0.0006,1.413,1.274,0.01,0.015,0.28,0
1076,764.19,1050.14,18.7463,0.0026,1.096,0.972,0.056,0.062,0.28,0
111,1040.17,620.753,15.2219,0.0005,0.761,0.621,0.007,0.007,0.279,0
73,1060.04,768.872,14.1619,0.0004,1.842,1.725,0.009,0.009,0.27,0
149,1221.86,1351.62,15.4162,0.0006,1.321,1.157,0.012,0.012,0.27,0
978,1099.35,1092.91,18.3432,0.002,1.159,0.989,0.047,0.06,0.27,0
115,774.18,1377.12,15.2349,0.0005,0.886,0.807,0.006,0.006,0.268,0
108,772.846,818.785,14.9694,0.0004,1.335,1.232,0.008,0.008,0.266,0
134,1539.25,1162.81,15.4527,0.0005,0.815,0.737,0.008,0.006,0.261,0
97,1349.3,1163.41,14.8295,0.0004,1.401,1.281,0.007,0.008,0.26,0
895,1105.81,1406.39,18.1224,0.0017,1.268,1.028,0.042,0.051,0.26,0
72,1379.85,1191.66,14.3452,0.0004,1.55,1.434,0.005,0.007,0.251,0
124,1187.62,852.53,14.8776,0.0004,1.747,1.606,0.009,0.012,0.25,0
48,941.505,1297.93,13.9573,0.0003,1.36,1.295,0.005,0.006,0.242,0
965,1305.29,767.882,18.143,0.0015,1.372,1.189,0.043,0.061,0.24,0
87,788.73,1245.07,14.8896,0.0004,0.995,0.89,0.006,0.006,0.232,0
567,1295.44,1014.67,17.4975,0.0012,1.037,0.956,0.028,0.028,0.23,0
24,916.643,1022.83,13.1809,0.0003,1.475,1.405,0.004,0.004,0.228,0
14,1280.76,1009.95,13.1263,0.0003,0.764,0.685,0.005,0.005,0.225,0
803,983.398,1023.86,18.1374,0.0017,1.215,1.012,0.04,0.047,0.22,0
5,908.398,804.426,10.4753,0.002,3.324,1.852,0.004,0.005,0.414,0
459,993.159,849.908,17.9175,0.0026,nan,0.94,nan,0.038,0.26,-1
653,921.13,823.076,17.6675,0.0027,nan,0.993,nan,0.032,0.54,-1
1037,669.803,1030.98,18.607,0.0024,nan,1.005,nan,0.072,0.64,-1
1181,1554.48,1152.08,18.8747,0.0025,nan,0.943,nan,0.086,0.78,-1
1215,1161.81,1545.04,18.8499,0.0025,nan,0.942,nan,0.089,0.79,-1
