ID,x,y,Gmag,e_Gmag,BV,UB,BVerr,UBerr,Plx,pmRA,pmDE,e_Plx,e_pmRA,e_pmDE,MP,sel
84,761.491,1382.19,14.0608,0.0003,0.661,0.039,0.004,0.006,1.3081,-7.477,-0.659,0.0179,0.033,0.031,0.797,1
44,1130.98,1162.32,13.1826,0.0003,0.818,0.202,0.003,0.005,0.8005,-6.539,3.157,0.0188,0.035,0.03,0.791,1
83,711.254,1435.85,14.1312,0.0004,0.253,0.188,0.005,0.005,0.4225,-4.361,1.632,0.0187,0.034,0.034,0.788,1
79,1274.46,1246.83,13.9772,0.0003,0.404,-0.028,0.005,0.006,0.6723,-11.36,6.415,0.0194,0.035,0.032,0.787,1
87,1069.88,1307.74,14.1089,0.0003,0.64,-0.028,0.004,0.006,0.9813,8.198,-4.313,0.02,0.036,0.034,0.787,1
46,1527.49,1459.75,13.4132,0.0005,0.162,-0.364,0.005,0.004,0.3705,-5.213,2.786,0.0211,0.037,0.036,0.786,1
61,931.794,1447.47,13.6955,0.0003,0.417,0.164,0.005,0.005,0.4674,-10.014,3.755,0.0192,0.033,0.032,0.786,1
62,1169.78,1403.39,13.8003,0.0003,0.243,0.193,0.005,0.005,0.4859,-5.546,3.545,0.0189,0.035,0.034,0.785,1
53,1294.14,994.457,13.3668,0.0002,1.065,0.663,0.004,0.008,0.5715,-2.108,-1.017,0.0171,0.03,0.03,0.783,1
77,762.923,1223.18,13.9852,0.0003,0.285,0.199,0.004,0.005,0.4601,-6.92,3.663,0.0198,0.035,0.033,0.78,1
50,1119.49,1553.79,13.3738,0.0003,0.584,0.331,0.005,0.008,0.3263,-8.948,6.013,0.0166,0.03,0.029,0.779,1
47,1267.86,1512.09,13.4226,0.0003,0.258,0.114,0.005,0.004,0.614,-4.354,3.889,0.0197,0.036,0.035,0.777,1
81,853.946,1389.19,13.9818,0.0003,0.418,0.035,0.004,0.005,0.544,-4.765,0.829,0.0204,0.036,0.04,0.777,1
72,990.899,866.298,13.8639,0.0006,0.393,-0.177,0.007,0.007,0.2899,-6.099,2.724,0.0179,0.032,0.03,0.773,1
68,1298.39,1445.06,13.2995,0.0002,1.203,1.089,0.005,0.015,0.1503,-5.142,2.774,0.0169,0.031,0.03,0.772,1
98,705.385,1248.6,14.2029,0.0003,0.761,0.113,0.004,0.008,1.7273,6.967,-5.062,0.0214,0.037,0.034,0.772,1
107,1562.17,1195.24,14.386,0.0003,0.669,0.123,0.004,0.008,0.9168,-5.273,2.282,0.023,0.042,0.038,0.772,1
10,926.496,1501.59,11.5859,0.0003,1.256,1.13,0.004,0.005,0.6659,-12.744,7.023,0.0246,0.047,0.045,0.771,1
89,659.804,1397.27,13.742,0.0003,1.514,1.311,0.005,0.029,0.3909,-7.903,3.905,0.017,0.032,0.031,0.77,1
82,1216.38,1490.46,13.9717,0.0004,0.584,-0.04,0.006,0.006,1.1939,-19.383,8.459,0.0227,0.04,0.041,0.764,1
67,1186.45,1335.26,13.206,0.0003,1.698,1.726,0.006,0.037,0.2773,-2.299,1.261,0.0188,0.032,0.033,0.759,1
19,1212.23,944.831,12.4968,0.0003,1.135,0.674,0.005,0.008,0.5125,-8.888,5.066,0.0285,0.051,0.046,0.751,1
349,1285.37,1579.03,16.2379,0.0081,0.77,0.083,0.01,0.028,nan,nan,nan,nan,nan,nan,0.737,1
234,1389.93,1352.3,15.5552,0.0005,0.589,-0.014,0.006,0.014,0.5127,-5.724,2.621,0.0328,0.059,0.053,0.717,1
226,1225.18,1655.13,15.4524,0.0005,0.668,0.018,0.008,0.015,0.3639,-7.986,5.003,0.0319,0.057,0.061,0.712,1
208,1123.49,1499.09,15.3201,0.0007,0.808,0.239,0.007,0.02,0.8297,-1.857,2.854,0.0281,0.056,0.054,0.711,1
217,1158.16,941.934,15.4158,0.0005,0.728,0.131,0.009,0.02,0.3815,-5.422,1.601,0.0326,0.059,0.05,0.71,1
242,1064.81,1515.33,15.5439,0.0005,0.737,0.088,0.007,0.016,0.6278,-7.804,7.233,0.0318,0.063,0.06,0.709,1
266,1453.77,1309.09,15.7621,0.0005,0.725,0.19,0.008,0.022,0.3042,-6.58,3.027,0.0346,0.062,0.058,0.702,1
262,1151.77,1147.71,15.8089,0.0006,0.617,-0.015,0.008,0.018,0.4393,-7.351,4.474,0.0352,0.063,0.06,0.695,1
267,1105.4,1083.51,15.7982,0.001,0.779,0.15,0.009,0.024,0.7608,-6.708,2.657,0.0366,0.066,0.061,0.691,1
294,1262.05,1246.98,15.9628,0.0006,0.63,-0.07,0.008,0.019,0.5633,2.474,4.031,0.0383,0.07,0.064,0.69,1
291,1122.42,1745.08,15.9094,0.0006,0.667,0.045,0.008,0.021,0.5193,-9.424,3.85,0.0364,0.07,0.067,0.689,1
292,1535.21,1202.43,15.8952,0.0005,0.865,0.291,0.01,0.032,0.46,-10.248,4.057,0.0367,0.066,0.062,0.687,1
280,687.711,1179.3,15.8487,0.0006,0.825,0.219,0.008,0.028,0.7788,-9.491,1.53,0.0389,0.072,0.064,0.685,1
314,1019.78,1242.49,16.0219,0.0006,0.656,-0.057,0.008,0.021,0.5666,-2.986,-0.544,0.0386,0.071,0.066,0.685,1
311,1365.52,1226.01,15.932,0.0006,0.829,0.195,0.008,0.033,0.5142,-6.435,8.806,0.0391,0.073,0.063,0.684,1
288,1400.61,1446.42,15.9349,0.0006,0.58,0.176,0.008,0.022,0.2839,-5.548,2.154,0.039,0.075,0.063,0.684,1
279,1230.51,1732.25,15.8139,0.0005,0.791,0.184,0.009,0.028,0.3731,-4.346,0.065,0.0342,0.066,0.068,0.68,1
307,1267.52,1127.65,16.0104,0.0006,0.656,0.225,0.009,0.027,0.424,-5.195,2.743,0.0386,0.07,0.065,0.68,1
300,681.682,1337.04,15.9463,0.0006,0.737,0.3,0.01,0.034,0.254,-7.011,4.146,0.0356,0.065,0.062,0.675,1
196,1010.82,1558.57,15.2874,0.0005,0.6,-0.091,0.021,0.04,0.6623,-8.156,2.985,0.0296,0.057,0.053,0.666,1
324,1318.66,1536.2,16.1022,0.0009,0.603,0.154,0.01,0.025,0.2323,-6.668,3.649,0.0415,0.082,0.077,0.654,1
26,856.473,1344.62,12.7985,0.0004,0.414,0.022,0.004,0.003,0.8134,-2.608,2.498,0.0245,0.046,0.045,0.783,0
136,1401.26,1279.7,14.7338,0.0003,0.576,-0.038,0.005,0.008,0.7815,-11.86,4.86,0.0229,0.041,0.039,0.772,0
135,921.437,1386.07,14.7717,0.0003,0.358,0.147,0.005,0.008,0.3015,-5.692,2.912,0.022,0.041,0.039,0.768,0
59,1300.2,1257.0,13.1409,0.0003,1.629,1.456,0.005,0.026,0.3156,-6.603,3.388,0.0186,0.034,0.031,0.767,0
96,1469.99,1418.65,14.2736,0.0003,0.472,0.183,0.006,0.007,0.4403,-7.945,4.514,0.0254,0.04,0.038,0.766,0
49,1517.32,1155.14,13.5111,0.0003,0.25,-0.234,0.008,0.005,0.3929,-5.133,3.572,0.0181,0.032,0.03,0.764,0
75,1271.9,972.042,13.8507,0.0002,0.609,-0.013,0.009,0.008,0.9714,-15.364,2.005,0.0187,0.034,0.033,0.758,0
2,1011.76,1381.11,10.9591,0.0004,0.455,0.091,0.007,0.005,1.2805,-13.108,9.951,0.027,0.051,0.05,0.756,0
97,1527.95,1254.31,13.8464,0.0003,1.472,1.256,0.005,0.033,0.3386,-5.654,2.324,0.0211,0.039,0.036,0.756,0
169,798.867,1392.32,15.0513,0.0004,0.519,-0.074,0.006,0.01,0.6293,-7.354,3.17,0.0267,0.047,0.046,0.756,0
118,1571.16,1461.01,14.5192,0.0004,0.631,0.04,0.006,0.008,0.9226,-12.284,6.516,0.0268,0.047,0.046,0.754,0
153,779.56,1473.18,14.7798,0.0003,0.782,0.161,0.006,0.013,0.2555,-6.921,4.162,0.0258,0.043,0.042,0.754,0
129,1520.41,1373.8,14.453,0.0003,1.036,0.793,0.006,0.02,2.4761,-29.029,17.707,0.0213,0.038,0.038,0.753,0
142,1570.67,1387.38,14.8572,0.0003,0.523,-0.036,0.006,0.009,0.5493,-5.806,2.854,0.0246,0.044,0.043,0.75,0
140,1015.59,1705.04,14.8113,0.0003,0.486,-0.048,0.007,0.009,0.5334,-2.734,3.85,0.0231,0.044,0.041,0.749,0
173,1551.84,1104.43,15.055,0.0003,0.676,0.074,0.006,0.011,0.7697,-6.189,2.556,0.0267,0.047,0.045,0.747,0
105,1350.37,1644.48,14.0022,0.0002,1.356,0.988,0.006,0.022,0.261,-3.732,2.517,0.0226,0.038,0.037,0.744,0
165,971.068,1581.52,15.0858,0.0004,0.376,0.261,0.006,0.01,0.3703,-7.298,3.473,0.0296,0.053,0.049,0.734,0
247,1461.59,1061.47,15.561,0.0005,0.947,0.559,0.008,0.032,0.9802,-17.968,3.545,0.0325,0.059,0.056,0.701,0
18,1111.21,1378.77,12.6049,0.0004,0.641,0.02,0.016,0.014,2.3867,-1.473,-7.457,0.0289,0.051,0.05,0.699,0
108,1156.8,1495.72,14.3575,0.0003,0.691,0.022,0.006,0.007,1.1653,-6.401,16.483,0.0539,0.096,0.088,0.69,0
148,1149.91,1561.23,14.8993,0.0003,0.62,0.245,0.029,0.032,0.3795,-4.512,3.089,0.0235,0.044,0.044,0.681,0
298,1106.93,1359.37,15.9366,0.0006,0.814,0.491,0.01,0.038,0.2849,-7.653,4.067,0.0373,0.068,0.064,0.673,0
310,988.341,961.824,15.8516,0.0006,0.915,0.288,0.01,0.038,0.3641,-8.428,4.568,0.0363,0.069,0.064,0.671,0
339,1349.07,1367.57,16.0023,0.0006,0.913,0.668,0.009,0.059,0.2365,-6.191,3.294,0.0438,0.073,0.066,0.671,0
143,1387.4,1458.26,14.8627,0.0004,0.526,0.268,0.006,0.011,0.4342,-5.403,2.93,0.0619,0.112,0.102,0.668,0
360,881.518,1084.35,16.2645,0.0006,0.718,0.063,0.01,0.031,0.4274,-5.959,2.768,0.0443,0.089,0.081,0.649,0
375,1388.51,1290.64,16.2629,0.0006,0.787,0.196,0.01,0.037,0.2647,-4.798,2.579,0.0462,0.088,0.077,0.644,0
131,1012.22,881.468,14.5009,0.0004,0.958,0.502,0.008,0.016,2.3083,-20.545,11.036,0.064,0.112,0.103,0.643,0
386,802.723,1096.96,16.3638,0.0007,0.717,0.091,0.01,0.036,0.4527,-5.119,2.514,0.0472,0.096,0.08,0.642,0
389,976.252,1329.84,16.3344,0.0006,0.777,0.103,0.01,0.037,0.4645,-7.592,3.386,0.0477,0.096,0.084,0.641,0
285,1145.19,868.961,15.8878,0.0006,0.751,0.145,0.096,0.031,0.7104,-3.753,1.681,0.0386,0.068,0.066,0.64,0
399,1315.65,1360.71,16.362,0.0006,0.811,0.26,0.011,0.044,0.3348,-6.827,4.151,0.0621,0.102,0.087,0.637,0
347,1415.37,914.158,16.0851,0.0006,1.036,0.503,0.013,0.078,0.5055,-10.648,4.606,0.0433,0.075,0.073,0.635,0
406,905.673,862.111,16.3431,0.0007,0.867,0.221,0.013,0.058,0.4007,-2.849,1.756,0.0488,0.092,0.081,0.633,0
411,975.469,1434.99,16.4158,0.0007,0.741,0.268,0.011,0.046,0.2916,-6.395,4.341,0.0479,0.098,0.084,0.633,0
382,1467.55,1449.34,16.3574,0.0007,0.665,0.2,0.011,0.037,0.1864,-5.77,3.963,0.0491,0.093,0.082,0.631,0
400,1165.83,872.234,16.2958,0.0007,1.006,0.386,0.014,0.07,0.4289,-2.859,4.275,0.0488,0.088,0.078,0.629,0
410,934.959,1171.53,16.3975,0.0008,0.8,0.291,0.012,0.048,0.3068,-7.617,3.58,0.049,0.097,0.087,0.629,0
404,722.033,1592.77,16.4073,0.0007,0.712,0.074,0.012,0.04,0.4512,-9.562,4.665,0.0513,0.098,0.086,0.625,0
409,1397.62,1541.95,16.4152,0.0007,0.888,0.355,0.011,0.057,0.7196,-7.395,4.842,0.0523,0.102,0.083,0.624,0
415,1431.21,1100.72,16.3864,0.0007,0.88,0.153,0.012,0.055,0.3144,-4.901,1.343,0.0542,0.102,0.092,0.621,0
432,1063.69,1443.37,16.5119,0.0007,0.762,0.192,0.012,0.042,0.3412,-4.759,2.208,0.0508,0.107,0.096,0.613,0
458,842.694,1104.14,16.7178,0.0007,0.762,0.04,0.013,0.042,0.4037,-5.501,4.991,0.0565,0.114,0.096,0.602,0
228,887.364,1512.75,15.4566,0.0005,0.7,-0.042,0.007,0.015,0.6739,-3.157,-3.222,0.1081,0.21,0.202,0.599,0
115,1231.33,1499.86,14.4881,0.0015,0.619,0.034,0.006,0.008,0.4681,-8.555,4.395,0.1699,0.309,0.294,0.598,0
457,1231.93,959.007,16.6437,0.0008,0.888,0.312,0.018,0.094,0.4739,-5.067,1.582,0.0572,0.107,0.089,0.597,0
448,1417.79,1229.28,16.5989,0.0009,0.81,0.412,0.014,0.062,0.239,-8.99,6.162,0.0637,0.131,0.112,0.593,0
483,1396.65,1053.15,16.7676,0.0008,0.77,0.22,0.014,0.058,0.3158,-5.51,3.439,0.0607,0.121,0.108,0.591,0
585,1402.26,1520.49,17.0604,0.0009,0.795,-0.014,0.018,0.066,0.4864,-7.292,2.957,0.0731,0.141,0.115,0.583,0
9,1501.63,1299.97,11.9375,0.0025,0.081,-0.015,0.006,0.004,nan,nan,nan,nan,nan,nan,0.582,0
85,1082.96,1167.03,13.8272,0.0006,1.115,0.57,0.004,0.014,0.0,-7.961,4.725,0.5275,1.003,0.885,0.575,0
543,1224.18,1365.92,16.9685,0.0009,0.769,-0.044,0.016,0.06,0.5201,-6.118,6.746,0.0751,0.141,0.122,0.565,0
568,1257.94,1607.35,17.0502,0.0009,0.71,0.14,0.018,0.067,0.5259,-4.97,2.232,0.0694,0.141,0.123,0.561,0
469,1140.9,1689.07,16.7276,0.0008,0.741,0.094,0.015,0.049,0.4938,-7.594,4.183,0.0885,0.181,0.159,0.558,0
255,851.124,967.152,15.6996,0.0026,0.842,0.216,0.009,0.024,nan,nan,nan,nan,nan,nan,0.531,0
343,1448.33,1053.63,16.22,0.0029,0.751,0.308,0.01,0.04,1.4323,-6.26,1.823,0.2566,0.456,0.428,0.511,0
66,889.28,1438.01,12.6047,0.0004,2.362,nan,0.006,nan,0.1241,-4.956,4.005,0.0295,0.055,0.053,0.71,-1
152,1091.49,977.651,14.432,0.0004,1.593,nan,0.009,nan,0.2963,-6.778,5.495,0.023,0.04,0.038,0.72,-1
216,1383.9,1229.3,14.928,0.0004,1.59,nan,0.009,nan,0.2828,-4.801,2.471,0.0281,0.053,0.049,0.71,-1
295,1407.33,1125.67,14.9344,0.0005,2.292,nan,0.02,nan,0.1934,-4.842,3.288,0.037,0.068,0.067,0.65,-1
306,1090.1,1261.77,15.5067,0.0004,1.427,nan,0.011,nan,2.7763,-53.298,40.784,0.0371,0.069,0.06,0.67,-1
330,1426.93,1466.92,15.4565,0.0007,1.779,nan,0.014,nan,-0.0617,-7.343,4.766,0.109,0.195,0.176,0.56,-1
338,1575.0,1278.73,15.8636,0.0006,1.322,nan,0.011,nan,0.273,-3.681,3.421,0.0383,0.072,0.063,0.67,-1
357,1186.43,1157.95,16.1896,0.0009,0.801,nan,0.011,nan,0.2268,-4.62,3.472,0.0598,0.113,0.1,0.6,-1
383,931.014,1426.23,15.5329,0.0006,1.911,nan,0.022,nan,0.1989,-4.733,2.037,0.0333,0.064,0.069,0.65,-1
393,1013.5,872.902,16.0147,0.0008,1.324,nan,0.015,nan,2.0725,-19.526,9.762,0.0459,0.081,0.074,0.64,-1
398,682.728,1518.87,16.3018,0.0006,0.98,nan,0.013,nan,0.9583,-10.442,2.859,0.0451,0.093,0.076,0.64,-1
405,1320.94,1027.57,16.2531,0.0025,1.153,nan,0.014,nan,0.3223,-5.218,3.49,0.0446,0.078,0.077,0.65,-1
407,1183.73,1602.81,16.4437,0.0007,0.703,nan,0.012,nan,0.4573,-7.321,2.77,0.0509,0.107,0.095,0.62,-1
429,898.396,1466.61,16.4402,0.0007,1.002,nan,0.014,nan,0.3558,-7.321,6.209,0.0508,0.097,0.085,0.62,-1
430,1354.68,1619.85,16.5148,0.0007,0.909,nan,0.014,nan,0.6733,-4.159,-0.045,0.0555,0.104,0.095,0.6,-1
436,1198.46,1126.13,16.4857,0.0014,0.958,nan,0.014,nan,0.3172,-5.065,3.455,0.0524,0.101,0.087,0.63,-1
446,1410.76,1254.04,15.8601,0.0007,1.878,nan,0.019,nan,0.1498,-3.211,1.653,0.041,0.078,0.067,0.65,-1
497,1423.63,1225.8,16.6059,0.0009,1.209,nan,0.019,nan,0.2082,-5.05,-0.784,0.0611,0.135,0.114,0.58,-1
452,1094.21,1078.02,16.5187,0.0009,1.147,nan,0.015,nan,0.7773,-6.519,2.27,0.0589,0.108,0.095,0.61,-1
456,1527.85,1217.95,16.2204,0.0007,1.585,nan,0.021,nan,0.2613,-4.217,-0.025,0.0448,0.081,0.077,0.63,-1
459,1294.95,876.703,16.6076,0.0007,1.006,nan,0.017,nan,0.8873,-10.18,3.083,0.0556,0.107,0.097,0.61,-1
467,1522.53,1521.89,16.4861,0.0009,1.174,nan,0.025,nan,0.2398,-6.232,3.623,0.053,0.108,0.087,0.59,-1
1093,1152.44,1688.12,18.2469,0.0016,0.916,nan,0.058,nan,0.401,-6.917,3.279,0.1409,0.259,0.236,0.48,-1
471,1180.26,1444.27,16.626,0.0007,1.078,nan,0.017,nan,0.3609,-9.09,4.042,0.0534,0.108,0.093,0.6,-1
485,843.975,1700.28,16.7085,0.0007,0.928,nan,0.015,nan,0.4689,-9.942,8.05,0.0572,0.114,0.098,0.6,-1
489,927.33,1272.7,16.3724,0.0008,1.289,nan,0.02,nan,0.2776,-5.234,3.082,0.06,0.103,0.099,0.61,-1
493,1563.85,1262.24,15.5053,0.0011,2.128,nan,0.028,nan,-0.6773,-5.252,5.887,0.1812,0.33,0.292,0.5,-1
494,757.885,1129.79,16.6244,0.0008,1.126,nan,0.017,nan,1.3135,12.25,-5.563,0.0559,0.113,0.091,0.61,-1
498,1034.84,1745.98,16.9551,0.0019,0.947,nan,0.024,nan,0.379,-1.155,-1.575,0.192,0.424,0.373,0.47,-1
501,1577.55,1336.79,16.7463,0.0008,0.863,nan,0.017,nan,0.3806,-6.204,4.436,0.0635,0.125,0.111,0.59,-1
503,1525.77,1395.0,16.7982,0.0007,0.939,nan,0.023,nan,0.3274,-5.023,1.997,0.0607,0.119,0.109,0.57,-1
510,1374.44,955.129,16.8156,0.0008,0.754,nan,0.016,nan,0.3946,-8.951,7.334,0.063,0.126,0.107,0.58,-1
511,1038.82,1177.52,16.648,0.0007,1.179,nan,0.018,nan,1.3483,-17.763,11.264,0.0606,0.123,0.095,0.61,-1
526,1173.9,1472.86,17.1258,0.0028,1.078,nan,0.043,nan,0.1884,-6.515,2.244,0.1635,0.321,0.281,0.48,-1
530,1056.46,1224.06,16.7644,0.0007,0.999,nan,0.017,nan,0.1741,-7.095,4.146,0.0601,0.115,0.1,0.59,-1
532,802.383,1668.42,16.0678,0.0007,2.087,nan,0.028,nan,0.1462,-5.529,3.637,0.046,0.093,0.079,0.61,-1
533,959.567,1094.02,16.8762,0.0057,1.337,nan,0.022,nan,0.4702,-3.448,0.758,0.225,0.489,0.401,0.47,-1
547,841.774,1403.49,16.7368,0.0008,1.059,nan,0.017,nan,0.1199,-5.214,3.211,0.0594,0.111,0.097,0.61,-1
560,1196.15,1768.4,16.9899,0.0014,0.922,nan,0.02,nan,0.627,-6.534,0.546,0.1015,0.205,0.182,0.53,-1
563,1396.34,1311.99,16.833,0.0007,1.17,nan,0.019,nan,0.3582,-8.367,3.011,0.0616,0.118,0.103,0.59,-1
566,1492.95,1088.18,16.8819,0.0008,1.046,nan,0.021,nan,0.0113,-5.245,2.009,0.0842,0.165,0.144,0.55,-1
569,985.521,1473.79,17.0664,0.0009,0.734,nan,0.02,nan,0.4488,-3.083,-1.904,0.0687,0.138,0.117,0.57,-1
570,1000.17,1461.33,15.9994,0.0008,2.304,nan,0.037,nan,0.1548,-3.584,2.353,0.0506,0.1,0.096,0.6,-1
574,926.71,1012.3,17.0212,0.0008,0.906,nan,0.02,nan,0.3189,-4.91,2.26,0.0656,0.132,0.114,0.56,-1
582,905.621,1112.19,17.0353,0.0012,1.044,nan,0.02,nan,0.5268,-6.037,3.086,0.084,0.186,0.159,0.55,-1
584,1343.13,1665.59,16.8429,0.0009,1.294,nan,0.022,nan,0.1467,-4.92,4.56,0.0702,0.142,0.131,0.57,-1
588,984.36,1295.46,17.0672,0.0008,0.884,nan,0.018,nan,0.669,-10.028,8.993,0.0715,0.139,0.124,0.56,-1
591,1020.63,1088.1,17.0851,0.001,0.912,nan,0.019,nan,0.3409,-8.527,4.756,0.076,0.138,0.125,0.57,-1
595,1442.86,1105.12,17.0302,0.0008,0.905,nan,0.019,nan,0.2959,-3.097,2.251,0.0729,0.143,0.129,0.55,-1
599,1170.19,1237.45,17.0894,0.0008,0.888,nan,0.021,nan,0.5592,-5.159,4.753,0.0732,0.149,0.126,0.55,-1
601,699.545,1586.98,17.1067,0.0013,0.871,nan,0.021,nan,0.4273,-6.333,2.273,0.0825,0.158,0.144,0.55,-1
602,1251.33,1578.02,16.2614,0.0008,2.003,nan,0.04,nan,0.1294,-3.712,1.83,0.0521,0.097,0.092,0.61,-1
606,856.745,1643.99,17.098,0.0009,1.019,nan,0.019,nan,0.7366,-10.222,3.963,0.0683,0.137,0.116,0.58,-1
607,1482.74,1350.54,16.384,0.0007,2.062,nan,0.038,nan,0.323,-5.678,4.094,0.0617,0.117,0.109,0.58,-1
608,1425.61,1352.5,17.1485,0.001,0.908,nan,0.02,nan,0.5517,-6.961,1.498,0.0756,0.134,0.13,0.67,-1
613,935.453,1634.75,17.0772,0.0009,1.055,nan,0.022,nan,0.4016,-5.946,3.137,0.0688,0.142,0.122,0.57,-1
614,711.15,1368.07,16.1275,0.0008,2.063,nan,0.042,nan,0.0151,-5.375,2.92,0.0533,0.095,0.091,0.61,-1
616,890.512,1522.01,17.1426,0.001,0.762,nan,0.021,nan,0.2075,-8.217,5.531,0.0723,0.156,0.14,0.54,-1
617,1308.7,1585.49,17.1741,0.0009,0.84,nan,0.02,nan,0.4703,-7.775,0.585,0.0732,0.133,0.127,0.57,-1
619,1334.32,1143.54,17.1475,0.001,0.897,nan,0.021,nan,0.2873,-4.914,1.559,0.0693,0.128,0.115,0.57,-1
633,1508.06,1382.42,17.1496,0.0012,0.919,nan,0.023,nan,0.622,-7.379,2.333,0.0748,0.139,0.134,0.67,-1
636,867.716,1329.79,17.1561,0.0009,1.019,nan,0.022,nan,0.5463,-7.9,5.155,0.0689,0.131,0.12,0.57,-1
638,1497.94,1226.01,17.1779,0.0009,0.967,nan,0.023,nan,0.4741,-8.227,7.588,0.0746,0.141,0.128,0.56,-1
643,1026.73,1360.82,17.3728,0.002,0.919,nan,0.034,nan,0.559,-7.583,6.637,0.082,0.172,0.151,0.55,-1
653,800.862,1118.2,16.3785,0.0008,2.184,nan,0.045,nan,0.1804,-4.356,2.835,0.0534,0.116,0.091,0.59,-1
654,1184.2,1298.15,17.1121,0.0014,1.177,nan,0.024,nan,0.1254,-4.863,2.826,0.0895,0.167,0.149,0.55,-1
656,1494.35,1429.2,17.2606,0.0009,0.907,nan,0.021,nan,0.4776,-0.459,7.569,0.084,0.138,0.126,0.55,-1
661,972.302,1033.29,17.2956,0.0009,0.985,nan,0.024,nan,0.5923,-6.372,1.104,0.0772,0.14,0.129,0.56,-1
662,1368.68,1083.39,17.2344,0.0011,1.031,nan,0.025,nan,0.0215,-6.271,2.311,0.0848,0.157,0.155,0.55,-1
664,1011.73,1597.2,16.9586,0.001,1.387,nan,0.029,nan,1.5089,-2.196,-16.147,0.0662,0.141,0.116,0.57,-1
672,1483.3,1189.18,16.9068,0.0016,1.202,nan,0.026,nan,0.2915,-5.043,3.59,0.068,0.132,0.118,0.57,-1
675,1186.02,853.7,17.2258,0.0009,1.039,nan,0.028,nan,0.2747,-5.645,4.989,0.0743,0.128,0.116,0.56,-1
678,1446.24,1126.63,17.3469,0.0011,0.909,nan,0.025,nan,0.2617,-5.188,2.937,0.0876,0.163,0.155,0.69,-1
683,878.504,1432.34,17.305,0.0021,0.945,nan,0.025,nan,0.9109,-8.378,5.089,0.1149,0.187,0.207,0.53,-1
688,1401.82,1104.63,17.4553,0.0019,0.882,nan,0.024,nan,0.666,-4.907,2.122,0.0846,0.16,0.147,0.55,-1
696,1242.17,953.599,16.8723,0.0016,1.363,nan,0.04,nan,0.4424,-5.382,3.244,0.0728,0.135,0.115,0.57,-1
698,1040.13,1701.42,17.3888,0.001,0.857,nan,0.022,nan,0.366,-3.968,3.829,0.0784,0.15,0.134,0.56,-1
707,972.307,1347.88,17.35,0.0011,1.031,nan,0.027,nan,0.2254,-4.69,3.092,0.0951,0.192,0.172,0.69,-1
709,1086.88,1243.83,17.3439,0.0011,0.992,nan,0.026,nan,0.4048,-7.425,6.17,0.084,0.155,0.136,0.56,-1
710,943.089,981.593,17.3917,0.0014,1.044,nan,0.034,nan,0.5075,-6.438,3.183,0.1058,0.192,0.182,0.52,-1
716,1308.27,1080.54,17.453,0.0012,0.946,nan,0.024,nan,0.3717,-6.348,4.934,0.0891,0.159,0.153,0.54,-1
720,1368.45,1623.52,17.3402,0.0011,1.082,nan,0.029,nan,0.7708,-4.883,4.968,0.0814,0.144,0.136,0.56,-1
721,1221.95,1521.4,17.2668,0.001,1.112,nan,0.028,nan,0.8831,3.474,-6.022,0.0755,0.146,0.13,0.55,-1
722,1112.01,1673.41,17.351,0.0017,1.049,nan,0.029,nan,0.3341,-8.691,3.223,0.1172,0.221,0.208,0.52,-1
733,1126.53,1618.39,17.4897,0.0011,0.906,nan,0.025,nan,0.5537,-4.571,4.281,0.0838,0.157,0.143,0.55,-1
743,655.119,1324.95,17.1145,0.0009,1.517,nan,0.04,nan,0.3046,-6.381,3.573,0.0689,0.134,0.115,0.56,-1
1269,881.518,1717.05,18.6622,0.0024,1.0,nan,0.083,nan,0.4411,-10.254,5.186,0.1696,0.32,0.291,0.48,-1
748,871.573,1542.45,16.7906,0.0008,1.945,nan,0.06,nan,0.1327,-5.492,3.391,0.0683,0.146,0.116,0.56,-1
758,1297.37,1385.88,17.5257,0.0011,1.039,nan,0.027,nan,0.2938,-8.554,6.273,0.0916,0.161,0.143,0.55,-1
761,1486.62,1567.59,17.549,0.0011,0.868,nan,0.028,nan,0.5246,-7.029,1.712,0.0879,0.158,0.147,0.55,-1
764,1084.87,951.264,17.3378,0.001,1.228,nan,0.039,nan,0.1916,-6.818,3.202,0.084,0.144,0.131,0.56,-1
765,801.588,1679.74,17.5724,0.0013,0.98,nan,0.035,nan,0.3475,-5.495,2.683,0.0873,0.175,0.15,0.54,-1
766,997.99,1161.81,17.5187,0.0012,1.005,nan,0.03,nan,0.4069,-5.67,2.756,0.0952,0.174,0.148,0.54,-1
776,887.234,1366.62,17.3723,0.0011,1.257,nan,0.033,nan,0.0198,-5.586,3.117,0.0881,0.153,0.151,0.54,-1
786,1544.8,1132.34,17.5513,0.0011,1.062,nan,0.03,nan,0.2361,-5.911,4.182,0.0879,0.155,0.146,0.55,-1
792,739.966,1367.84,17.6568,0.0012,0.942,nan,0.029,nan,0.2177,-6.095,3.288,0.1015,0.185,0.17,0.67,-1
799,899.654,1271.69,17.65,0.0012,0.95,nan,0.029,nan,0.2847,-5.789,3.845,0.0969,0.175,0.165,0.68,-1
802,1327.66,1365.35,17.4917,0.001,1.157,nan,0.035,nan,0.3636,-5.167,2.208,0.0959,0.161,0.142,0.55,-1
803,853.851,1534.81,17.6412,0.0012,0.903,nan,0.032,nan,0.1936,-5.244,3.142,0.0951,0.185,0.161,0.55,-1
811,792.483,1292.94,17.5148,0.0012,1.248,nan,0.035,nan,0.2295,-5.225,2.393,0.0863,0.158,0.155,0.54,-1
813,1148.77,1751.89,17.7386,0.0012,1.02,nan,0.032,nan,0.3999,-5.903,2.969,0.0962,0.185,0.164,0.53,-1
818,1169.38,1769.11,17.5045,0.001,1.162,nan,0.039,nan,0.1022,-4.495,2.3,0.0832,0.166,0.154,0.53,-1
824,1450.28,1144.12,17.6979,0.0012,0.926,nan,0.032,nan,0.5422,-16.996,9.634,0.0943,0.176,0.167,0.54,-1
826,745.657,1379.18,17.7734,0.0013,0.957,nan,0.031,nan,0.5004,-3.264,1.081,0.0958,0.175,0.16,0.54,-1
827,1396.81,1684.11,17.7059,0.0013,1.024,nan,0.036,nan,0.361,-9.089,2.173,0.1014,0.185,0.169,0.53,-1
838,1340.6,1150.76,17.672,0.0012,1.046,nan,0.036,nan,0.4562,-8.626,4.685,0.1088,0.196,0.182,0.53,-1
842,831.459,1254.39,17.8028,0.0016,1.022,nan,0.034,nan,0.4305,-5.892,3.021,0.1009,0.178,0.164,0.53,-1
854,1455.02,1554.49,17.6877,0.0012,1.12,nan,0.042,nan,0.8563,-7.106,3.511,0.0936,0.169,0.155,0.54,-1
859,870.187,1580.55,17.7877,0.0016,1.044,nan,0.036,nan,0.4062,-6.284,5.699,0.176,0.335,0.305,0.48,-1
860,1018.47,1003.55,16.5954,0.0009,2.497,nan,0.099,nan,0.0743,-4.289,-0.157,0.0745,0.146,0.128,0.55,-1
866,987.012,1235.57,17.8791,0.0035,1.036,nan,0.039,nan,0.2782,-6.605,3.385,0.1621,0.28,0.249,0.64,-1
869,1104.4,1403.03,17.9254,0.0017,0.954,nan,0.039,nan,0.0827,-8.516,3.441,0.117,0.217,0.198,0.51,-1
870,682.937,1470.56,17.8797,0.0015,0.934,nan,0.04,nan,0.3265,-7.911,2.892,0.1027,0.192,0.169,0.52,-1
882,1204.36,1424.28,17.9101,0.0014,1.023,nan,0.038,nan,0.7054,-5.936,2.904,0.1101,0.201,0.184,0.52,-1
883,988.084,1456.76,17.6217,0.0011,1.175,nan,0.041,nan,0.0195,-4.119,2.651,0.0904,0.17,0.157,0.53,-1
885,1228.17,883.481,17.8903,0.0014,1.088,nan,0.052,nan,0.3081,-5.326,2.964,0.1193,0.202,0.192,0.64,-1
889,1216.72,1583.69,17.6984,0.0064,1.126,nan,0.042,nan,0.3378,-3.422,0.92,0.0996,0.186,0.172,0.54,-1
890,1278.47,1351.04,17.0043,0.0016,2.19,nan,0.082,nan,0.0098,-8.641,3.974,0.0851,0.148,0.125,0.56,-1
901,718.124,1041.89,17.8565,0.0013,0.985,nan,0.039,nan,0.2478,-8.92,4.759,0.1001,0.188,0.173,0.52,-1
903,1276.66,1457.15,17.6734,0.0013,1.204,nan,0.049,nan,-0.0056,-5.054,2.752,0.1044,0.184,0.174,0.54,-1
908,1572.36,1223.44,17.9557,0.0014,0.934,nan,0.037,nan,0.5507,-4.908,3.97,0.1149,0.205,0.189,0.51,-1
909,1112.22,1782.19,17.7843,0.0012,1.103,nan,0.042,nan,0.2454,-5.316,3.332,0.0981,0.18,0.169,0.53,-1
932,1542.65,1100.68,18.0266,0.0021,1.053,nan,0.054,nan,0.5753,-4.15,3.203,0.1298,0.255,0.218,0.49,-1
938,1432.13,1071.08,17.2183,0.001,2.145,nan,0.078,nan,0.153,-6.703,3.159,0.0728,0.136,0.126,0.55,-1
943,1041.73,1661.6,17.2426,0.0009,2.034,nan,0.081,nan,0.0419,-5.885,4.661,0.0761,0.141,0.131,0.56,-1
946,1587.89,1391.58,17.5847,0.0011,1.447,nan,0.05,nan,-0.01,-4.457,2.859,0.0949,0.172,0.165,0.53,-1
949,1305.75,1306.83,17.9861,0.0016,1.156,nan,0.043,nan,0.2893,-6.09,2.959,0.1243,0.233,0.203,0.51,-1
956,1045.98,1141.79,17.7376,0.0025,1.314,nan,0.049,nan,0.3672,-4.781,3.37,0.1051,0.184,0.163,0.53,-1
970,743.735,1194.87,17.7934,0.0013,1.341,nan,0.054,nan,0.1162,-7.5,4.011,0.0963,0.178,0.164,0.54,-1
975,1384.3,1493.69,18.0001,0.0018,1.067,nan,0.047,nan,0.2655,-7.912,3.285,0.1558,0.277,0.237,0.5,-1
979,998.311,1632.94,17.9081,0.0014,1.1,nan,0.044,nan,0.277,-7.225,4.704,0.1116,0.208,0.199,0.51,-1
984,998.943,1130.21,17.9293,0.0014,1.189,nan,0.051,nan,0.1603,-4.907,2.931,0.1164,0.209,0.194,0.5,-1
985,1016.18,1506.44,18.0642,0.0017,1.046,nan,0.049,nan,0.3003,-5.75,4.918,0.1205,0.229,0.2,0.51,-1
987,1070.73,1490.68,17.7836,0.0012,1.298,nan,0.051,nan,0.1216,-6.742,1.431,0.103,0.198,0.187,0.52,-1
989,1138.98,998.354,18.1004,0.0016,1.139,nan,0.047,nan,0.5194,-10.149,5.156,0.1291,0.227,0.202,0.52,-1
992,712.444,1402.15,17.8158,0.0013,1.355,nan,0.057,nan,0.3276,-5.103,3.967,0.103,0.184,0.17,0.54,-1
996,1164.29,1302.54,18.0633,0.0017,1.069,nan,0.051,nan,0.3066,-6.198,2.02,0.1346,0.257,0.219,0.5,-1
1001,737.373,1332.35,17.1461,0.0009,2.155,nan,0.086,nan,0.1782,-3.587,2.797,0.0754,0.143,0.133,0.55,-1
1003,866.961,1295.5,17.9765,0.0015,1.128,nan,0.045,nan,0.5852,-8.191,4.088,0.1126,0.207,0.198,0.51,-1
1007,1152.73,1014.4,18.0469,0.0017,1.354,nan,0.064,nan,0.8203,-5.303,0.872,0.1353,0.245,0.211,0.48,-1
1009,1147.57,1014.47,18.0331,0.0017,1.201,nan,0.07,nan,0.2083,-7.702,3.598,0.1402,0.258,0.213,0.38,-1
1011,787.036,1340.09,18.0196,0.0016,1.013,nan,0.053,nan,0.179,-8.624,4.187,0.1246,0.225,0.191,0.51,-1
1016,1489.47,1136.98,17.8406,0.0016,1.214,nan,0.054,nan,0.0458,-4.197,3.515,0.1352,0.237,0.221,0.51,-1
1019,1504.98,1069.9,18.0955,0.0016,0.963,nan,0.046,nan,0.6359,-3.278,7.197,0.1341,0.244,0.221,0.43,-1
1029,783.685,1495.43,18.1186,0.0016,1.021,nan,0.049,nan,0.4515,-6.703,2.553,0.1288,0.237,0.208,0.51,-1
1033,675.125,1545.92,17.983,0.0022,1.208,nan,0.052,nan,0.4829,-5.641,1.992,0.1454,0.291,0.242,0.5,-1
1056,819.853,1422.02,17.9636,0.0015,1.117,nan,0.051,nan,0.2511,-6.069,3.588,0.136,0.243,0.216,0.5,-1
1059,1407.33,1237.32,18.2713,0.0017,0.794,nan,0.047,nan,0.6417,12.237,-7.379,0.1366,0.255,0.223,0.51,-1
1060,1278.6,1535.12,18.109,0.0017,1.075,nan,0.054,nan,0.4587,-2.087,0.318,0.1212,0.233,0.217,0.5,-1
1081,1410.03,1092.98,18.1725,0.0016,1.02,nan,0.059,nan,0.3867,-4.966,4.274,0.1263,0.234,0.221,0.51,-1
1102,1500.75,1038.96,17.7715,0.0013,1.522,nan,0.08,nan,0.2273,-4.933,2.904,0.1082,0.198,0.184,0.52,-1
1118,1352.32,1168.43,18.0113,0.0021,1.368,nan,0.064,nan,0.2278,-5.854,3.58,0.1327,0.251,0.223,0.51,-1
1119,1480.23,1133.16,18.0997,0.0018,1.23,nan,0.068,nan,0.1809,-4.939,3.427,0.1492,0.272,0.247,0.52,-1
1122,633.656,1387.36,18.0784,0.0016,1.457,nan,0.084,nan,0.1998,-3.958,2.78,0.1318,0.245,0.229,0.49,-1
1124,1111.46,1034.19,18.1108,0.0015,1.233,nan,0.065,nan,0.4904,-3.879,2.847,0.1368,0.222,0.198,0.53,-1
1137,1433.95,1171.75,18.2167,0.0058,1.314,nan,0.076,nan,nan,nan,nan,nan,nan,nan,0.15,-1
1139,1142.19,1382.03,18.4503,0.0021,1.093,nan,0.058,nan,0.6197,-5.255,3.211,0.1541,0.282,0.271,0.66,-1
1145,960.69,1498.29,18.5232,0.0021,0.998,nan,0.058,nan,0.5124,-2.663,3.742,0.1656,0.297,0.271,0.48,-1
1148,640.386,1249.34,18.2368,0.0017,1.266,nan,0.073,nan,0.2119,-5.324,2.839,0.1319,0.239,0.218,0.51,-1
1153,1275.33,1161.69,18.4935,0.0023,0.75,nan,0.063,nan,0.2596,-7.753,1.985,0.1637,0.308,0.27,0.62,-1
1154,1392.91,1404.38,18.1379,0.0016,1.163,nan,0.064,nan,0.3696,-4.791,4.825,0.1335,0.232,0.212,0.5,-1
1162,894.703,908.385,18.2708,0.0016,1.231,nan,0.084,nan,0.1346,-8.661,4.528,0.1303,0.24,0.222,0.5,-1
1167,1222.28,1177.62,18.4435,0.002,1.023,nan,0.066,nan,0.0964,-5.678,3.346,0.1496,0.282,0.244,0.66,-1
1172,835.503,1447.3,18.2595,0.002,1.436,nan,0.085,nan,0.4068,-3.485,1.623,0.1467,0.245,0.231,0.51,-1
1175,1406.12,1553.93,18.5297,0.0021,1.219,nan,0.076,nan,0.3002,-8.456,2.293,0.1563,0.284,0.255,0.49,-1
1176,1236.08,1771.7,18.1572,0.0018,1.318,nan,0.073,nan,0.1272,-4.284,3.599,0.1382,0.242,0.226,0.51,-1
1178,1050.37,1577.69,18.4616,0.002,1.009,nan,0.064,nan,0.1902,-2.786,-0.907,0.1535,0.288,0.271,0.48,-1
1179,831.011,1467.5,18.4715,0.002,1.141,nan,0.067,nan,0.6166,-0.559,-1.389,0.1634,0.285,0.261,0.48,-1
1181,1422.11,1290.83,18.4271,0.0021,0.975,nan,0.065,nan,0.3449,-8.409,4.263,0.1518,0.274,0.252,0.5,-1
1185,1003.66,1316.8,18.3126,0.0018,1.072,nan,0.076,nan,0.3228,-5.804,2.158,0.1538,0.274,0.268,0.5,-1
1188,1456.07,1414.8,18.499,0.0024,1.125,nan,0.067,nan,0.4916,-6.339,2.789,0.2134,0.348,0.304,0.65,-1
1189,784.939,1408.37,17.9967,0.0028,1.366,nan,0.085,nan,0.3837,-5.422,2.823,0.1349,0.221,0.199,0.53,-1
1190,753.82,1502.94,18.3897,0.0023,1.306,nan,0.086,nan,0.2949,-4.859,2.108,0.1605,0.295,0.256,0.48,-1
1193,1195.74,1133.69,18.4028,0.002,0.948,nan,0.078,nan,0.2431,-8.905,3.293,0.1462,0.263,0.241,0.49,-1
1194,1365.93,1696.41,18.4061,0.002,1.225,nan,0.082,nan,-0.0863,-5.929,3.847,0.1485,0.282,0.254,0.49,-1
1201,1373.09,1184.2,18.5804,0.0021,1.097,nan,0.065,nan,-0.1086,-3.828,-0.619,0.1646,0.304,0.281,0.49,-1
1205,1523.87,1082.17,17.9151,0.0014,1.574,nan,0.096,nan,1.513,-15.946,3.388,0.1154,0.209,0.195,0.52,-1
1208,1157.24,1432.43,18.3646,0.0019,1.244,nan,0.079,nan,0.1927,-5.744,3.814,0.1434,0.268,0.246,0.49,-1
1209,664.358,1123.51,18.8256,0.0037,0.994,nan,0.093,nan,0.5545,-7.616,3.726,0.2815,0.668,0.667,0.43,-1
1215,766.971,1529.35,18.6103,0.0026,1.301,nan,0.085,nan,0.2757,-6.047,4.825,0.1803,0.365,0.319,0.64,-1
1216,1098.13,1709.08,18.5513,0.0022,1.095,nan,0.076,nan,0.5834,-11.186,5.759,0.1649,0.306,0.268,0.48,-1
1223,1342.89,1303.74,18.5628,0.0021,0.981,nan,0.066,nan,0.0151,-5.992,3.378,0.1586,0.29,0.261,0.49,-1
1225,1519.35,1071.61,18.6482,0.0021,1.151,nan,0.074,nan,0.1988,-4.674,3.336,0.1682,0.302,0.282,0.47,-1
1235,865.342,1308.44,18.6871,0.0026,1.277,nan,0.076,nan,0.5825,-7.053,4.69,0.207,0.39,0.357,0.62,-1
1241,1222.28,834.113,18.5145,0.0022,1.132,nan,0.098,nan,0.36,-5.821,3.534,0.1726,0.299,0.282,0.64,-1
1252,838.651,1122.84,18.6049,0.0025,1.013,nan,0.076,nan,0.4018,-6.888,4.505,0.1673,0.317,0.276,0.65,-1
1264,744.207,1582.77,18.734,0.0049,1.281,nan,0.099,nan,1.8894,-1.402,8.016,0.338,0.643,0.616,0.43,-1
1285,1155.77,1708.37,18.6773,0.0021,1.068,nan,0.098,nan,0.4417,-6.881,3.233,0.1895,0.355,0.324,0.63,-1
856,900.028,1600.11,17.8411,0.0013,0.885,nan,0.04,nan,0.343,-6.335,4.809,0.106,0.195,0.173,0.53,-1
