ID,x,y,Gmag,e_Gmag,BV,UB,BVerr,UBerr,Plx,pmRA,pmDE,e_Plx,e_pmRA,e_pmDE,MP,sel
7,1127.1,1091.13,11.1284,0.0011,1.663,1.397,0.005,0.007,0.2757,-6.237,0.426,0.0392,0.067,0.055,0.636,1
90,1374.09,1219.89,14.7904,0.0007,0.918,0.667,0.006,0.022,0.2647,-9.468,1.012,0.0286,0.045,0.041,0.635,1
119,1761.53,1292.3,15.1922,0.0012,0.657,0.198,0.007,0.014,0.4329,-7.003,2.048,0.0315,0.055,0.046,0.635,1
37,1379.19,1114.29,13.2501,0.0003,1.696,1.647,0.006,0.03,0.2518,-4.834,-0.478,0.0206,0.039,0.031,0.633,1
81,1541.56,1226.38,14.3668,0.0003,1.588,1.357,0.006,0.062,0.2992,-9.858,1.931,0.0242,0.04,0.035,0.629,1
54,1267.24,1277.63,13.8118,0.0002,1.498,1.218,0.006,0.03,0.3305,-9.74,2.125,0.0215,0.036,0.031,0.628,1
148,1639.2,1059.37,15.5463,0.0007,0.819,0.106,0.008,0.018,0.7251,-11.215,1.558,0.0374,0.06,0.054,0.625,1
62,1677.71,1299.07,14.0287,0.0003,1.44,1.134,0.007,0.026,0.2833,-6.665,-0.179,0.0223,0.036,0.033,0.621,1
104,1659.05,1106.22,14.7011,0.0003,1.518,1.42,0.008,0.077,0.3345,-7.278,-0.829,0.027,0.046,0.045,0.621,1
103,1056.19,1279.82,15.0362,0.0004,0.738,0.123,0.007,0.014,0.6407,-6.952,-0.943,0.0304,0.056,0.043,0.62,1
168,1409.29,1146.15,15.6442,0.0005,0.913,0.211,0.007,0.024,0.5146,-5.999,-0.328,0.0374,0.06,0.059,0.619,1
92,1033.55,1116.65,14.7723,0.0003,0.975,0.35,0.006,0.015,1.2405,-18.791,1.674,0.0288,0.045,0.041,0.618,1
130,1186.79,1036.97,15.2675,0.0004,0.887,0.175,0.008,0.016,0.5685,-10.105,-4.316,0.0324,0.053,0.047,0.617,1
201,1182.47,1277.82,15.9154,0.0005,0.819,0.059,0.01,0.027,0.8638,-6.477,4.719,0.0438,0.076,0.064,0.613,1
14,1288.24,1207.39,12.3551,0.0002,1.234,0.642,0.006,0.007,0.4695,-8.123,3.608,0.0324,0.053,0.047,0.612,1
96,1569.99,1501.82,14.9205,0.0003,0.762,0.07,0.009,0.013,0.9507,-7.362,-1.047,0.0308,0.05,0.044,0.612,1
194,1322.69,1371.74,15.8538,0.0006,0.806,0.14,0.01,0.027,0.4722,-7.492,0.994,0.0453,0.078,0.072,0.612,1
98,1711.84,1387.68,14.9734,0.0003,0.707,0.149,0.008,0.013,0.5455,-3.457,0.699,0.0307,0.049,0.043,0.611,1
8,1112.42,1401.71,11.5698,0.0003,0.727,0.019,0.007,0.005,4.8799,-9.867,-31.558,0.0327,0.054,0.048,0.609,1
67,1483.61,1319.53,14.4584,0.0003,0.711,0.333,0.007,0.012,0.4454,-8.254,2.249,0.0265,0.042,0.037,0.609,1
179,1340.44,1474.74,15.8179,0.0005,0.648,0.338,0.01,0.024,0.2954,-8.706,1.186,0.0443,0.07,0.062,0.607,1
44,1709.22,926.013,13.7143,0.0002,1.152,0.881,0.012,0.015,1.2872,-14.887,4.971,0.0226,0.038,0.037,0.604,1
244,1679.5,1197.89,16.1776,0.0005,0.891,0.346,0.011,0.041,0.5084,-9.651,3.774,0.0486,0.078,0.073,0.604,1
206,1714.42,1380.54,15.932,0.0011,0.852,0.26,0.012,0.03,0.3436,-2.996,0.442,0.0469,0.076,0.066,0.6,1
267,1604.49,1162.9,16.3307,0.0007,0.804,0.126,0.009,0.036,0.426,-6.781,-0.693,0.055,0.09,0.101,0.6,1
22,1181.43,1423.26,12.5937,0.0008,1.456,1.354,0.009,0.015,1.4386,-8.122,3.588,0.1852,0.323,0.271,0.595,1
279,1498.45,1295.77,16.374,0.0006,0.821,0.184,0.01,0.042,0.2552,-4.755,0.396,0.0573,0.094,0.092,0.593,1
302,1138.84,1256.05,16.4878,0.0007,0.871,0.239,0.012,0.047,0.3784,-9.22,0.584,0.0576,0.104,0.084,0.587,1
314,1538.54,1456.15,16.4988,0.0006,0.939,0.355,0.012,0.051,0.3089,-2.443,0.71,0.0566,0.095,0.085,0.586,1
264,1375.24,1143.34,16.2976,0.0007,0.902,0.29,0.013,0.051,0.5265,-11.822,0.608,0.0582,0.097,0.08,0.583,1
272,1726.19,1229.95,16.3094,0.0006,0.918,0.249,0.012,0.04,0.3957,-8.367,-0.856,0.0528,0.085,0.078,0.582,1
224,1279.23,882.598,16.0219,0.0006,0.887,0.283,0.016,0.048,0.3492,-5.714,0.845,0.0435,0.068,0.066,0.58,1
157,1470.58,1388.96,15.5512,0.0005,0.936,0.364,0.01,0.028,0.7901,-7.33,-1.734,0.0395,0.063,0.056,0.603,0
125,1500.24,1431.56,15.3083,0.0004,0.588,0.325,0.009,0.018,0.4061,-7.761,0.565,0.0371,0.057,0.051,0.601,0
69,1315.71,1517.61,14.5237,0.0002,0.729,0.159,0.01,0.011,0.6224,-8.922,1.28,0.0252,0.042,0.037,0.599,0
23,1300.31,1234.14,13.0575,0.0004,0.417,0.274,0.006,0.005,nan,nan,nan,nan,nan,nan,0.597,0
65,1430.7,892.85,14.492,0.0003,0.484,0.362,0.011,0.012,0.4312,-7.726,0.565,0.0266,0.044,0.038,0.596,0
146,1449.43,984.729,15.4491,0.0004,1.007,0.482,0.014,0.032,0.7122,-16.322,6.379,0.0338,0.053,0.051,0.596,0
249,1044.77,1156.72,16.0653,0.0006,1.081,0.599,0.01,0.067,0.3549,-5.603,0.677,0.0475,0.079,0.069,0.595,0
252,1365.92,878.703,16.1378,0.0006,1.025,0.467,0.015,0.059,0.2228,-5.906,0.356,0.0469,0.077,0.074,0.595,0
185,1433.74,1426.66,15.8029,0.0005,0.796,0.06,0.012,0.022,0.6307,-2.652,0.437,0.0476,0.07,0.067,0.594,0
60,1238.43,975.935,13.7767,0.0003,1.701,1.777,0.013,0.055,0.3488,-15.96,5.645,0.023,0.037,0.032,0.593,0
230,1251.08,1363.11,16.0381,0.0005,1.077,0.611,0.01,0.061,1.1335,-9.707,3.712,0.0492,0.083,0.093,0.587,0
217,1151.87,963.182,15.9718,0.0006,0.953,0.269,0.016,0.048,0.8116,-8.443,-0.627,0.0454,0.073,0.065,0.582,0
150,1315.15,795.998,15.5529,0.0005,0.805,0.452,0.016,0.033,0.2811,-5.69,0.527,0.039,0.068,0.056,0.58,0
353,1452.98,1007.22,16.6801,0.0007,0.981,0.181,0.014,0.063,0.4793,-9.735,0.145,0.0622,0.099,0.094,0.58,0
207,1420.68,1440.31,15.9446,0.0017,0.853,0.177,0.011,0.024,1.4335,-6.119,0.487,0.2188,0.348,0.352,0.569,0
373,1336.36,1305.97,16.8089,0.0008,0.911,0.251,0.015,0.069,0.3404,-7.001,1.138,0.073,0.121,0.127,0.569,0
136,1117.68,1005.9,15.4235,0.0025,0.89,0.153,0.017,0.02,0.6047,-5.851,-1.626,0.1162,0.189,0.163,0.556,0
307,1442.46,997.504,16.5243,0.0018,0.885,0.195,0.013,0.054,0.0608,-6.83,-0.078,0.2002,0.324,0.298,0.555,0
345,1450.83,914.121,16.6381,0.0007,0.935,0.222,0.019,0.069,0.1894,-6.216,-0.043,0.0615,0.097,0.091,0.555,0
329,1558.71,1370.15,16.6802,0.0044,0.88,0.266,0.014,0.06,-1.8607,-9.912,-0.131,0.3211,0.576,0.483,0.55,0
260,1233.99,902.433,16.3593,0.003,1.052,0.349,0.029,0.058,1.0254,-8.127,0.679,0.3094,0.442,0.422,0.515,0
131,1751.04,1166.88,15.3411,0.0003,0.642,0.277,0.008,0.018,0.3414,-6.317,0.433,0.0336,0.056,0.051,0.617,0
139,1425.51,1050.58,15.1005,0.0004,1.442,nan,0.009,nan,0.3088,-4.961,0.412,0.0301,0.05,0.044,0.6,-1
141,1420.22,855.778,14.9487,0.0004,1.5,nan,0.015,nan,3.9824,11.969,-22.939,0.0293,0.046,0.042,0.57,-1
359,1314.7,790.318,16.7418,0.001,0.821,nan,0.018,nan,0.2033,-6.073,0.87,0.0727,0.132,0.099,0.52,-1
166,1306.07,1046.25,15.1711,0.0004,1.78,nan,0.011,nan,0.2776,-7.12,-0.881,0.0375,0.059,0.055,0.59,-1
237,1390.46,1105.19,15.6677,0.0006,1.703,nan,0.014,nan,0.2019,-7.846,0.988,0.0431,0.076,0.069,0.57,-1
248,1535.55,861.542,15.315,0.0005,2.189,nan,0.023,nan,0.1906,-3.829,2.028,0.0429,0.065,0.061,0.55,-1
281,1249.02,1272.94,15.7133,0.0005,1.909,nan,0.019,nan,0.3077,-9.432,1.189,0.0496,0.083,0.073,0.55,-1
291,1287.08,867.622,15.8385,0.0007,1.92,nan,0.023,nan,0.1841,-5.385,-1.453,0.05,0.079,0.071,0.55,-1
301,1395.24,1095.4,16.263,0.0007,1.317,nan,0.014,nan,0.2813,-5.704,-3.0,0.0522,0.091,0.083,0.56,-1
315,1542.79,1103.85,15.5092,0.0005,2.408,nan,0.03,nan,0.0793,-5.484,1.186,0.05,0.083,0.073,0.54,-1
330,1369.8,1265.9,16.4089,0.0007,1.209,nan,0.015,nan,0.2701,-5.789,0.703,0.0538,0.09,0.08,0.56,-1
335,1679.13,1137.02,16.5116,0.0006,1.147,nan,0.015,nan,0.4271,-9.033,0.386,0.059,0.101,0.098,0.55,-1
342,1520.04,1220.18,16.3323,0.0008,1.591,nan,0.017,nan,0.3364,-6.041,0.934,0.0551,0.094,0.081,0.55,-1
344,1078.75,1195.44,16.6409,0.0006,0.933,nan,0.015,nan,0.6197,-8.864,1.285,0.0645,0.103,0.086,0.55,-1
357,1770.69,1081.43,16.5488,0.0014,1.327,nan,0.019,nan,0.3771,-2.194,-0.27,0.0556,0.086,0.083,0.52,-1
360,1608.3,948.216,16.6468,0.0007,1.036,nan,0.022,nan,0.3253,-7.552,2.111,0.0595,0.09,0.089,0.53,-1
369,1190.32,1263.11,16.6224,0.0006,1.242,nan,0.019,nan,0.1226,-6.649,-0.157,0.0604,0.099,0.091,0.54,-1
370,1567.42,1220.43,16.7357,0.0008,1.073,nan,0.016,nan,0.7187,-1.556,1.334,0.0667,0.118,0.096,0.54,-1
375,1370.15,1427.1,16.7353,0.0007,1.071,nan,0.016,nan,0.6019,-7.478,-0.149,0.0648,0.107,0.096,0.54,-1
377,1474.69,1260.69,16.8174,0.0009,1.001,nan,0.016,nan,0.5395,-2.077,-3.23,0.0743,0.112,0.102,0.52,-1
382,1700.94,1167.72,16.6943,0.001,1.147,nan,0.017,nan,1.0456,-6.577,1.727,0.065,0.109,0.099,0.54,-1
398,1555.19,845.421,16.7148,0.0007,1.13,nan,0.019,nan,0.3171,-10.422,0.614,0.0652,0.095,0.093,0.53,-1
424,1745.97,970.322,16.8356,0.0018,1.165,nan,0.023,nan,-0.0334,-6.954,0.052,0.1114,0.168,0.191,0.48,-1
426,1276.69,1517.36,16.2273,0.0007,2.028,nan,0.028,nan,0.2981,-8.322,1.279,0.0615,0.105,0.09,0.53,-1
956,1626.41,1056.98,18.0949,0.0019,1.355,nan,0.05,nan,0.3076,-7.815,0.088,0.1556,0.24,0.235,0.63,-1
437,1315.01,1130.22,16.9941,0.0022,1.02,nan,0.018,nan,-0.5871,-5.399,-2.697,0.2197,0.349,0.332,0.47,-1
438,1711.39,984.68,16.8649,0.0007,1.015,nan,0.026,nan,0.2951,-11.548,2.422,0.0673,0.101,0.102,0.51,-1
445,1571.15,1441.48,16.9978,0.0008,1.026,nan,0.024,nan,0.4399,-4.989,0.607,0.0808,0.125,0.111,0.51,-1
453,1400.91,1054.6,16.9874,0.0011,1.046,nan,0.02,nan,0.7407,-12.208,0.579,0.0989,0.161,0.158,0.51,-1
461,1219.99,1260.67,17.0218,0.0009,0.996,nan,0.018,nan,0.5064,-7.371,3.165,0.0802,0.124,0.115,0.53,-1
466,1159.21,843.361,16.1384,0.0006,2.346,nan,0.056,nan,0.1331,-6.593,-0.087,0.0564,0.091,0.078,0.52,-1
484,1259.66,1070.34,16.9397,0.0007,1.214,nan,0.018,nan,0.1964,-7.742,2.154,0.0726,0.115,0.107,0.52,-1
493,1340.72,1125.81,17.1334,0.0017,1.019,nan,0.019,nan,0.4937,-3.683,0.697,0.161,0.294,0.273,0.48,-1
497,1093.53,1165.54,17.1191,0.0008,1.012,nan,0.02,nan,0.4465,-5.955,-1.127,0.0903,0.15,0.122,0.51,-1
506,1282.42,1221.98,17.1766,0.0011,0.891,nan,0.019,nan,0.3754,-8.595,1.215,0.0878,0.15,0.125,0.51,-1
513,1582.67,885.679,16.5498,0.0007,1.969,nan,0.038,nan,0.1726,-6.49,2.579,0.0599,0.09,0.09,0.52,-1
1156,1492.24,816.595,18.4197,0.0019,1.345,nan,0.076,nan,0.0289,-5.681,0.902,0.1758,0.261,0.255,0.44,-1
525,1403.48,953.003,17.2359,0.001,0.987,nan,0.026,nan,0.0619,-6.831,1.742,0.088,0.141,0.14,0.49,-1
531,1170.38,1241.15,17.2687,0.0009,0.964,nan,0.023,nan,0.3295,-7.146,0.63,0.0893,0.158,0.127,0.5,-1
532,1318.26,1038.63,17.1601,0.002,1.331,nan,0.025,nan,-0.4255,-6.381,0.206,0.1936,0.348,0.282,0.47,-1
536,1202.03,1135.48,17.1285,0.001,1.181,nan,0.022,nan,0.3286,-5.662,0.733,0.0918,0.155,0.134,0.51,-1
539,1699.26,984.857,17.2675,0.0013,1.064,nan,0.032,nan,0.5166,-7.604,-0.728,0.0976,0.167,0.156,0.48,-1
552,1383.23,1466.3,17.1756,0.0009,1.128,nan,0.022,nan,0.1847,-8.567,-0.293,0.0886,0.143,0.123,0.51,-1
562,1312.72,769.726,17.2956,0.0011,1.01,nan,0.029,nan,0.246,-6.752,1.842,0.0882,0.139,0.129,0.49,-1
573,1327.72,880.337,17.1391,0.0012,1.324,nan,0.026,nan,1.1083,-15.234,2.662,0.0784,0.122,0.119,0.5,-1
583,1392.41,812.906,17.311,0.001,1.039,nan,0.026,nan,0.4546,-5.527,1.676,0.0917,0.151,0.138,0.49,-1
591,1479.41,1207.45,17.34,0.0011,0.966,nan,0.025,nan,0.2871,-8.032,1.523,0.099,0.172,0.136,0.5,-1
594,1397.71,1021.82,17.4122,0.0011,1.02,nan,0.024,nan,0.3285,-11.221,1.134,0.1064,0.173,0.169,0.49,-1
609,1628.18,1326.38,17.4089,0.0011,1.036,nan,0.024,nan,0.4836,-14.789,-0.66,0.0954,0.172,0.153,0.5,-1
631,1306.43,1013.02,17.3983,0.0011,1.081,nan,0.026,nan,0.2165,-5.774,1.414,0.0938,0.155,0.137,0.5,-1
640,1147.84,1082.99,17.5893,0.0017,1.101,nan,0.027,nan,0.409,-4.157,1.782,0.1103,0.193,0.164,0.54,-1
695,1723.31,980.14,17.4525,0.001,1.268,nan,0.037,nan,0.1718,-4.584,-1.402,0.0966,0.149,0.142,0.48,-1
697,1356.41,917.164,17.7426,0.0017,1.104,nan,0.041,nan,0.4618,-1.579,0.108,0.1277,0.211,0.184,0.47,-1
704,1683.37,879.892,17.3643,0.0009,1.354,nan,0.034,nan,0.12,-6.43,0.712,0.0951,0.152,0.156,0.48,-1
708,1287.66,806.604,17.5914,0.0012,1.167,nan,0.032,nan,0.4917,-6.327,-0.162,0.1166,0.225,0.167,0.48,-1
709,1061.24,1239.8,17.3548,0.0011,1.364,nan,0.033,nan,0.1947,-7.2,0.378,0.0984,0.189,0.13,0.5,-1
711,1319.29,765.443,17.5822,0.001,1.167,nan,0.036,nan,0.6481,-11.028,2.464,0.1058,0.167,0.155,0.48,-1
729,1348.61,1312.92,17.5945,0.0013,1.158,nan,0.034,nan,0.4476,-10.315,0.306,0.1136,0.195,0.159,0.48,-1
734,1512.88,910.883,17.5045,0.0011,1.256,nan,0.041,nan,0.6242,-7.857,2.141,0.1042,0.156,0.15,0.49,-1
735,1040.44,1222.84,17.6116,0.0011,1.13,nan,0.031,nan,0.2291,-10.449,-1.531,0.1084,0.19,0.143,0.5,-1
737,1332.38,1161.01,17.4074,0.0013,1.454,nan,0.039,nan,0.1775,-5.888,-0.778,0.1135,0.205,0.16,0.48,-1
738,1781.01,1106.08,18.2453,0.0016,1.732,nan,0.085,nan,0.4955,-8.792,1.545,0.1667,0.277,0.252,0.45,-1
747,1123.04,920.361,17.6032,0.0014,1.083,nan,0.037,nan,0.3873,-5.968,0.387,0.1051,0.171,0.142,0.48,-1
750,1257.2,1121.63,17.3243,0.0012,1.747,nan,0.038,nan,0.2638,-10.045,2.444,0.104,0.162,0.135,0.5,-1
762,1305.11,1500.89,17.6604,0.0014,1.209,nan,0.035,nan,0.3049,-3.901,-0.091,0.1266,0.23,0.171,0.47,-1
772,1379.73,940.04,17.5896,0.0011,1.211,nan,0.032,nan,0.1238,-2.993,1.911,0.1047,0.173,0.163,0.53,-1
778,1390.25,1042.55,17.7579,0.0011,0.992,nan,0.032,nan,0.5211,-11.486,5.05,0.1151,0.189,0.18,0.47,-1
779,1311.01,750.081,17.5867,0.0012,1.476,nan,0.056,nan,0.2997,-10.583,1.902,0.1014,0.16,0.149,0.47,-1
780,1480.71,1343.28,17.6072,0.0013,1.228,nan,0.036,nan,0.2036,-7.369,0.949,0.1127,0.189,0.174,0.48,-1
785,1669.98,1372.4,17.8306,0.0014,0.942,nan,0.033,nan,0.2816,-9.816,2.164,0.1323,0.219,0.18,0.48,-1
806,1351.51,1369.08,17.7818,0.0014,1.042,nan,0.034,nan,0.2781,-4.89,4.433,0.1235,0.222,0.174,0.46,-1
814,1618.65,832.077,17.5881,0.0013,1.329,nan,0.046,nan,0.1616,-6.073,1.079,0.1089,0.189,0.178,0.47,-1
818,1594.17,1196.08,17.6523,0.0015,1.229,nan,0.033,nan,0.2823,-6.651,1.922,0.1116,0.194,0.159,0.49,-1
825,1455.42,1379.5,17.8888,0.0016,1.139,nan,0.04,nan,0.531,-12.356,0.667,0.1326,0.223,0.184,0.47,-1
835,1282.92,838.384,17.6527,0.0013,1.274,nan,0.039,nan,-0.0663,-5.998,0.672,0.1132,0.187,0.161,0.5,-1
839,1567.61,818.674,17.8535,0.0014,1.029,nan,0.044,nan,0.3906,-3.084,-3.176,0.1321,0.196,0.184,0.46,-1
840,1328.02,1312.53,17.8682,0.0015,1.051,nan,0.037,nan,0.2774,-9.534,2.511,0.1321,0.23,0.185,0.47,-1
847,1380.17,1195.85,17.7412,0.0015,1.385,nan,0.049,nan,0.0978,-8.354,2.194,0.1206,0.218,0.191,0.47,-1
859,1719.7,1111.51,17.7691,0.0018,1.335,nan,0.042,nan,-0.2208,-9.359,0.684,0.1692,0.275,0.248,0.46,-1
862,1791.9,1121.9,17.9648,0.0015,1.095,nan,0.034,nan,0.0205,-6.355,0.796,0.1306,0.209,0.19,0.48,-1
863,1239.21,1389.76,17.873,0.0014,1.094,nan,0.037,nan,0.4162,-4.813,-2.467,0.151,0.273,0.217,0.47,-1
864,1289.86,1177.97,18.0989,0.0016,1.091,nan,0.039,nan,0.3141,-9.642,1.447,0.1447,0.233,0.212,0.45,-1
866,1467.02,1181.25,17.9514,0.0016,1.103,nan,0.041,nan,0.1105,-7.835,0.894,0.1364,0.22,0.195,0.47,-1
875,1640.0,1091.65,17.8752,0.0016,1.198,nan,0.042,nan,0.3971,-7.058,1.775,0.1376,0.228,0.204,0.64,-1
880,1426.54,1463.93,17.6859,0.0013,1.502,nan,0.05,nan,0.863,-3.922,0.315,0.14,0.225,0.199,0.46,-1
881,1477.71,1357.74,17.861,0.0015,1.166,nan,0.044,nan,0.2202,-5.982,1.213,0.1405,0.234,0.194,0.48,-1
894,1298.73,855.8,17.6788,0.0013,1.537,nan,0.056,nan,0.1939,-6.159,1.015,0.1111,0.186,0.162,0.48,-1
896,1501.18,784.607,17.8722,0.0015,1.167,nan,0.05,nan,0.341,-7.076,1.324,0.1264,0.197,0.182,0.65,-1
905,1726.15,1246.27,17.8946,0.0014,1.44,nan,0.05,nan,0.0777,-5.286,0.432,0.1263,0.208,0.188,0.46,-1
915,1412.17,1303.01,18.0337,0.0023,1.186,nan,0.045,nan,-0.1463,-5.052,-0.717,0.1835,0.342,0.325,0.44,-1
918,1466.29,781.232,17.9501,0.0012,1.235,nan,0.05,nan,0.1723,-8.663,2.189,0.1324,0.207,0.194,0.47,-1
933,1063.39,1289.46,17.7362,0.0013,1.576,nan,0.064,nan,0.3418,-7.296,0.934,0.1206,0.226,0.157,0.47,-1
949,1296.17,835.701,18.0557,0.0016,1.224,nan,0.059,nan,0.5315,-9.092,-1.059,0.1436,0.241,0.213,0.45,-1
971,1417.87,1374.92,18.1967,0.0018,1.134,nan,0.049,nan,0.4359,-12.442,0.026,0.1538,0.242,0.236,0.46,-1
978,1128.44,1264.48,17.9065,0.0012,1.641,nan,0.068,nan,0.3314,-4.57,-2.267,0.1307,0.221,0.188,0.45,-1
981,1282.28,1089.85,18.0368,0.002,1.405,nan,0.054,nan,1.0855,-16.611,-0.943,0.154,0.249,0.218,0.47,-1
991,1651.34,1247.83,18.1354,0.0018,1.146,nan,0.051,nan,0.2553,-7.495,3.569,0.1698,0.292,0.263,0.51,-1
992,1294.77,1382.48,18.1478,0.0016,1.116,nan,0.051,nan,-0.1981,-4.544,0.618,0.1595,0.267,0.224,0.46,-1
1014,1362.37,990.57,18.0676,0.0016,1.161,nan,0.053,nan,0.3554,-4.406,1.153,0.1398,0.239,0.206,0.46,-1
1037,1306.21,1184.02,18.0639,0.002,1.336,nan,0.055,nan,0.4638,-9.149,-0.27,0.177,0.272,0.256,0.45,-1
1042,1587.43,1475.4,18.1544,0.0018,1.111,nan,0.052,nan,0.3079,-6.666,0.281,0.1571,0.261,0.229,0.44,-1
1050,1535.36,1125.81,18.0937,0.0017,1.259,nan,0.057,nan,0.156,-8.689,0.677,0.1477,0.236,0.221,0.62,-1
1057,1525.0,1437.96,18.1681,0.0017,1.316,nan,0.063,nan,0.5573,0.324,-10.93,0.1683,0.258,0.224,0.45,-1
1063,1305.03,928.734,18.088,0.0015,1.283,nan,0.06,nan,0.0832,-6.529,-0.844,0.138,0.207,0.208,0.48,-1
1073,1310.47,1297.69,18.1299,0.0015,1.381,nan,0.062,nan,-0.024,-7.276,3.211,0.1546,0.249,0.227,0.51,-1
1074,1493.91,1105.54,18.2692,0.0018,1.139,nan,0.054,nan,0.2936,-5.934,0.132,0.1646,0.241,0.24,0.64,-1
1081,1044.75,1123.71,18.1443,0.0013,1.341,nan,0.064,nan,0.0711,-8.234,0.157,0.1537,0.247,0.213,0.46,-1
1089,1552.31,1006.87,18.3731,0.0019,0.957,nan,0.049,nan,0.2278,-7.121,0.628,0.1787,0.294,0.261,0.43,-1
1091,1591.31,965.593,18.2628,0.0018,1.08,nan,0.058,nan,0.2458,-8.742,2.35,0.1608,0.237,0.235,0.46,-1
1100,1631.07,1251.67,18.275,0.0019,1.323,nan,0.062,nan,0.1387,-4.943,0.219,0.1707,0.294,0.269,0.64,-1
1109,1497.74,825.388,18.3553,0.0027,1.138,nan,0.06,nan,0.3309,-3.591,2.703,0.2022,0.308,0.301,0.44,-1
1116,1023.54,1109.15,18.321,0.0015,1.318,nan,0.062,nan,0.2754,-13.54,-3.362,0.166,0.259,0.225,0.45,-1
1117,1282.96,1126.78,18.3222,0.0018,1.168,nan,0.06,nan,0.7535,-2.787,-0.196,0.1847,0.27,0.253,0.45,-1
1121,1701.37,1037.35,18.4124,0.0018,1.181,nan,0.06,nan,0.6098,-7.439,0.23,0.168,0.249,0.257,0.45,-1
1124,1193.9,1378.91,18.3372,0.0017,1.254,nan,0.06,nan,0.384,-6.098,0.725,0.207,0.319,0.299,0.46,-1
1130,1282.07,758.774,18.322,0.0018,1.257,nan,0.063,nan,0.5709,-6.648,0.908,0.1663,0.241,0.246,0.46,-1
1135,1414.8,1406.04,18.2942,0.002,1.452,nan,0.071,nan,0.3984,-8.88,-0.052,0.1618,0.254,0.252,0.46,-1
1145,1736.43,959.983,18.4139,0.002,1.15,nan,0.086,nan,0.2543,-16.412,3.598,0.1689,0.261,0.257,0.43,-1
1159,1044.18,1289.25,18.4923,0.0019,1.251,nan,0.058,nan,0.7646,-12.916,3.756,0.1925,0.302,0.258,0.46,-1
1164,1682.6,1029.62,18.5203,0.002,1.034,nan,0.054,nan,0.3122,-3.661,1.996,0.1868,0.286,0.303,0.44,-1
1169,1116.24,1141.07,18.3738,0.0018,1.34,nan,0.072,nan,0.5734,-5.682,0.917,0.1756,0.258,0.229,0.46,-1
1175,1482.19,1413.29,18.5625,0.0022,1.181,nan,0.062,nan,0.5193,-6.649,0.35,0.2121,0.318,0.288,0.45,-1
1184,1107.87,1153.89,18.3117,0.002,1.273,nan,0.066,nan,0.502,-10.456,1.525,0.185,0.307,0.239,0.45,-1
1187,1038.01,1064.43,18.4943,0.002,1.171,nan,0.068,nan,0.1293,-6.893,-0.869,0.1845,0.298,0.247,0.49,-1
1196,1315.48,1274.56,18.5692,0.0019,1.207,nan,0.075,nan,0.0644,-3.98,0.198,0.2071,0.336,0.301,0.47,-1
1197,1525.53,1155.99,18.4979,0.002,1.27,nan,0.07,nan,0.2528,-6.74,1.317,0.1887,0.315,0.272,0.5,-1
1208,1252.04,987.044,18.3654,0.0018,1.381,nan,0.085,nan,0.331,-9.316,2.23,0.18,0.271,0.262,0.44,-1
1209,1673.68,1230.01,18.586,0.0022,1.188,nan,0.07,nan,0.0417,-4.843,-0.362,0.2208,0.328,0.31,0.45,-1
1218,1747.57,1220.83,18.6387,0.0026,1.08,nan,0.075,nan,0.8287,-5.702,-5.291,0.2415,0.449,0.357,0.43,-1
1229,1096.33,1260.42,18.4339,0.0022,1.291,nan,0.094,nan,0.374,-8.339,1.361,0.194,0.327,0.264,0.43,-1
1236,1581.09,1220.29,18.6785,0.0027,1.233,nan,0.081,nan,0.0325,-8.151,0.99,0.2138,0.334,0.306,0.43,-1
1249,1309.07,1116.6,18.7327,0.0023,1.205,nan,0.087,nan,0.423,-7.889,-3.051,0.2345,0.386,0.346,0.44,-1
1253,1067.07,1249.89,18.6693,0.0021,1.116,nan,0.073,nan,0.1483,-4.066,-0.434,0.2154,0.355,0.291,0.46,-1
1267,1721.81,1216.34,18.9937,0.0031,1.075,nan,0.098,nan,0.6145,-8.87,7.495,0.282,0.435,0.418,0.43,-1
435,1623.88,1066.69,16.9571,0.0009,1.025,nan,0.016,nan,0.6365,-5.965,-0.137,0.0763,0.131,0.115,0.52,-1
523,1489.44,825.184,17.238,0.001,1.053,nan,0.023,nan,0.4686,-5.98,1.132,0.0856,0.132,0.125,0.5,-1
