ID,x,y,Gmag,e_Gmag,VI,BV,VIerr,BVerr,MP,sel
1118,999.949,1719.6,18.7337,0.0021,1.061,0.849,0.045,0.052,0.99,1
1090,1168.45,1531.35,18.734,0.0021,0.973,0.937,0.044,0.048,0.99,1
1131,833.808,1402.53,18.7417,0.0023,1.113,1.0,0.041,0.056,0.99,1
1053,1058.47,1450.53,18.57,0.0021,1.152,0.978,0.042,0.049,0.98,1
1062,1055.21,1160.93,18.5838,0.0019,1.096,1.038,0.044,0.052,0.98,1
1064,985.905,1379.67,18.5975,0.002,1.085,0.95,0.042,0.04,0.98,1
1146,1196.99,1413.68,18.7307,0.0022,1.176,0.944,0.04,0.054,0.98,1
1099,958.314,1026.5,18.7495,0.0025,0.98,0.907,0.051,0.053,0.98,1
1158,1376.85,1631.28,18.7876,0.0023,1.131,0.916,0.044,0.055,0.98,1
1145,1029.44,1449.8,18.7888,0.0023,1.081,0.957,0.049,0.053,0.98,1
1156,1375.1,1657.42,18.7925,0.0024,1.143,1.008,0.042,0.056,0.98,1
1157,837.822,1120.69,18.8005,0.0022,1.101,0.917,0.049,0.062,0.98,1
1144,883.013,1301.19,18.8018,0.0028,1.047,0.942,0.048,0.059,0.98,1
1202,1014.0,1244.03,18.9748,0.0029,1.082,0.946,0.049,0.061,0.98,1
1046,1076.56,1337.85,18.5758,0.002,1.12,0.971,0.046,0.055,0.97,1
1135,1224.59,1208.2,18.7567,0.0023,1.052,1.068,0.043,0.062,0.97,1
1204,878.317,1330.4,18.9891,0.0026,1.057,0.999,0.06,0.071,0.97,1
854,902.966,1183.93,18.2066,0.0015,1.1,0.939,0.032,0.037,0.96,1
853,1071.18,1494.99,18.2117,0.0016,1.049,0.896,0.033,0.037,0.96,1
1044,1128.81,1334.08,18.5663,0.0019,1.087,0.842,0.04,0.044,0.96,1
1073,663.68,1378.97,18.5896,0.002,1.149,0.954,0.035,0.04,0.96,1
1038,1176.77,1070.66,18.5912,0.0019,1.048,0.913,0.039,0.046,0.96,1
1123,1210.12,1470.26,18.7535,0.002,1.001,0.942,0.051,0.055,0.96,1
1172,843.809,1545.28,18.7749,0.0021,1.167,0.949,0.041,0.051,0.96,1
1208,1201.69,1232.63,19.0333,0.0028,1.149,0.981,0.047,0.069,0.96,1
661,698.987,1563.26,17.8242,0.0012,1.042,0.929,0.04,0.037,0.95,1
668,996.344,1270.23,17.8881,0.0015,1.005,0.923,0.031,0.032,0.95,1
889,1088.4,1435.27,18.2856,0.0017,1.042,0.943,0.036,0.041,0.95,1
1024,1026.67,1259.12,18.5603,0.0023,1.069,0.95,0.042,0.047,0.95,1
1050,925.865,1472.19,18.62,0.0021,1.116,1.015,0.041,0.051,0.95,1
1185,1482.25,1369.71,18.8852,0.0024,1.072,0.887,0.052,0.055,0.95,1
1197,725.712,1468.05,18.8939,0.0024,1.104,1.058,0.053,0.068,0.95,1
1213,746.294,1393.24,18.9605,0.0026,1.183,0.976,0.058,0.07,0.95,1
1220,920.271,1022.09,18.9829,0.0026,1.181,1.158,0.06,0.09,0.95,1
1236,1132.39,1499.63,19.0493,0.0026,1.191,0.921,0.057,0.077,0.95,1
1228,936.892,1203.08,19.0532,0.0028,1.117,0.919,0.056,0.062,0.95,1
821,847.287,1680.16,18.2057,0.0015,0.978,0.827,0.029,0.034,0.94,1
846,1311.66,1288.62,18.2136,0.0016,1.032,0.881,0.035,0.034,0.94,1
1091,1125.44,1527.07,18.6235,0.002,1.121,0.927,0.045,0.053,0.94,1
1081,1179.59,1249.27,18.7189,0.0022,1.015,0.931,0.048,0.056,0.94,1
1201,1261.33,1488.59,19.0625,0.0042,1.078,0.951,0.06,0.071,0.94,1
1239,1164.4,1172.6,19.1717,0.0029,0.997,1.065,0.064,0.088,0.94,1
1247,1303.68,1162.92,19.172,0.0029,1.23,0.872,0.078,0.092,0.94,1
1257,984.28,1400.99,19.1727,0.0029,1.341,1.053,0.073,0.092,0.94,1
1254,998.277,1486.98,19.1797,0.0032,1.263,1.025,0.054,0.083,0.94,1
891,1356.93,1177.16,18.2833,0.0017,1.058,0.823,0.036,0.036,0.93,1
919,974.362,1523.5,18.3018,0.0017,1.043,0.894,0.033,0.038,0.93,1
1143,678.774,1238.68,18.6057,0.0021,1.262,1.073,0.04,0.065,0.93,1
611,980.871,1423.92,17.8183,0.0015,1.085,0.892,0.03,0.029,0.92,1
654,957.59,1172.3,17.8205,0.0013,1.058,0.907,0.026,0.025,0.92,1
656,1442.49,1269.77,17.8913,0.0013,1.01,0.802,0.022,0.025,0.92,1
672,1086.2,1347.6,17.8953,0.0015,0.979,0.925,0.026,0.029,0.92,1
890,1042.74,1367.77,18.2802,0.0017,1.062,0.886,0.036,0.044,0.92,1
1176,733.808,1375.64,18.7331,0.0021,1.276,0.921,0.055,0.063,0.92,1
1190,1077.51,1567.96,18.8796,0.0024,1.101,0.847,0.051,0.063,0.92,1
912,1333.44,1303.83,18.3108,0.0014,1.126,0.919,0.032,0.037,0.91,1
999,975.748,1544.34,18.4401,0.0017,1.11,0.94,0.04,0.046,0.91,1
1036,1101.05,1449.56,18.6054,0.0022,1.182,1.011,0.036,0.046,0.91,1
1060,1074.59,1176.65,18.6209,0.002,1.048,1.003,0.044,0.046,0.91,1
1117,1095.12,1860.96,18.6248,0.0021,1.317,1.139,0.095,0.058,0.91,1
1055,1234.0,1552.41,18.6258,0.0022,0.957,0.917,0.043,0.045,0.91,1
1124,691.834,1533.89,18.6333,0.0022,1.177,0.974,0.045,0.055,0.91,1
1209,1186.08,1785.68,18.8989,0.0024,1.207,0.973,0.061,0.066,0.91,1
1200,779.776,1540.9,18.8556,0.0023,1.153,0.987,0.045,0.057,0.9,1
987,946.048,1539.38,18.4489,0.0018,1.049,0.89,0.034,0.042,0.89,1
1240,926.885,1033.03,19.0331,0.0027,1.228,1.111,0.062,0.083,0.89,1
657,1114.71,1641.23,17.832,0.0012,1.083,0.862,0.023,0.024,0.88,1
1027,787.597,1351.98,18.4537,0.0018,1.206,1.083,0.037,0.049,0.88,1
667,941.092,1110.49,17.8815,0.0016,1.057,0.928,0.021,0.026,0.87,1
898,1079.48,1781.74,18.2675,0.0016,1.106,0.919,0.035,0.043,0.87,1
1181,1107.59,984.239,18.718,0.0022,1.109,0.956,0.054,0.067,0.87,1
70,1061.99,1763.03,14.511,0.0003,1.785,1.758,0.008,0.009,0.86,1
590,763.963,1291.6,17.6602,0.0011,1.094,0.942,0.023,0.024,0.86,1
576,702.203,1212.4,17.6657,0.0012,1.02,0.847,0.02,0.024,0.86,1
675,1087.07,1424.61,17.8622,0.0023,1.029,0.948,0.028,0.03,0.86,1
750,671.09,1617.78,18.0021,0.0013,1.058,0.949,0.03,0.031,0.86,1
804,1176.22,1403.24,18.1378,0.0015,1.061,0.963,0.03,0.032,0.86,1
938,1061.08,1417.44,18.3157,0.0017,1.129,0.952,0.036,0.04,0.86,1
925,1241.48,1643.17,18.3632,0.0017,1.05,0.922,0.033,0.036,0.86,1
19,923.63,1405.41,13.7785,0.003,0.483,0.444,0.009,0.01,0.854,1
43,1461.86,1434.45,13.5132,0.0035,2.473,2.115,0.009,0.01,0.85,1
458,758.768,1651.58,17.3596,0.0009,1.091,0.988,0.019,0.022,0.85,1
468,1255.3,1659.59,17.3612,0.0009,1.103,0.943,0.016,0.022,0.85,1
569,938.709,1384.84,17.6894,0.0011,0.97,0.798,0.024,0.025,0.85,1
589,807.276,1111.34,17.6943,0.0011,1.052,0.917,0.021,0.025,0.85,1
745,1253.69,1705.78,18.0032,0.0016,1.054,0.938,0.026,0.028,0.85,1
779,905.78,1665.8,18.0927,0.0016,1.058,0.937,0.03,0.033,0.85,1
858,1345.66,1312.6,18.2684,0.0015,1.046,0.843,0.033,0.043,0.85,1
1041,1341.49,1524.75,18.4597,0.0019,1.288,1.254,0.034,0.054,0.85,1
1029,1330.57,1613.02,18.5415,0.002,1.041,0.896,0.046,0.049,0.85,1
1130,928.793,994.538,18.7805,0.0024,1.135,0.929,0.049,0.05,0.85,1
1171,1062.61,1658.79,18.8494,0.0026,1.08,0.843,0.044,0.051,0.85,1
29,964.46,1102.94,14.1242,0.0002,0.875,0.774,0.006,0.006,0.845,1
26,1081.19,1453.39,13.9851,0.0002,0.854,0.741,0.007,0.008,0.844,1
21,1154.96,1128.83,13.1264,0.0005,2.132,1.973,0.008,0.008,0.84,1
37,1105.47,1690.18,13.8495,0.0003,1.843,1.808,0.009,0.009,0.84,1
36,995.898,1589.61,13.8764,0.0003,1.783,1.751,0.009,0.009,0.84,1
55,772.173,1575.9,14.2284,0.0003,1.741,1.717,0.01,0.011,0.84,1
493,1008.36,1316.81,17.4535,0.001,1.067,0.943,0.021,0.024,0.84,1
504,800.361,1464.49,17.8555,0.0016,1.033,0.99,0.063,0.064,0.84,1
697,1183.95,1608.7,17.9249,0.0014,1.043,0.905,0.028,0.03,0.84,1
710,1365.77,1307.24,18.043,0.0013,1.01,0.881,0.029,0.028,0.84,1
787,938.446,1274.95,18.0825,0.0016,1.119,1.018,0.029,0.034,0.84,1
941,1314.7,1752.21,18.3984,0.0019,1.038,0.915,0.035,0.041,0.84,1
991,796.411,1679.4,18.4171,0.0017,1.148,0.997,0.037,0.042,0.84,1
973,1107.47,1379.04,18.4229,0.002,1.106,0.95,0.033,0.046,0.84,1
41,937.405,1708.36,14.4399,0.0003,1.032,0.913,0.01,0.009,0.835,1
106,1294.43,1134.34,15.283,0.0004,1.447,1.386,0.009,0.01,0.83,1
475,917.015,1039.67,17.4601,0.0073,1.086,0.926,0.02,0.022,0.83,1
659,1163.03,1441.84,17.9285,0.0018,0.972,0.872,0.028,0.036,0.83,1
915,1035.64,1201.27,18.3932,0.0024,1.12,0.962,0.048,0.054,0.83,1
997,759.263,1397.41,18.4753,0.0018,1.131,0.95,0.037,0.046,0.83,1
1033,991.005,1358.23,18.4992,0.0019,1.097,0.986,0.04,0.046,0.83,1
1018,1171.88,1049.83,18.5074,0.0017,1.106,0.954,0.038,0.047,0.83,1
105,973.352,1435.15,15.6107,0.0005,0.723,0.615,0.009,0.009,0.825,1
1162,1007.71,1633.45,18.7139,0.0019,1.258,1.044,0.049,0.062,0.82,1
1177,953.987,1108.67,18.8257,0.0025,1.111,0.996,0.058,0.057,0.82,1
1249,962.192,1295.52,19.2066,0.003,1.214,0.957,0.074,0.076,0.82,1
27,719.437,1495.36,13.6843,0.0003,1.572,1.57,0.011,0.011,0.813,1
1242,992.856,1621.56,19.2043,0.0028,1.028,0.841,0.065,0.073,0.81,1
322,1352.29,1411.3,16.9188,0.0007,1.089,0.98,0.014,0.017,0.8,1
381,1014.6,1452.8,17.1246,0.0009,1.157,1.005,0.014,0.015,0.8,1
248,1028.82,1346.76,16.6019,0.0007,1.071,0.931,0.011,0.011,0.793,1
286,970.287,1594.71,16.6706,0.0007,1.275,1.156,0.013,0.015,0.79,1
303,656.093,1415.35,16.7455,0.0007,1.239,1.163,0.014,0.017,0.79,1
368,1052.14,1088.64,16.8547,0.0008,1.524,1.426,0.015,0.019,0.79,1
321,771.689,1162.6,16.9419,0.0008,1.062,0.989,0.015,0.016,0.79,1
337,1291.49,1416.24,16.9484,0.0008,1.1,0.984,0.014,0.016,0.79,1
342,1215.43,1675.45,16.9642,0.0008,1.128,0.984,0.014,0.015,0.79,1
355,1008.64,1229.34,17.0545,0.0008,1.086,0.95,0.014,0.016,0.79,1
350,794.344,1452.16,17.1045,0.0024,1.574,1.447,0.015,0.017,0.79,1
863,927.086,1260.54,18.2626,0.0016,1.054,1.05,0.035,0.047,0.79,1
1258,1034.45,1476.05,19.3484,0.0031,1.158,0.835,0.082,0.092,0.79,1
290,1029.16,1621.64,16.8195,0.0008,1.006,0.857,0.012,0.013,0.785,1
362,979.193,1513.69,16.8824,0.0008,1.43,1.343,0.014,0.016,0.78,1
318,1368.77,1524.45,16.8843,0.0007,1.118,1.077,0.014,0.017,0.78,1
314,894.745,1340.8,16.9473,0.0008,0.94,0.809,0.015,0.017,0.78,1
429,1024.66,1578.57,17.1651,0.0009,1.36,1.268,0.016,0.021,0.78,1
402,886.361,1625.16,17.179,0.0008,1.173,1.01,0.016,0.019,0.78,1
405,1108.66,1413.02,17.194,0.0011,1.114,0.951,0.016,0.018,0.78,1
419,1065.66,1367.23,17.2642,0.0009,1.128,0.955,0.017,0.021,0.78,1
512,1422.58,1668.55,17.467,0.0009,1.14,0.988,0.02,0.023,0.78,1
309,857.803,1094.83,16.9074,0.0006,1.023,0.939,0.012,0.014,0.779,1
267,996.828,1555.04,16.7319,0.0007,1.004,0.854,0.014,0.016,0.777,1
244,1116.71,1412.0,16.6348,0.0009,1.013,0.91,0.012,0.013,0.775,1
292,964.228,1581.99,16.1956,0.001,2.1,1.514,0.012,0.019,0.77,1
256,1038.71,1154.54,16.5948,0.0012,1.357,1.22,0.015,0.017,0.77,1
319,1014.78,1153.3,16.7668,0.0008,1.441,1.283,0.012,0.023,0.77,1
626,1056.43,1143.6,17.2483,0.0017,1.937,1.573,0.019,0.037,0.77,1
423,1346.29,1509.74,17.2836,0.0009,1.106,1.025,0.019,0.022,0.77,1
464,1067.72,1604.57,17.3274,0.0008,1.157,1.001,0.019,0.02,0.77,1
507,996.786,1383.76,17.0659,0.0009,1.804,1.528,0.015,0.032,0.76,1
20,873.031,1559.86,13.8522,0.0002,0.866,0.74,0.026,0.032,0.758,1
594,809.251,1209.52,17.738,0.0012,0.995,0.935,0.024,0.024,0.75,1
492,1152.33,1104.01,17.2275,0.0009,1.551,1.333,0.02,0.032,0.74,1
739,998.761,1292.9,17.6145,0.0012,1.702,1.498,0.021,0.039,0.73,1
884,1094.77,1855.06,18.0817,0.0015,1.402,1.212,0.028,0.04,0.73,1
836,784.772,1602.46,18.1031,0.0015,1.228,1.153,0.031,0.042,0.73,1
879,620.708,1400.96,18.1204,0.0015,1.34,1.259,0.031,0.044,0.73,1
893,779.095,1406.33,18.1762,0.0014,1.215,1.071,0.029,0.034,0.73,1
937,958.716,1224.03,18.421,0.0017,0.966,0.95,0.033,0.039,0.73,1
822,1242.44,1823.19,18.1289,0.0013,1.143,0.964,0.028,0.039,0.72,1
878,639.208,1464.58,18.2391,0.0017,1.133,1.004,0.031,0.039,0.72,1
434,903.085,1397.2,17.3957,0.001,1.03,1.198,0.052,0.056,0.71,1
932,1297.83,1783.2,18.0735,0.0014,1.566,1.527,0.032,0.052,0.71,1
1013,810.031,1761.18,18.143,0.0015,1.638,1.559,0.034,0.068,0.71,1
782,933.315,1469.58,18.2038,0.0054,0.846,1.017,0.048,0.056,0.69,1
788,1379.96,1562.73,18.067,0.0013,1.084,0.692,0.075,0.086,0.68,1
1233,1090.92,1071.25,19.1209,0.0027,1.081,0.957,0.061,0.062,0.68,1
1151,997.339,1252.39,18.729,0.0022,1.143,0.84,0.045,0.052,0.97,0
872,1248.54,1414.06,18.2964,0.002,1.015,0.861,0.035,0.035,0.94,0
1178,1258.4,1077.57,18.7717,0.0022,1.172,0.868,0.052,0.065,0.94,0
1225,805.022,1362.14,18.9646,0.0025,1.04,0.744,0.063,0.064,0.92,0
1234,1169.22,1466.49,19.0258,0.0028,1.171,1.014,0.059,0.083,0.91,0
1227,1092.32,1676.92,18.9973,0.0033,1.26,0.977,0.055,0.072,0.88,0
994,1336.04,1264.51,18.5392,0.0018,0.993,0.88,0.042,0.049,0.87,0
1169,1177.83,1388.27,18.8629,0.0023,1.008,0.926,0.059,0.054,0.87,0
763,1444.3,1334.48,18.139,0.0015,0.931,0.85,0.026,0.032,0.86,0
914,1227.6,1160.1,18.3597,0.0016,1.028,0.836,0.033,0.037,0.86,0
4,997.612,1159.87,11.9062,0.0004,0.512,0.433,0.006,0.006,0.85,0
1007,899.001,1253.41,18.4403,0.0018,1.176,1.166,0.037,0.051,0.85,0
102,996.901,1822.09,14.9185,0.0004,1.831,1.777,0.009,0.012,0.84,0
76,1087.83,1820.18,15.0745,0.0004,0.92,0.791,0.009,0.009,0.84,0
16,1237.03,1096.43,13.3411,0.0004,0.803,0.678,0.009,0.008,0.838,0
10,748.797,1137.8,12.7458,0.0003,1.491,1.47,0.008,0.009,0.835,0
104,1288.41,1453.0,15.5068,0.0006,0.939,0.805,0.008,0.01,0.833,0
154,1030.38,1390.26,15.6213,0.0005,1.506,1.441,0.008,0.01,0.83,0
177,923.703,1587.49,15.7769,0.0006,1.506,1.454,0.009,0.013,0.83,0
361,809.953,1258.54,18.0402,0.0017,1.051,0.889,0.036,0.033,0.83,0
967,1170.58,1150.53,18.4792,0.0019,1.098,0.873,0.042,0.05,0.83,0
1187,1194.53,1405.97,18.8348,0.0021,1.182,1.04,0.049,0.068,0.83,0
46,1157.12,1208.93,14.3175,0.0003,1.417,1.405,0.007,0.009,0.829,0
64,1273.59,1248.58,14.6453,0.0003,1.451,1.405,0.009,0.009,0.829,0
117,806.259,1076.99,15.6296,0.0005,0.952,0.848,0.009,0.009,0.825,0
123,1283.78,1358.63,15.4545,0.0005,1.437,1.305,0.012,0.015,0.81,0
198,937.629,1156.52,16.0678,0.0006,1.468,1.42,0.009,0.013,0.81,0
133,976.077,1367.72,15.5545,0.0005,1.416,1.31,0.009,0.011,0.809,0
169,831.222,1464.43,15.8988,0.0006,1.097,1.031,0.009,0.011,0.804,0
196,1000.59,1014.6,16.3241,0.0007,0.885,0.744,0.01,0.012,0.801,0
190,1224.13,1375.11,16.0507,0.0006,1.351,1.277,0.013,0.015,0.8,0
254,1171.81,1411.76,16.4161,0.0008,1.474,1.366,0.012,0.016,0.8,0
276,1019.62,1709.53,16.752,0.0006,1.05,0.898,0.013,0.014,0.8,0
330,723.781,1507.54,16.8821,0.0008,1.142,1.056,0.014,0.017,0.79,0
866,921.372,1332.8,18.2605,0.0016,1.042,0.923,0.031,0.036,0.79,0
1019,1126.68,1407.03,18.5224,0.0023,1.081,0.849,0.036,0.04,0.79,0
380,1332.95,1369.86,17.1733,0.0007,1.078,0.91,0.016,0.019,0.78,0
416,847.179,1215.7,17.2774,0.001,1.069,1.002,0.015,0.02,0.78,0
456,1068.35,1239.82,17.4426,0.0011,0.899,0.78,0.018,0.019,0.78,0
119,1160.41,991.237,15.6577,0.0006,0.817,0.67,0.023,0.019,0.777,0
236,1109.11,1173.9,16.7737,0.0008,0.475,0.416,0.012,0.012,0.773,0
238,851.157,1065.42,16.5623,0.0006,1.079,0.984,0.012,0.014,0.772,0
294,1234.74,1647.96,16.8644,0.0008,0.979,0.824,0.014,0.015,0.772,0
293,1342.63,1288.99,16.872,0.0007,0.967,0.831,0.013,0.014,0.771,0
332,1388.47,1519.09,16.7864,0.0007,1.379,1.278,0.014,0.019,0.77,0
316,650.008,1521.03,16.8504,0.0008,1.141,1.021,0.016,0.018,0.77,0
353,952.667,1479.66,16.8622,0.0007,1.418,1.366,0.016,0.022,0.77,0
399,1158.59,1549.84,17.0087,0.0008,1.416,1.265,0.017,0.023,0.77,0
387,1041.82,1816.14,17.0266,0.0008,1.342,1.2,0.016,0.02,0.77,0
377,1033.99,1194.38,17.1817,0.001,1.03,0.878,0.016,0.017,0.77,0
442,1019.83,1326.09,17.2537,0.0009,1.232,1.171,0.015,0.02,0.77,0
459,954.536,1160.54,17.2813,0.0009,1.261,1.13,0.018,0.022,0.77,0
443,977.108,1184.63,17.2867,0.0011,1.171,1.039,0.015,0.017,0.77,0
449,1293.3,1571.52,17.3288,0.0009,1.13,0.975,0.016,0.019,0.77,0
553,1023.98,1412.84,17.5081,0.001,1.237,1.094,0.018,0.023,0.77,0
523,1403.61,1392.0,17.578,0.0011,1.012,0.828,0.02,0.022,0.77,0
857,1256.54,1420.44,18.2544,0.0015,1.044,0.88,0.03,0.03,0.77,0
398,740.586,1641.64,17.1176,0.0008,1.193,1.126,0.016,0.022,0.76,0
457,1409.21,1504.19,17.2281,0.0008,1.347,1.304,0.017,0.025,0.76,0
418,829.687,1651.21,17.2319,0.0008,1.171,0.984,0.017,0.022,0.76,0
490,1096.24,1459.31,17.3871,0.001,1.166,0.999,0.017,0.024,0.76,0
477,773.49,1511.97,17.3966,0.001,1.096,0.977,0.018,0.023,0.76,0
533,1359.65,1415.13,17.4023,0.001,1.357,1.283,0.02,0.025,0.76,0
522,1026.94,1528.25,17.4322,0.001,1.262,1.067,0.017,0.021,0.76,0
561,1081.93,1421.84,17.5726,0.0012,1.162,1.124,0.021,0.027,0.76,0
707,1241.86,1339.85,17.9915,0.0013,0.987,0.885,0.028,0.032,0.76,0
790,1174.47,1420.47,18.09,0.0015,1.033,0.84,0.028,0.029,0.76,0
809,978.521,1451.55,18.1244,0.0016,1.065,0.921,0.029,0.03,0.76,0
297,1324.5,1223.32,16.8644,0.0007,1.044,0.917,0.016,0.017,0.759,0
201,1046.52,1194.44,16.3532,0.0013,1.031,0.919,0.011,0.011,0.757,0
288,861.289,1126.96,16.8048,0.0008,1.036,0.96,0.013,0.016,0.756,0
499,1290.08,1660.13,17.4037,0.0011,1.244,1.106,0.018,0.025,0.75,0
518,1036.45,1210.99,17.4493,0.001,1.239,1.087,0.02,0.024,0.75,0
502,681.705,1230.18,17.5134,0.001,0.972,0.818,0.019,0.024,0.75,0
610,949.846,1524.61,17.5812,0.0012,1.34,1.255,0.023,0.028,0.75,0
551,1129.77,1260.5,17.6264,0.0013,1.102,0.942,0.019,0.022,0.75,0
617,777.394,1381.13,17.6295,0.0012,1.255,1.105,0.019,0.022,0.75,0
571,757.749,1278.29,17.6581,0.0011,1.045,0.975,0.021,0.026,0.75,0
606,671.466,1205.99,17.6797,0.001,1.12,1.053,0.021,0.025,0.75,0
593,1427.99,1551.34,17.7013,0.0011,1.004,0.813,0.026,0.026,0.75,0
1205,1367.46,1502.05,18.9275,0.0024,1.098,1.046,0.053,0.071,0.75,0
1217,1339.13,1250.03,18.9303,0.0024,1.227,0.819,0.059,0.065,0.75,0
230,1091.79,1178.06,16.6245,0.0023,0.934,0.79,0.01,0.013,0.748,0
263,1128.06,1769.86,17.0041,0.0037,1.111,0.974,0.026,0.027,0.74,0
539,994.357,1141.94,17.4258,0.0013,1.479,1.185,0.022,0.039,0.74,0
516,1150.67,1484.55,17.5121,0.001,1.09,0.93,0.019,0.024,0.74,0
510,1150.83,1218.99,17.5858,0.0015,0.922,0.814,0.023,0.029,0.74,0
535,882.824,1368.33,17.6084,0.0011,0.977,0.847,0.023,0.023,0.74,0
715,698.999,1596.29,17.7218,0.0011,1.491,1.449,0.024,0.039,0.74,0
612,771.353,1279.54,17.7769,0.0012,0.925,0.763,0.021,0.026,0.74,0
682,763.606,1374.52,17.8119,0.0011,1.146,1.008,0.023,0.029,0.74,0
730,960.293,1720.87,17.968,0.0013,1.091,0.969,0.026,0.034,0.74,0
781,1055.52,1320.87,18.1075,0.0015,1.022,0.863,0.025,0.031,0.74,0
820,1092.88,1528.23,18.1921,0.0016,1.051,0.897,0.028,0.033,0.74,0
907,1314.58,1420.68,18.3178,0.0016,1.033,0.838,0.035,0.032,0.74,0
613,1073.3,1449.29,17.6727,0.002,1.11,0.853,0.027,0.031,0.73,0
619,1038.46,1012.27,17.7858,0.0014,1.043,0.898,0.026,0.029,0.73,0
685,1027.72,1745.59,17.8381,0.0012,1.091,0.921,0.024,0.029,0.73,0
699,1001.18,1376.11,17.9424,0.0015,0.998,0.814,0.025,0.027,0.73,0
716,716.96,1348.18,17.9565,0.0013,1.088,0.898,0.029,0.036,0.73,0
741,1266.25,1235.43,17.9891,0.0014,1.116,1.151,0.03,0.033,0.73,0
865,868.37,1068.62,18.2462,0.0019,1.081,0.971,0.032,0.036,0.73,0
875,1370.86,1533.55,18.3001,0.0016,1.04,1.039,0.033,0.036,0.73,0
945,1412.84,1165.66,18.3448,0.0017,1.193,1.13,0.037,0.043,0.73,0
981,1438.95,1580.73,18.3667,0.0017,1.244,1.059,0.034,0.042,0.73,0
1116,1373.14,1383.35,18.5695,0.0018,1.381,1.092,0.038,0.056,0.73,0
547,1184.58,1459.12,17.3231,0.0017,1.689,1.425,0.022,0.033,0.72,0
452,1088.46,1299.1,17.393,0.0011,1.01,0.847,0.019,0.02,0.72,0
528,1205.77,1430.46,17.6181,0.0043,1.246,1.113,0.018,0.026,0.72,0
662,795.56,1373.39,17.6691,0.0011,1.369,1.253,0.023,0.03,0.72,0
552,1066.41,1411.56,17.8011,0.0024,1.048,0.869,0.038,0.035,0.72,0
712,1007.0,1337.74,17.9799,0.0014,1.04,1.006,0.029,0.031,0.72,0
903,839.591,1424.51,18.1066,0.0014,1.373,1.289,0.028,0.04,0.72,0
895,1267.18,1195.7,18.286,0.0017,1.091,0.988,0.034,0.04,0.72,0
958,1096.97,1521.91,18.3459,0.0017,1.108,0.861,0.037,0.04,0.72,0
0,984.096,1598.63,18.4964,0.0019,1.062,0.935,0.041,0.043,0.72,0
1105,1134.42,1716.82,18.6108,0.0019,1.195,1.141,0.039,0.051,0.72,0
1101,1195.65,1291.53,18.6935,0.0019,1.104,0.987,0.041,0.051,0.72,0
876,1313.31,1470.72,18.194,0.0015,1.204,1.15,0.038,0.044,0.71,0
1155,946.472,1470.38,18.6537,0.002,1.353,1.177,0.05,0.067,0.71,0
703,1103.28,1007.31,18.1864,0.0035,1.079,0.866,0.036,0.033,0.7,0
1014,1249.17,1823.55,18.3664,0.0017,1.361,1.27,0.036,0.054,0.7,0
982,853.854,1571.39,18.3797,0.0017,1.162,1.046,0.04,0.049,0.7,0
1069,1315.7,1368.37,18.4883,0.0018,1.331,1.247,0.042,0.065,0.7,0
1068,904.1,1606.26,18.5257,0.0019,1.173,1.004,0.039,0.051,0.7,0
1087,1341.94,1497.56,18.5526,0.0018,1.298,1.417,0.04,0.064,0.7,0
1092,1237.58,1710.8,18.5994,0.0022,1.301,1.124,0.051,0.069,0.7,0
1098,1422.58,1190.06,18.7025,0.002,1.137,0.99,0.047,0.057,0.7,0
306,900.884,1506.04,16.9264,0.0035,1.036,0.915,0.024,0.026,0.695,0
1138,841.515,1437.04,18.5883,0.0029,1.411,1.124,0.04,0.061,0.69,0
1212,1296.42,1551.52,18.9866,0.0025,1.169,0.991,0.055,0.072,0.69,0
401,1145.38,1282.42,17.2415,0.0009,1.021,0.934,0.016,0.016,0.01,0
7,1136.41,1451.94,12.1242,0.0003,1.383,1.374,0.008,0.009,0.844,0
1232,692.809,1444.15,18.9744,0.0025,nan,1.073,nan,0.075,0.98,-1
1253,1011.56,1482.99,19.3683,0.0034,nan,1.168,nan,0.098,0.81,-1
