#ID  Gmag   (Vmag-Imag)   (Bmag-Vmag)   e_Gmag   e_(Vmag-Imag)   e_(Bmag-Vmag)   Mini
20      15.9512 1.0496  0.8785  0.0005  0.0106  0.0102  2.3140  
11      18.2339 1.3808  1.2048  0.0016  0.0167  0.0190  0.8748  
12      17.5269 1.2168  1.0555  0.0010  0.0137  0.0154  0.9934  
13      15.7720 0.8921  0.7200  0.0005  0.0104  0.0098  1.3861  
14      11.2330 1.4744  1.3466  0.0003  0.0090  0.0049  3.4205  
15      18.6658 1.4997  1.3008  0.0022  0.0193  0.0217  0.8115  
16      15.6609 0.8789  0.7101  0.0004  0.0103  0.0095  1.4177  
27      12.5126 0.3885  0.2957  0.0003  0.0091  0.0056  5.0185  
18      17.8430 1.2742  1.1080  0.0013  0.0149  0.0169  0.9380  
19      18.1808 1.3416  1.1638  0.0016  0.0164  0.0187  0.8827  
110     12.8019 0.3934  0.2883  0.0003  0.0091  0.0058  2.7821  
111     14.8232 0.6165  0.5208  0.0004  0.0097  0.0080  1.6980  
112     18.2806 1.3551  1.1719  0.0017  0.0169  0.0193  0.8669  
113     18.2313 1.3546  1.1750  0.0016  0.0167  0.0190  0.8748  
114     15.8864 0.9204  0.7451  0.0005  0.0105  0.0101  1.3544  
115     14.6973 0.5704  0.4838  0.0004  0.0096  0.0078  1.7495  
116     17.1537 1.1392  0.9762  0.0008  0.0127  0.0139  1.0637  
217     10.8943 1.4303  1.2072  0.0003  0.0090  0.0048  6.0400  
118     15.8571 0.9090  0.7346  0.0005  0.0105  0.0100  1.3623  
219     11.9862 0.3920  0.2870  0.0003  0.0090  0.0053  5.5161  
120     18.9672 1.5983  1.3761  0.0028  0.0216  0.0238  0.7720  
121     16.9368 1.0774  0.9100  0.0007  0.0122  0.0131  1.1072  
222     18.2216 1.5164  1.2655  0.0016  0.0166  0.0189  1.4962  
123     18.6664 1.5054  1.3073  0.0022  0.0193  0.0217  0.8115  
224     16.4933 1.1459  0.9779  0.0006  0.0113  0.0117  2.0778  
125     15.5802 0.8594  0.6950  0.0004  0.0102  0.0094  1.4414  
126     17.8431 1.2760  1.1100  0.0013  0.0149  0.0169  0.9380  
227     17.5398 1.3498  1.1451  0.0010  0.0138  0.0155  1.6713  
128     15.2744 0.7710  0.6295  0.0004  0.0100  0.0088  1.5363  
129     17.8438 1.2834  1.1184  0.0013  0.0149  0.0169  0.9380  
230     15.2524 0.8859  0.7153  0.0004  0.0100  0.0087  2.5506  
131     15.0545 0.7008  0.5832  0.0004  0.0098  0.0084  1.6108  
132     15.0432 0.6851  0.5704  0.0004  0.0098  0.0084  1.6147  
133     17.8423 1.2665  1.0992  0.0013  0.0149  0.0169  0.9380  
134     16.0375 0.9587  0.7800  0.0005  0.0107  0.0104  1.3149  
235     18.1819 1.5713  1.3482  0.0016  0.0164  0.0187  1.5440  
136     17.6161 1.2388  1.0774  0.0011  0.0140  0.0158  0.9775  
237     19.3422 1.8799  1.5037  0.0037  0.0253  0.0270  1.2307  
138     14.1822 0.4877  0.4043  0.0003  0.0094  0.0071  1.9972  
139     13.9575 0.4458  0.3637  0.0003  0.0094  0.0069  2.1200  
140     11.5401 0.4457  0.3187  0.0003  0.0090  0.0051  3.2686  
141     19.3434 1.7045  1.4381  0.0037  0.0253  0.0269  0.7274  
242     17.8753 1.4582  1.2555  0.0013  0.0150  0.0171  1.6284  
143     18.2316 1.3571  1.1779  0.0016  0.0167  0.0190  0.8748  
144     12.9082 0.3942  0.2913  0.0003  0.0091  0.0059  2.7258  
245     17.7854 1.4429  1.2333  0.0012  0.0146  0.0166  1.6270  
146     14.8604 0.6361  0.5366  0.0004  0.0097  0.0081  1.6836  
147     17.1181 1.1231  0.9588  0.0008  0.0126  0.0138  1.0707  
148     17.5713 1.2243  1.0626  0.0011  0.0139  0.0156  0.9855  
149     16.7738 1.0788  0.9099  0.0007  0.0118  0.0125  1.1424  
250     14.6007 0.7659  0.6235  0.0003  0.0096  0.0077  3.0111  
251     11.2784 0.4093  0.3001  0.0003  0.0090  0.0050  5.9012  
152     16.7388 1.0469  0.8756  0.0007  0.0118  0.0124  1.1496  
153     18.1826 1.3608  1.1857  0.0016  0.0164  0.0187  0.8827  
154     15.5790 0.8297  0.6677  0.0004  0.0102  0.0094  1.4414  
155     15.0880 0.7198  0.5974  0.0004  0.0099  0.0084  1.5992  
156     15.9463 0.9257  0.7494  0.0005  0.0106  0.0102  1.3386  
157     13.2358 0.4148  0.3123  0.0003  0.0092  0.0061  2.5424  
158     15.5797 0.8459  0.6826  0.0004  0.0102  0.0094  1.4414  
159     16.2589 0.9828  0.8051  0.0005  0.0110  0.0110  1.2596  
160     17.9378 1.3092  1.1428  0.0013  0.0153  0.0174  0.9222  
261     13.3764 0.4821  0.3943  0.0003  0.0092  0.0063  4.0265  
162     13.2350 0.3924  0.2974  0.0003  0.0092  0.0061  2.5424  
163     15.6609 0.8798  0.7110  0.0004  0.0103  0.0095  1.4177  
164     15.4488 0.8138  0.6584  0.0004  0.0101  0.0091  1.4809  
265     17.5394 1.3454  1.1402  0.0010  0.0138  0.0155  1.6713  
166     18.6664 1.5055  1.3073  0.0022  0.0193  0.0217  0.8115  
167     14.4307 0.5297  0.4454  0.0003  0.0095  0.0074  1.8709  
168     14.1382 0.4607  0.3824  0.0003  0.0094  0.0071  2.0202  
169     15.8006 0.9024  0.7293  0.0005  0.0104  0.0099  1.3781  
170     18.9628 1.5638  1.3380  0.0028  0.0216  0.0238  0.7720  
271     15.3636 0.9315  0.7553  0.0004  0.0100  0.0089  2.5389  
172     17.7056 1.2629  1.1018  0.0012  0.0143  0.0162  0.9617  
273     18.8548 1.7149  1.4088  0.0026  0.0207  0.0230  1.3380  
174     17.4391 1.2031  1.0427  0.0010  0.0135  0.0150  1.0092  
175     16.8069 1.0774  0.9088  0.0007  0.0119  0.0126  1.1352  
176     13.2352 0.3982  0.3012  0.0003  0.0092  0.0061  2.5424  
177     12.0125 0.3996  0.2862  0.0003  0.0090  0.0053  3.1268  
178     14.5626 0.5625  0.4755  0.0003  0.0096  0.0076  1.8088  
179     15.6069 0.8613  0.6958  0.0004  0.0102  0.0094  1.4335  
180     13.7320 0.4285  0.3415  0.0003  0.0093  0.0066  2.2495  
181     17.3557 1.1843  1.0232  0.0009  0.0132  0.0147  1.0250  
282     19.0653 1.8942  1.5499  0.0030  0.0224  0.0246  1.3341  
183     14.9158 0.6568  0.5531  0.0004  0.0098  0.0082  1.6621  
184     18.9702 1.6213  1.4016  0.0028  0.0216  0.0238  0.7720  
285     16.3467 1.0997  0.9231  0.0006  0.0111  0.0112  2.1151  
186     17.3149 1.1860  1.0258  0.0009  0.0131  0.0145  1.0329  
287     13.8321 0.5598  0.4628  0.0003  0.0093  0.0067  3.5754  
188     13.9744 0.4540  0.3709  0.0003  0.0094  0.0069  2.1105  
189     16.7722 1.0508  0.8801  0.0007  0.0118  0.0125  1.1424  
190     17.4394 1.2077  1.0478  0.0010  0.0135  0.0150  1.0092  
191     16.7723 1.0534  0.8829  0.0007  0.0118  0.0125  1.1424  
292     18.1804 1.5559  1.3306  0.0016  0.0164  0.0187  1.5440  
193     15.6336 0.8635  0.6968  0.0004  0.0103  0.0095  1.4256  
294     17.7822 1.4045  1.1898  0.0012  0.0146  0.0166  1.6270  
295     18.1786 1.5371  1.3092  0.0016  0.0164  0.0187  1.5440  
196     18.6637 1.4817  1.2806  0.0022  0.0193  0.0217  0.8115  
197     15.4232 0.8092  0.6552  0.0004  0.0101  0.0091  1.4888  
298     18.8593 1.7512  1.4492  0.0026  0.0207  0.0230  1.3380  
199     16.8062 1.0655  0.8962  0.0007  0.0119  0.0126  1.1352  
1100    18.6106 1.4856  1.2902  0.0021  0.0189  0.0213  0.8194  
1101    17.6173 1.2536  1.0942  0.0011  0.0140  0.0158  0.9775  
1102    18.3337 1.3923  1.2107  0.0018  0.0172  0.0196  0.8590  
2103    13.6168 0.5251  0.4224  0.0003  0.0093  0.0065  3.7450  
2104    12.9347 0.4269  0.3385  0.0003  0.0091  0.0059  4.5442  
1105    12.3612 0.3689  0.2674  0.0003  0.0091  0.0055  2.9919  
1106    17.9365 1.2951  1.1268  0.0013  0.0153  0.0174  0.9222  
1107    18.2348 1.3896  1.2148  0.0016  0.0167  0.0190  0.8748  
1108    14.9196 0.6368  0.5361  0.0004  0.0098  0.0082  1.6603  
2109    18.7921 1.6927  1.3871  0.0024  0.0202  0.0226  1.3626  
1110    19.1193 1.6198  1.3806  0.0031  0.0230  0.0250  0.7524  
1111    16.2587 0.9771  0.7995  0.0005  0.0110  0.0110  1.2596  
1112    11.3907 1.4560  1.3321  0.0003  0.0090  0.0050  3.3797  
1113    18.1807 1.3409  1.1630  0.0016  0.0164  0.0187  0.8827  
1114    18.6062 1.4461  1.2456  0.0021  0.0189  0.0213  0.8194  
2115    15.7563 1.0088  0.8315  0.0005  0.0104  0.0098  2.3792  
2116    12.5137 0.4239  0.3175  0.0003  0.0091  0.0056  5.0185  
1117    14.2074 0.4643  0.3875  0.0003  0.0094  0.0071  1.9834  
2118    17.7824 1.4068  1.1924  0.0012  0.0146  0.0166  1.6270  
2119    15.2525 0.8868  0.7161  0.0004  0.0100  0.0087  2.5506  
1120    13.0254 0.4103  0.3039  0.0003  0.0092  0.0060  2.6618  
1121    16.8401 1.0760  0.9077  0.0007  0.0120  0.0128  1.1281  
1122    15.8575 0.9176  0.7429  0.0005  0.0105  0.0100  1.3623  
1123    18.9607 1.5481  1.3207  0.0028  0.0216  0.0238  0.7720  
1124    12.2729 0.3883  0.2784  0.0003  0.0091  0.0055  3.0283  
2125    18.2227 1.5270  1.2776  0.0016  0.0166  0.0189  1.4962  
1126    18.7801 1.5020  1.2902  0.0024  0.0201  0.0225  0.7957  
2127    15.3635 0.9279  0.7521  0.0004  0.0100  0.0089  2.5389  
1128    17.1534 1.1346  0.9711  0.0008  0.0127  0.0139  1.0637  
1129    17.8432 1.2773  1.1115  0.0013  0.0149  0.0169  0.9380  
1130    18.6621 1.4683  1.2655  0.0022  0.0193  0.0217  0.8115  
1131    14.5715 0.5508  0.4665  0.0003  0.0096  0.0076  1.8046  
1132    15.6071 0.8658  0.6999  0.0004  0.0102  0.0094  1.4335  
1133    14.7165 0.5898  0.4995  0.0004  0.0097  0.0078  1.7416  
1134    17.0483 1.1147  0.9498  0.0008  0.0124  0.0135  1.0847  
1135    18.1834 1.3686  1.1946  0.0016  0.0164  0.0187  0.8827  
2136    17.1107 1.2781  1.1017  0.0008  0.0126  0.0137  1.8378  
1137    14.1530 0.4665  0.3873  0.0003  0.0094  0.0071  2.0123  
1138    16.2593 0.9902  0.8126  0.0005  0.0110  0.0110  1.2596  
2139    10.9715 1.3465  1.1006  0.0003  0.0090  0.0048  6.0183  
2140    16.4818 1.1197  0.9496  0.0006  0.0113  0.0116  2.0793  
1141    13.3119 0.4137  0.3139  0.0003  0.0092  0.0062  2.4979  
2142    15.0084 0.8724  0.7043  0.0004  0.0098  0.0083  2.7543  
1143    19.1189 1.6169  1.3773  0.0031  0.0230  0.0250  0.7524  
1144    17.6599 1.2388  1.0761  0.0011  0.0142  0.0160  0.9696  
1145    16.1638 0.9853  0.8067  0.0005  0.0109  0.0107  1.2833  
1146    14.2764 0.5060  0.4217  0.0003  0.0095  0.0072  1.9480  
2147    16.3355 1.1434  0.9771  0.0006  0.0111  0.0112  2.1469  
2148    15.9201 1.0275  0.8568  0.0005  0.0106  0.0101  2.3274  
1149    17.5266 1.2130  1.0513  0.0010  0.0137  0.0154  0.9934  
1150    18.0301 1.3132  1.1424  0.0014  0.0157  0.0179  0.9064  
2151    18.2249 1.5500  1.3038  0.0016  0.0166  0.0189  1.4962  
1152    15.6604 0.8672  0.6993  0.0004  0.0103  0.0095  1.4177  
1153    16.3928 1.0150  0.8397  0.0006  0.0112  0.0114  1.2279  
2154    13.0499 0.4544  0.3545  0.0003  0.0092  0.0060  4.2850  
1155    13.9485 0.4487  0.3654  0.0003  0.0094  0.0068  2.1252  
1156    18.2352 1.3938  1.2197  0.0016  0.0167  0.0190  0.8748  
2157    18.7871 1.7567  1.4540  0.0024  0.0202  0.0225  1.3949  
1158    18.1848 1.3834  1.2115  0.0016  0.0164  0.0187  0.8827  
2159    18.8567 1.7306  1.4263  0.0026  0.0207  0.0230  1.3380  
1160    17.6138 1.2083  1.0431  0.0011  0.0140  0.0158  0.9775  
1161    12.8018 0.3876  0.2846  0.0003  0.0091  0.0058  2.7821  
2162    17.7304 1.3456  1.1238  0.0012  0.0145  0.0164  1.5983  
2163    15.1560 0.9021  0.7307  0.0004  0.0099  0.0086  2.6588  
2164    13.8315 0.5446  0.4519  0.0003  0.0093  0.0067  3.5754  
2165    18.0918 1.5213  1.2882  0.0015  0.0160  0.0182  1.5478  
1166    18.8443 1.5500  1.3366  0.0025  0.0206  0.0229  0.7878  
1167    15.5532 0.8501  0.6874  0.0004  0.0102  0.0093  1.4493  
1168    18.7843 1.5371  1.3294  0.0024  0.0201  0.0225  0.7957  
2169    18.9134 1.7915  1.4720  0.0027  0.0211  0.0234  1.3472  
2170    18.1828 1.5812  1.3594  0.0016  0.0164  0.0187  1.5440  
1171    13.3493 0.4104  0.3129  0.0003  0.0092  0.0062  2.4759  
1172    17.3141 1.1758  1.0144  0.0009  0.0131  0.0145  1.0329  
1173    14.8415 0.6182  0.5220  0.0004  0.0097  0.0080  1.6908  
1174    14.0660 0.4667  0.3843  0.0003  0.0094  0.0070  2.0593  
1175    13.2544 0.4033  0.3052  0.0003  0.0092  0.0062  2.5313  
2176    17.1100 1.2664  1.0889  0.0008  0.0126  0.0137  1.8378  
2177    17.1666 1.2616  1.0673  0.0008  0.0127  0.0139  1.7773  
2178    17.8774 1.4831  1.2838  0.0013  0.0150  0.0171  1.6284  
1179    17.6151 1.2257  1.0627  0.0011  0.0140  0.0158  0.9775  
1180    13.6916 0.4157  0.3303  0.0003  0.0093  0.0066  2.2731  
1181    13.9649 0.4551  0.3709  0.0003  0.0094  0.0069  2.1160  
2182    14.1381 0.5943  0.4811  0.0003  0.0094  0.0071  3.2557  
2183    15.0148 0.8182  0.6630  0.0004  0.0098  0.0083  2.6668  
2184    14.6849 0.7724  0.6278  0.0004  0.0096  0.0078  2.9477  
1185    15.5801 0.8558  0.6916  0.0004  0.0102  0.0094  1.4414  
1186    13.7395 0.4385  0.3490  0.0003  0.0093  0.0066  2.2453  
1187    11.4525 0.4244  0.2971  0.0003  0.0090  0.0050  3.3024  
1188    17.4358 1.1586  0.9930  0.0010  0.0135  0.0150  1.0092  
2189    15.9212 1.0508  0.8791  0.0005  0.0106  0.0101  2.3274  
2190    17.8768 1.4765  1.2763  0.0013  0.0150  0.0171  1.6284  
1191    15.6333 0.8568  0.6906  0.0004  0.0103  0.0095  1.4256  
2192    18.0937 1.5412  1.3109  0.0015  0.0160  0.0182  1.5478  
1193    15.0545 0.6993  0.5819  0.0004  0.0098  0.0084  1.6108  
1194    18.9003 1.5307  1.3082  0.0027  0.0211  0.0234  0.7799  
1195    14.8786 0.6346  0.5350  0.0004  0.0097  0.0081  1.6764  
2196    13.0752 0.4415  0.3507  0.0003  0.0092  0.0060  4.3141  
1197    15.4231 0.8065  0.6528  0.0004  0.0101  0.0091  1.4888  
1198    17.6155 1.2303  1.0679  0.0011  0.0140  0.0158  0.9775  
1199    16.2593 0.9904  0.8128  0.0005  0.0110  0.0110  1.2596  
1200    13.3305 0.4009  0.3058  0.0003  0.0092  0.0062  2.4868  
2201    18.2201 1.5005  1.2474  0.0016  0.0166  0.0189  1.4962  
1202    18.6083 1.4650  1.2670  0.0021  0.0189  0.0213  0.8194  
