ID,x,y,Gmag,e_Gmag,VI,BV,VIerr,BVerr,MP,sel
272,1249.97,1419.89,15.4656,0.0004,1.052,0.918,0.011,0.011,0.999,1
154,1810.07,1253.86,14.8555,0.0003,1.018,0.816,0.008,0.007,0.994,1
396,1764.59,1175.95,15.9354,0.0006,1.084,0.843,0.009,0.009,0.993,1
512,784.945,1533.06,16.2547,0.0006,1.055,0.797,0.012,0.013,0.992,1
222,1153.37,1225.35,15.0208,0.0003,1.541,1.37,0.006,0.008,0.99,1
505,1787.39,1813.01,16.2227,0.0006,1.138,0.898,0.018,0.015,0.99,1
252,1086.04,1265.25,15.4399,0.0004,0.894,0.684,0.009,0.009,0.988,1
361,1802.17,1424.69,15.7957,0.0004,1.127,0.959,0.011,0.01,0.988,1
1094,956.651,1194.1,17.1386,0.0008,1.453,1.318,0.017,0.025,0.98,1
1557,1749.71,1733.36,17.6426,0.0012,1.407,1.225,0.023,0.035,0.98,1
1886,1494.37,1153.06,18.0724,0.0015,1.126,0.804,0.035,0.037,0.98,1
2061,875.916,1348.77,18.2546,0.0016,1.095,0.894,0.039,0.041,0.98,1
223,921.294,1749.77,15.273,0.0012,1.068,0.913,0.019,0.016,0.979,1
309,1146.37,1634.88,15.1545,0.0005,1.9,1.721,0.014,0.013,0.97,1
2032,1328.48,1715.35,18.1388,0.0019,1.238,1.03,0.037,0.047,0.97,1
2231,1485.79,1812.04,18.3477,0.0018,1.188,0.967,0.039,0.045,0.97,1
119,1081.06,1548.08,14.6363,0.0003,0.838,0.67,0.01,0.009,0.966,1
360,1324.4,1533.17,15.8818,0.0005,0.865,0.687,0.012,0.01,0.964,1
370,1632.6,1787.65,15.9906,0.0006,0.589,0.444,0.015,0.012,0.961,1
1590,1056.87,1140.49,17.816,0.0012,1.226,0.995,0.029,0.031,0.96,1
1924,1426.67,1850.05,18.1189,0.0017,1.085,0.847,0.038,0.036,0.96,1
31,1407.87,1276.52,12.8396,0.0002,1.386,1.184,0.006,0.005,0.956,1
112,1055.57,1885.83,14.5451,0.0004,0.942,0.752,0.017,0.015,0.955,1
1617,1178.34,1320.05,17.8736,0.0012,1.215,1.056,0.041,0.034,0.95,1
427,1248.6,998.355,16.1778,0.0005,0.718,0.584,0.011,0.009,0.941,1
127,1421.08,1524.22,14.3122,0.0003,1.618,1.521,0.009,0.008,0.94,1
197,1464.95,1571.29,14.8915,0.0003,1.542,1.417,0.01,0.009,0.94,1
278,1195.51,1454.13,15.3663,0.0004,1.378,1.175,0.01,0.009,0.94,1
581,1293.95,1642.72,16.589,0.0016,0.975,0.77,0.031,0.024,0.94,1
2430,1309.84,1897.96,18.61,0.0029,1.182,0.983,0.049,0.055,0.94,1
196,1237.26,1042.29,15.1339,0.0003,1.048,0.806,0.006,0.006,0.931,1
1314,979.787,1500.58,17.5184,0.0011,1.138,0.922,0.021,0.023,0.93,1
1702,1811.38,1388.91,17.8658,0.0014,1.376,1.233,0.029,0.04,0.93,1
1867,967.505,1823.99,18.0248,0.0015,1.222,1.018,0.033,0.04,0.93,1
2147,746.982,1635.16,18.2125,0.0013,1.339,1.007,0.035,0.046,0.93,1
158,1472.33,1449.23,14.9443,0.0003,0.863,0.675,0.009,0.008,0.925,1
251,1130.29,1959.35,15.4184,0.0004,0.94,0.782,0.013,0.011,0.925,1
517,867.906,1322.85,16.3314,0.0006,0.92,0.73,0.012,0.011,0.92,1
138,912.869,1792.07,14.8114,0.0003,0.65,0.532,0.015,0.013,0.916,1
91,1191.36,1629.43,13.9945,0.0003,1.504,1.445,0.011,0.009,0.912,1
17,1796.48,1230.56,12.7638,0.0002,0.395,0.258,0.007,0.005,0.911,1
346,1793.77,1781.74,15.572,0.0004,1.464,1.3,0.014,0.014,0.91,1
501,1245.53,1665.8,16.1308,0.0009,1.432,1.279,0.023,0.025,0.91,1
1048,1390.69,1869.54,17.2836,0.001,0.984,0.794,0.024,0.022,0.91,1
1625,1262.16,1884.66,17.8436,0.0014,1.122,1.001,0.025,0.033,0.91,1
1651,797.586,1448.14,17.8465,0.0012,1.18,0.954,0.029,0.038,0.91,1
2045,1037.52,961.123,18.0981,0.0019,1.089,1.008,0.049,0.052,0.91,1
2552,1563.18,1814.12,18.6319,0.0021,1.287,0.973,0.048,0.056,0.91,1
369,1462.11,1861.51,15.92,0.0005,0.808,0.603,0.015,0.014,0.909,1
300,1470.36,1470.69,15.6858,0.0004,0.829,0.651,0.01,0.009,0.908,1
29,1364.62,1030.16,13.089,0.0004,0.747,0.584,0.007,0.005,0.906,1
234,1678.58,1874.44,15.4819,0.0004,0.821,0.619,0.014,0.012,0.905,1
778,949.438,1240.66,16.404,0.0006,1.811,1.644,0.011,0.02,0.9,1
1570,1369.4,1808.87,17.7682,0.0016,1.114,0.849,0.026,0.03,0.9,1
1996,1186.22,1907.26,18.1652,0.0018,1.179,0.85,0.036,0.039,0.9,1
2437,1228.13,1615.8,18.4917,0.0023,1.327,1.128,0.049,0.056,0.9,1
93,1059.26,1585.1,13.9556,0.0027,1.489,1.171,0.01,0.009,0.899,1
657,1243.19,1120.92,16.6536,0.0011,1.014,0.799,0.013,0.013,0.897,1
129,1510.63,1055.7,14.814,0.0005,0.561,0.439,0.008,0.005,0.89,1
629,1800.46,1626.3,15.2805,0.0008,2.97,2.516,0.015,0.029,0.89,1
405,946.958,1333.28,15.57,0.0005,1.789,1.667,0.008,0.012,0.89,1
927,1063.36,1792.74,17.0931,0.001,0.941,0.708,0.018,0.019,0.89,1
993,1156.1,1294.3,17.2053,0.0009,1.001,0.775,0.018,0.016,0.89,1
2385,1757.62,1506.68,18.4724,0.0019,1.219,0.929,0.047,0.05,0.89,1
105,918.324,1907.51,14.1085,0.0003,1.566,1.544,0.014,0.014,0.886,1
161,1249.43,1969.09,15.1127,0.0004,0.468,0.365,0.013,0.011,0.886,1
4,1082.75,1607.9,11.4088,0.0005,0.352,0.211,0.008,0.009,0.885,1
90,1090.58,967.485,14.3817,0.0003,0.479,0.349,0.013,0.012,0.885,1
146,1660.12,1475.6,14.9561,0.0003,0.509,0.364,0.008,0.008,0.882,1
11,1415.9,1409.09,12.3533,0.0002,0.409,0.252,0.007,0.006,0.88,1
199,739.583,1350.76,14.4814,0.0003,2.184,1.975,0.007,0.01,0.88,1
348,1527.9,1948.07,15.5877,0.0014,1.463,1.339,0.015,0.015,0.88,1
568,747.366,1438.5,16.0586,0.0005,1.72,1.508,0.012,0.015,0.88,1
976,1150.3,1637.81,16.8951,0.0013,1.393,1.162,0.022,0.025,0.88,1
875,1474.56,1788.96,17.0123,0.0009,0.938,0.741,0.016,0.016,0.88,1
1286,1530.08,1556.01,17.5612,0.0012,0.99,0.683,0.035,0.046,0.88,1
1734,1101.08,1466.46,17.8804,0.0019,1.279,1.194,0.028,0.036,0.88,1
437,1408.82,1478.21,16.1204,0.0006,0.887,0.682,0.012,0.011,0.879,1
344,958.939,1728.64,15.7866,0.0005,0.933,0.689,0.014,0.012,0.872,1
5,1795.44,1165.63,11.2096,0.0007,1.586,1.531,0.013,0.01,0.871,1
164,1670.19,1423.43,14.7406,0.0009,1.523,1.4,0.01,0.01,0.871,1
474,1340.66,1287.67,16.2067,0.0007,0.952,0.717,0.011,0.011,0.871,1
637,1649.93,1068.86,16.6191,0.0007,0.981,0.766,0.013,0.012,0.87,1
1592,927.007,1579.44,17.8232,0.0013,1.149,0.924,0.03,0.032,0.87,1
1620,1036.45,1680.64,17.8736,0.0014,1.018,0.897,0.029,0.03,0.87,1
2427,1074.14,1168.93,18.5019,0.0017,1.345,1.046,0.044,0.057,0.87,1
415,1405.06,1412.09,16.1105,0.0009,0.741,0.592,0.012,0.01,0.862,1
2380,893.147,1370.78,18.554,0.0022,1.23,1.086,0.052,0.062,0.86,1
2674,1253.72,1137.86,18.8757,0.0023,1.476,1.102,0.065,0.094,0.86,1
338,1047.4,1799.96,15.8335,0.0005,0.693,0.522,0.015,0.013,0.858,1
1855,1166.19,1114.81,18.0953,0.0015,1.157,0.914,0.033,0.032,0.85,1
20,1506.12,1360.66,12.7686,0.0002,0.764,0.568,0.008,0.007,0.848,1
683,882.181,1670.4,16.695,0.0007,0.905,0.708,0.015,0.013,0.843,1
989,1419.14,1485.63,17.2299,0.0009,0.908,0.748,0.019,0.019,0.84,1
1796,731.159,1411.42,17.9429,0.0012,1.27,0.977,0.033,0.037,0.84,1
1994,1609.4,1172.22,18.2,0.0016,1.189,1.029,0.036,0.044,0.84,1
2316,1017.73,1986.54,18.387,0.0017,1.249,1.182,0.043,0.056,0.84,1
2280,1441.3,949.851,18.4064,0.0018,1.136,0.99,0.043,0.052,0.84,1
2289,1786.1,1757.61,18.4607,0.0018,1.052,0.891,0.045,0.047,0.84,1
411,1857.42,1617.63,16.0878,0.0008,0.71,0.545,0.012,0.011,0.839,1
157,1624.69,1856.64,14.9932,0.0004,0.66,0.508,0.014,0.013,0.833,1
237,1248.68,1627.2,15.5021,0.0005,0.479,0.347,0.013,0.01,0.831,1
1334,1166.74,1307.72,17.5716,0.0011,1.112,0.823,0.019,0.023,0.83,1
1659,1042.66,1826.48,17.8769,0.0013,1.112,0.874,0.03,0.028,0.83,1
1705,828.044,1487.89,17.9676,0.0014,1.059,0.908,0.03,0.031,0.83,1
2113,1337.49,1298.43,18.274,0.0021,1.297,0.938,0.043,0.047,0.83,1
2185,873.007,1180.79,18.2948,0.0015,1.247,0.949,0.038,0.043,0.83,1
2549,1017.17,1819.21,18.6248,0.002,1.397,1.086,0.091,0.063,0.83,1
2622,1870.76,1453.3,18.781,0.0023,1.293,0.879,0.058,0.059,0.83,1
593,1035.77,1645.29,16.5984,0.0007,0.676,0.554,0.015,0.014,0.826,1
383,1082.92,1434.21,16.0339,0.0008,0.747,0.538,0.017,0.014,0.823,1
766,1562.43,1903.27,16.8632,0.0008,0.853,0.659,0.02,0.016,0.82,1
1499,1337.67,1965.23,17.117,0.0009,2.122,1.721,0.024,0.048,0.82,1
1092,1149.19,1745.98,17.3201,0.0014,0.956,0.778,0.021,0.019,0.82,1
1665,864.019,1618.64,17.8308,0.0014,1.231,0.938,0.028,0.04,0.82,1
1601,1514.89,1022.03,17.8706,0.0014,1.08,0.839,0.025,0.03,0.82,1
1648,1198.22,1302.71,17.8718,0.0013,1.185,0.938,0.025,0.029,0.82,1
1943,1291.47,1386.97,18.1549,0.0016,1.154,1.086,0.035,0.041,0.82,1
2208,1200.87,1123.64,18.4001,0.0019,1.121,0.926,0.045,0.048,0.82,1
224,1233.57,1401.78,15.4124,0.001,0.66,0.489,0.015,0.012,0.819,1
301,896.816,1529.0,15.7233,0.0004,0.664,0.52,0.01,0.009,0.817,1
21,1581.06,1260.31,12.6148,0.0002,1.203,1.0,0.006,0.005,0.812,1
107,1867.71,1613.42,14.447,0.0003,0.879,0.689,0.011,0.009,0.811,1
958,1672.19,1334.66,17.1173,0.0015,1.067,0.771,0.021,0.017,0.81,1
1335,1573.96,1449.84,17.5917,0.0012,1.02,0.762,0.026,0.025,0.81,1
1888,1122.22,1187.67,18.1326,0.0015,1.092,0.919,0.033,0.036,0.81,1
1959,1781.43,1345.3,18.1795,0.0015,1.178,0.889,0.032,0.035,0.81,1
2040,1592.15,1623.24,18.1921,0.0018,1.243,1.012,0.036,0.039,0.81,1
2312,1013.56,1473.03,18.356,0.0018,1.311,1.037,0.038,0.053,0.81,1
2546,1379.96,1660.66,18.6965,0.0027,1.171,0.92,0.052,0.055,0.81,1
917,1761.62,1190.93,17.1734,0.0009,0.898,0.71,0.015,0.016,0.8,1
1260,1534.67,1360.77,17.4969,0.0013,1.15,0.893,0.02,0.024,0.8,1
1432,714.109,1435.91,17.6161,0.001,1.185,0.974,0.022,0.028,0.8,1
1427,1187.01,1759.72,17.6608,0.0013,1.114,0.909,0.021,0.026,0.8,1
2137,1666.18,1491.13,18.2782,0.0017,1.21,0.897,0.046,0.049,0.8,1
1204,1201.52,1218.82,17.505,0.0011,0.895,0.703,0.024,0.023,0.79,1
1306,1521.1,1476.71,17.5927,0.0013,0.969,0.775,0.023,0.022,0.79,1
1629,1010.13,1640.55,17.8539,0.0014,1.04,0.747,0.029,0.029,0.79,1
1687,1122.42,1030.86,17.8891,0.0015,1.256,0.955,0.028,0.035,0.79,1
2063,1385.16,1586.7,18.1947,0.0017,1.224,1.023,0.037,0.046,0.79,1
1912,1298.04,1245.87,18.1969,0.0018,1.3,0.908,0.038,0.036,0.79,1
2247,1527.51,1741.75,18.3488,0.0019,1.146,0.91,0.038,0.052,0.79,1
2265,758.29,1381.3,18.4014,0.0017,1.312,0.974,0.041,0.05,0.79,1
2452,1602.57,1631.85,18.485,0.0022,1.317,1.121,0.043,0.054,0.79,1
2415,1573.07,1365.4,18.4868,0.0018,1.272,0.991,0.039,0.052,0.79,1
583,1282.94,1338.35,16.5122,0.0008,0.909,0.708,0.011,0.011,0.789,1
219,1590.53,1601.56,15.2214,0.0005,1.067,0.868,0.011,0.009,0.783,1
429,1489.33,2003.54,16.0782,0.0006,0.962,0.719,0.012,0.011,0.783,1
8,1339.9,1248.19,11.0843,0.0022,2.533,1.829,0.011,0.006,0.782,1
815,839.884,1419.65,16.9811,0.002,0.929,0.723,0.022,0.019,0.78,1
1303,1638.18,1751.98,17.5136,0.0012,1.084,0.843,0.028,0.028,0.78,1
1285,1135.71,1596.86,17.5142,0.001,1.084,0.871,0.023,0.022,0.78,1
1385,1714.38,1371.97,17.626,0.0012,1.069,0.788,0.02,0.024,0.78,1
1649,1304.97,1441.25,17.9031,0.0015,1.131,0.998,0.026,0.03,0.78,1
1745,1390.79,1277.7,17.9735,0.0015,1.236,0.945,0.032,0.032,0.78,1
1852,841.93,1404.09,18.0912,0.0013,1.089,0.939,0.033,0.038,0.78,1
2225,1749.14,1277.33,18.3717,0.0017,1.165,0.845,0.044,0.046,0.78,1
2664,1107.99,948.075,18.8145,0.0026,1.279,1.025,0.07,0.084,0.78,1
1574,1261.19,1198.73,17.8267,0.0013,1.02,0.782,0.027,0.028,0.77,1
99,1088.44,1250.88,14.4685,0.0003,0.478,0.351,0.006,0.005,0.763,1
1556,1242.18,1444.36,17.3339,0.0014,2.0,1.619,0.024,0.045,0.76,1
2497,1198.75,1791.62,18.6044,0.0023,1.285,0.913,0.05,0.06,0.75,1
2561,739.279,1700.22,18.6816,0.002,1.296,1.092,0.055,0.076,0.75,1
289,1734.33,1395.72,15.5883,0.0005,0.939,0.713,0.009,0.009,0.742,1
598,965.467,1860.43,16.5257,0.0008,0.895,0.706,0.015,0.014,0.742,1
1618,1630.26,1531.67,17.8861,0.0013,1.007,0.75,0.029,0.029,0.74,1
2445,1467.81,1252.59,18.5938,0.0021,1.169,1.044,0.046,0.056,0.74,1
37,1121.34,1808.37,13.0467,0.0003,1.376,1.344,0.011,0.01,0.736,1
296,913.833,1945.97,15.6126,0.0004,0.93,0.764,0.014,0.012,0.731,1
53,1521.0,1952.03,13.3697,0.0002,1.48,1.452,0.01,0.01,0.727,1
152,764.338,1274.37,14.9135,0.0004,0.831,0.657,0.009,0.008,0.722,1
2529,1079.67,1500.97,18.5575,0.002,1.331,0.922,0.047,0.064,0.72,1
2577,1104.47,1363.89,18.6978,0.0021,1.203,0.907,0.059,0.07,0.72,1
2547,1368.88,1630.74,18.7442,0.0026,1.171,1.128,0.057,0.067,0.72,1
2355,1691.13,1771.94,18.7636,0.0025,1.324,1.071,0.068,0.081,0.72,1
1174,1408.37,1197.72,17.1743,0.0031,1.588,1.327,0.017,0.029,0.71,1
1865,780.762,1241.52,18.1482,0.0015,0.909,0.757,0.032,0.034,0.71,1
14,977.643,1294.63,12.6049,0.0004,0.382,0.212,0.007,0.005,0.706,1
857,1249.91,1405.92,16.4455,0.0007,1.979,1.632,0.014,0.025,0.7,1
493,1449.73,1714.31,17.046,0.0021,0.898,0.796,0.043,0.044,0.7,1
2444,1578.56,1702.69,18.5884,0.0025,1.198,0.995,0.049,0.061,0.7,1
2574,1813.32,1470.45,18.7759,0.0024,1.182,1.048,0.055,0.068,0.7,1
2169,1481.25,1958.55,19.2259,0.0032,1.255,1.021,0.041,0.052,0.7,1
211,911.327,1639.61,15.1575,0.0003,1.082,0.922,0.011,0.009,0.69,1
433,1707.16,1776.14,15.5079,0.0005,2.022,1.848,0.013,0.017,0.69,1
2481,1374.89,1608.79,18.7573,0.0032,1.12,1.029,0.065,0.068,0.69,1
2553,1588.63,1823.97,18.623,0.0022,1.284,1.209,0.051,0.08,0.68,1
2473,1697.78,1850.16,18.7041,0.0023,1.104,0.973,0.055,0.073,0.68,1
599,1431.86,1045.72,16.2896,0.0011,1.573,1.382,0.013,0.017,0.67,1
2508,1272.19,1587.63,18.6611,0.0027,1.238,0.921,0.06,0.064,0.67,1
2667,1233.82,1922.42,18.8968,0.0022,1.278,1.024,0.07,0.095,0.67,1
1205,1457.95,1403.26,17.5068,0.0012,0.935,0.7,0.021,0.019,0.66,1
2495,1356.26,1876.77,18.5694,0.0022,1.173,0.904,0.052,0.057,0.65,1
2672,908.151,1243.98,18.9292,0.0023,1.321,1.082,0.072,0.096,0.65,1
2537,1555.4,1337.17,18.6359,0.0024,1.271,1.019,0.054,0.057,0.64,1
26,899.835,1313.18,12.7563,0.0002,1.401,1.336,0.006,0.005,0.632,1
132,1163.99,1705.43,14.6339,0.0003,1.026,0.837,0.012,0.011,0.631,1
42,1528.83,1625.7,13.2277,0.0002,1.284,1.184,0.009,0.008,0.627,1
30,1234.29,1541.82,13.1078,0.0002,0.738,0.581,0.008,0.007,0.619,1
2648,1029.85,1533.77,18.7219,0.0022,1.517,1.156,0.054,0.095,0.61,1
2634,1039.55,1921.36,18.8374,0.0029,1.462,0.883,0.074,0.084,0.6,1
2630,1429.52,1246.92,18.7327,0.0023,1.357,0.96,0.062,0.074,0.59,1
2601,1454.98,1979.32,18.8142,0.0024,1.11,0.927,0.063,0.068,0.59,1
12,1120.21,1291.71,12.3919,0.0001,0.734,0.617,0.006,0.005,0.581,1
2500,1267.49,1382.63,18.577,0.0025,1.193,0.976,0.056,0.054,0.58,1
2568,764.491,1606.41,18.571,0.0021,1.417,1.096,0.055,0.079,0.57,1
2548,1354.08,1510.49,18.6981,0.0024,1.167,0.882,0.049,0.061,0.57,1
1104,1549.57,1459.55,17.1133,0.0014,1.527,1.291,0.022,0.035,0.56,1
68,1130.99,1309.0,12.8988,0.0006,2.551,2.12,0.005,0.006,0.55,1
2022,1623.19,1938.35,18.1619,0.0014,1.184,0.794,0.039,0.036,0.55,1
41,939.91,1680.63,13.0129,0.0004,1.591,1.49,0.009,0.008,0.544,1
2616,1268.16,1961.44,18.7139,0.0021,1.279,0.776,0.078,0.079,0.54,1
2670,1616.58,1122.77,18.9182,0.0026,1.347,1.065,0.054,0.084,0.54,1
1070,1325.82,1253.49,17.1814,0.0025,1.848,1.098,0.076,0.026,0.53,1
1302,1568.67,1313.18,17.5249,0.0011,1.084,0.799,0.021,0.032,0.53,1
2514,921.698,1674.74,18.6868,0.0028,1.247,0.901,0.051,0.069,0.53,1
51,1800.87,1828.47,13.0697,0.0004,1.866,1.724,0.012,0.013,0.522,1
1152,1491.35,1380.64,17.2024,0.0011,1.469,1.336,0.02,0.029,0.5,1
2572,1543.22,1211.03,18.7055,0.0021,1.28,0.943,0.048,0.062,0.49,1
2461,1502.0,1963.94,18.5799,0.005,1.415,0.947,0.05,0.056,0.47,1
58,1659.29,1312.14,13.3832,0.0003,1.631,1.543,0.009,0.01,0.449,1
6,1487.26,1075.66,11.7458,0.0002,0.896,0.692,0.006,0.005,0.419,1
65,1787.6,1635.44,13.0454,0.0007,2.311,1.994,0.01,0.01,0.38,1
1500,1189.19,947.695,18.5974,0.0036,1.088,0.785,0.06,0.047,0.38,1
318,872.376,1203.3,15.0149,0.0004,2.174,1.96,0.007,0.01,0.26,1
94,1775.31,1558.93,13.0847,0.0027,2.944,2.564,0.027,0.075,0.11,1
1920,1768.62,1734.98,17.5438,0.0011,2.109,1.905,0.027,0.067,0.11,1
441,1232.73,1897.33,15.8353,0.0004,1.498,1.32,0.019,0.017,0.09,1
1847,990.534,1068.64,18.4377,0.0073,1.295,1.496,0.069,0.096,0.0,1
801,1480.04,2000.11,16.8631,0.0008,1.013,0.801,0.015,0.016,0.98,0
1065,1192.83,1442.92,17.2685,0.001,1.106,0.835,0.021,0.022,0.98,0
612,1850.74,1584.98,16.4633,0.0007,1.202,0.948,0.025,0.022,0.97,0
784,1770.26,1525.44,16.7587,0.0013,1.291,1.11,0.015,0.016,0.97,0
743,1708.98,1618.89,16.7347,0.0008,1.107,0.88,0.022,0.021,0.96,0
980,1301.21,1143.4,17.1445,0.0009,1.16,0.964,0.016,0.017,0.93,0
1173,1335.22,1181.14,17.3796,0.001,1.096,0.96,0.018,0.021,0.93,0
1247,969.795,1403.38,17.4678,0.001,1.115,0.928,0.022,0.022,0.93,0
385,1167.18,955.402,15.8928,0.0005,1.032,0.817,0.015,0.015,0.923,0
734,1559.71,1587.91,17.0728,0.0033,1.077,0.843,0.056,0.046,0.922,0
64,1232.56,939.28,13.9318,0.0008,0.506,0.353,0.012,0.01,0.909,0
332,1821.13,1388.22,15.7244,0.0005,1.056,0.816,0.009,0.009,0.909,0
2177,1209.17,1633.44,18.1919,0.0015,1.45,1.392,0.038,0.058,0.9,0
1069,1716.2,1170.97,17.2585,0.0009,1.214,0.904,0.059,0.02,0.89,0
1189,865.115,1830.88,17.3781,0.0011,1.028,0.801,0.026,0.024,0.89,0
50,1755.37,1113.77,13.6878,0.0004,0.439,0.263,0.007,0.005,0.881,0
775,967.059,1457.81,16.5245,0.0007,1.61,1.418,0.013,0.018,0.88,0
1274,990.172,1221.2,17.4455,0.001,1.244,1.074,0.025,0.028,0.88,0
546,1620.73,1110.97,16.0543,0.0006,1.702,1.483,0.012,0.016,0.87,0
580,1189.59,1830.16,16.4186,0.0008,1.069,0.878,0.015,0.015,0.87,0
1099,1641.5,1232.33,17.2117,0.0009,1.293,1.061,0.016,0.02,0.87,0
836,1120.86,1673.31,16.9428,0.0008,1.021,0.844,0.019,0.018,0.869,0
964,1659.8,1898.13,17.1125,0.0009,1.055,0.842,0.022,0.021,0.86,0
407,1414.68,1821.43,15.9556,0.0007,1.03,0.835,0.014,0.014,0.858,0
35,1162.55,1776.33,13.3458,0.0002,0.391,0.277,0.011,0.009,0.852,0
334,1318.17,1648.27,15.4469,0.0009,1.635,1.484,0.017,0.019,0.85,0
849,1631.9,1449.24,16.959,0.0008,1.091,0.966,0.016,0.018,0.85,0
56,1349.94,2002.93,13.7908,0.0002,0.483,0.325,0.011,0.011,0.841,0
436,1601.03,1005.5,15.835,0.0006,1.583,1.413,0.01,0.013,0.84,0
669,863.498,1686.94,16.5342,0.0007,1.207,0.898,0.015,0.013,0.836,0
400,1209.82,1022.47,15.6975,0.0008,1.631,1.46,0.009,0.011,0.83,0
780,1100.9,1274.82,16.8079,0.001,1.118,0.926,0.016,0.016,0.82,0
1095,1397.48,1541.44,17.2809,0.001,1.142,0.878,0.018,0.018,0.82,0
1219,1594.18,1223.6,17.4077,0.001,1.203,0.958,0.02,0.024,0.82,0
1995,737.345,1629.66,18.0513,0.0014,1.394,1.112,0.036,0.046,0.82,0
126,1500.74,1573.66,14.392,0.0003,1.479,1.401,0.012,0.01,0.811,0
495,1739.4,1400.05,16.3423,0.0024,0.675,0.485,0.013,0.012,0.81,0
810,1314.41,1723.97,16.4734,0.0007,1.786,1.542,0.015,0.024,0.81,0
911,1231.93,1107.67,17.0224,0.0008,1.182,1.028,0.015,0.016,0.81,0
319,1078.06,1714.74,15.5044,0.0007,1.351,1.19,0.012,0.012,0.802,0
481,848.347,1789.67,16.2639,0.0006,0.741,0.619,0.015,0.013,0.802,0
1172,706.228,1563.95,17.2138,0.0009,1.357,1.006,0.019,0.025,0.8,0
330,1124.3,1493.76,15.8056,0.0005,0.862,0.692,0.015,0.013,0.799,0
1136,1710.28,1382.39,17.2999,0.0011,1.189,0.922,0.019,0.02,0.79,0
1220,1728.39,1699.39,17.3701,0.0009,1.208,0.952,0.023,0.026,0.79,0
738,1201.21,1830.98,16.3593,0.0007,1.76,1.557,0.015,0.02,0.78,0
1267,1487.02,964.885,17.4367,0.001,1.148,0.872,0.024,0.027,0.78,0
292,1294.39,1697.22,15.6854,0.0005,0.634,0.463,0.013,0.011,0.779,0
239,1508.32,1035.79,15.4458,0.0004,0.804,0.645,0.009,0.008,0.77,0
1052,1114.71,1040.95,17.2391,0.001,1.155,0.971,0.019,0.019,0.77,0
1612,833.818,1601.39,17.7874,0.0018,1.229,0.941,0.027,0.03,0.77,0
1862,1431.29,1491.59,17.9062,0.0014,1.447,1.3,0.031,0.051,0.77,0
1842,1333.69,1776.25,18.1034,0.0017,1.027,0.836,0.032,0.035,0.77,0
2143,812.273,1186.0,18.3542,0.0016,1.188,0.9,0.041,0.045,0.77,0
2299,1038.25,1302.92,18.4094,0.0016,1.202,0.966,0.042,0.051,0.77,0
431,1746.76,1422.53,16.2227,0.0006,0.566,0.455,0.01,0.009,0.765,0
905,1683.08,1512.61,16.9706,0.0022,1.258,1.049,0.015,0.018,0.76,0
1008,1356.67,1696.45,17.3587,0.0017,0.823,0.642,0.039,0.029,0.76,0
1257,978.595,1451.33,17.4407,0.001,1.202,0.962,0.018,0.022,0.76,0
1457,1156.3,1286.97,17.7332,0.0014,1.072,0.944,0.025,0.029,0.76,0
1876,1507.85,1743.92,18.2137,0.0017,1.037,1.092,0.048,0.051,0.76,0
2512,1609.73,1290.04,18.4881,0.0018,1.418,1.0,0.047,0.062,0.76,0
2405,1685.28,1241.51,18.5251,0.002,1.309,1.154,0.051,0.064,0.76,0
365,1275.54,1242.61,15.8217,0.0005,1.122,0.95,0.011,0.01,0.754,0
392,1514.19,1927.32,16.0398,0.0006,0.686,0.5,0.013,0.012,0.75,0
1234,1433.17,1540.24,17.5305,0.0023,1.319,1.15,0.056,0.059,0.75,0
1435,916.322,1316.6,17.6526,0.0013,1.236,0.966,0.031,0.033,0.75,0
1597,1646.49,1263.31,17.7827,0.0033,1.343,1.068,0.034,0.037,0.75,0
2120,1717.21,1424.58,18.3239,0.002,1.168,0.948,0.04,0.038,0.75,0
2125,1719.76,1531.94,18.3305,0.0017,1.197,0.951,0.041,0.048,0.75,0
610,954.746,1947.18,16.5333,0.0008,1.023,0.816,0.015,0.015,0.741,0
946,1147.52,1840.23,17.0169,0.0021,1.26,1.079,0.025,0.026,0.74,0
1480,1053.22,1966.91,17.6894,0.0012,1.127,0.878,0.025,0.026,0.74,0
1884,1270.3,1695.56,18.0602,0.0016,1.253,1.012,0.035,0.038,0.74,0
2027,1369.1,1096.81,18.256,0.0017,1.22,1.005,0.036,0.044,0.74,0
2330,1186.9,1225.38,18.4338,0.0017,1.242,1.025,0.042,0.045,0.74,0
2423,1255.7,1905.19,18.5263,0.002,1.12,1.053,0.049,0.061,0.74,0
545,1872.31,1329.78,16.0038,0.0006,1.764,1.657,0.01,0.014,0.73,0
1018,941.379,1652.05,17.1434,0.0013,1.248,0.954,0.02,0.021,0.73,0
1011,1865.03,1365.29,17.1631,0.0009,1.157,0.926,0.017,0.018,0.73,0
1316,1554.04,1202.75,17.478,0.001,1.272,1.169,0.023,0.03,0.73,0
1739,1376.98,1184.06,17.9601,0.0016,1.148,0.995,0.029,0.032,0.73,0
1945,1055.69,1931.06,17.968,0.0015,1.436,1.253,0.043,0.049,0.73,0
1983,960.078,1697.5,18.1556,0.0017,1.295,1.1,0.034,0.04,0.73,0
2133,1361.34,1701.79,18.1895,0.0017,1.397,1.013,0.04,0.049,0.73,0
2361,1098.44,1146.4,18.5007,0.002,1.246,0.972,0.048,0.055,0.73,0
840,1218.21,1190.19,16.9397,0.0015,1.213,1.022,0.02,0.02,0.72,0
2164,778.061,1499.31,18.1678,0.0014,1.402,1.066,0.04,0.057,0.72,0
2104,1412.86,1506.04,18.2766,0.0017,1.219,1.026,0.04,0.049,0.72,0
2237,1354.55,1417.76,18.3287,0.0019,1.282,1.016,0.035,0.043,0.72,0
2373,801.211,1658.89,18.4552,0.0019,1.158,0.995,0.041,0.054,0.72,0
2314,1113.17,1434.31,18.4666,0.002,1.174,0.966,0.04,0.048,0.72,0
1325,1770.25,1712.41,17.5592,0.0011,1.105,0.834,0.027,0.026,0.71,0
1510,1367.98,1832.59,17.7,0.0013,1.116,0.88,0.026,0.026,0.71,0
1789,1117.26,1786.15,17.8388,0.0014,1.514,1.308,0.03,0.046,0.71,0
1626,979.443,1554.06,17.8982,0.0012,1.184,1.014,0.03,0.034,0.71,0
2082,1542.47,1082.15,18.2465,0.0017,1.217,1.04,0.037,0.048,0.71,0
2112,1649.41,1850.68,18.2565,0.0018,1.172,1.024,0.038,0.043,0.71,0
2116,1189.29,1213.61,18.3038,0.0015,1.155,0.815,0.035,0.039,0.71,0
350,1283.81,1154.94,15.7666,0.0005,1.064,0.942,0.017,0.02,0.706,0
339,924.294,1051.57,15.4276,0.0004,1.684,1.563,0.006,0.009,0.7,0
299,1078.41,1475.07,15.5994,0.0004,1.023,0.833,0.009,0.009,0.7,0
761,1153.25,1329.23,16.7494,0.0008,1.078,0.863,0.014,0.013,0.7,0
1078,1527.22,1663.28,17.237,0.001,1.183,0.937,0.021,0.022,0.7,0
1231,1391.69,1263.54,17.4137,0.0015,1.12,0.857,0.022,0.023,0.7,0
1344,995.567,1114.82,17.4712,0.001,1.354,1.142,0.022,0.028,0.7,0
1324,1335.56,1154.01,17.5431,0.0014,1.175,0.878,0.02,0.023,0.7,0
1483,943.042,1111.69,17.6887,0.0015,1.215,0.978,0.029,0.033,0.7,0
1901,1210.07,1533.54,18.1024,0.0019,1.171,0.895,0.034,0.036,0.7,0
2306,1549.91,1544.53,18.5098,0.0022,1.235,1.029,0.041,0.046,0.7,0
2436,1757.15,1869.97,18.5278,0.002,1.282,0.92,0.047,0.053,0.7,0
2496,870.006,1571.81,18.5534,0.0018,1.258,0.989,0.048,0.061,0.7,0
120,1027.26,1421.19,14.3365,0.0003,1.495,1.427,0.008,0.008,0.699,0
377,914.378,1686.72,15.8394,0.0006,1.152,0.993,0.013,0.012,0.692,0
108,1201.7,1371.34,14.4617,0.0003,0.95,0.754,0.007,0.006,0.69,0
171,1260.58,940.033,14.718,0.0003,1.551,1.437,0.014,0.014,0.69,0
1805,711.47,1564.27,17.9694,0.0016,1.161,1.009,0.034,0.038,0.69,0
2292,1756.63,1363.29,18.4584,0.0019,1.106,0.839,0.045,0.04,0.69,0
2239,1366.41,1568.75,18.495,0.0022,1.118,0.962,0.047,0.059,0.69,0
169,1344.97,1014.9,15.0766,0.0003,0.767,0.596,0.008,0.007,0.683,0
1462,1639.34,1908.57,17.6764,0.0014,1.083,0.81,0.028,0.029,0.68,0
1929,1725.77,1367.23,18.1136,0.0015,1.178,0.994,0.056,0.062,0.68,0
2136,858.748,1380.14,18.3417,0.0016,1.178,0.955,0.039,0.042,0.68,0
2243,1732.15,1319.19,18.3758,0.0018,1.141,0.993,0.043,0.052,0.68,0
2393,1419.79,1585.18,18.4325,0.002,1.377,0.985,0.049,0.052,0.68,0
85,1332.82,1565.52,14.3121,0.0003,0.492,0.382,0.01,0.009,0.671,0
229,1419.08,1253.36,15.0353,0.0004,1.567,1.486,0.008,0.008,0.67,0
681,1340.07,1662.49,16.7354,0.0013,0.882,0.716,0.015,0.015,0.67,0
789,1609.45,1055.13,16.8351,0.0007,1.167,1.025,0.014,0.016,0.67,0
1171,1722.96,1423.86,17.3346,0.001,1.117,0.976,0.022,0.022,0.67,0
1797,1703.08,1326.65,17.9898,0.0014,1.225,0.921,0.032,0.032,0.67,0
1880,776.506,1658.85,18.0568,0.0015,1.205,0.965,0.03,0.038,0.67,0
2234,1196.51,1410.32,18.3247,0.0018,1.245,1.038,0.042,0.054,0.67,0
2325,885.254,1835.37,18.4043,0.0019,1.241,1.049,0.046,0.055,0.67,0
2345,969.373,1265.44,18.4125,0.0018,1.228,1.041,0.044,0.056,0.67,0
2412,1094.21,1951.85,18.4999,0.002,1.31,0.99,0.041,0.046,0.67,0
543,1717.65,1706.74,16.0526,0.0005,1.656,1.535,0.014,0.017,0.66,0
663,1358.89,1162.77,16.295,0.0006,1.703,1.403,0.01,0.016,0.66,0
535,1569.75,1607.69,16.3182,0.0007,1.013,0.833,0.014,0.012,0.66,0
1248,1091.08,1755.67,17.4613,0.0011,1.047,0.856,0.023,0.022,0.66,0
2106,1012.11,1585.24,18.2455,0.0017,1.229,0.936,0.034,0.04,0.66,0
1939,974.188,1218.32,18.3107,0.0017,1.159,0.962,0.059,0.056,0.66,0
190,1564.87,1623.39,15.14,0.0004,0.9,0.704,0.013,0.01,0.653,0
577,1179.72,1553.38,16.4809,0.0007,0.94,0.763,0.014,0.013,0.65,0
1883,1535.93,1762.52,17.5927,0.0017,1.087,1.028,0.035,0.041,0.65,0
1486,1614.46,1097.83,17.7523,0.0012,1.121,0.851,0.028,0.025,0.65,0
1999,1881.82,1495.67,18.2013,0.0016,1.114,0.944,0.038,0.041,0.65,0
2081,1048.33,1485.6,18.261,0.0017,1.232,1.016,0.035,0.042,0.65,0
2318,1649.2,1029.88,18.4324,0.0015,1.32,0.979,0.046,0.054,0.65,0
922,1286.66,1347.24,17.0563,0.001,1.085,0.889,0.017,0.018,0.649,0
102,1104.66,1969.02,14.4788,0.0003,0.516,0.408,0.011,0.01,0.641,0
1478,1004.06,1639.52,17.3463,0.001,1.778,1.473,0.02,0.035,0.64,0
1148,1877.99,1522.62,17.3568,0.0011,1.034,0.832,0.021,0.021,0.64,0
1899,1211.82,1740.13,18.0536,0.0016,1.15,0.846,0.033,0.037,0.64,0
676,875.185,1591.0,16.5623,0.0006,1.187,1.028,0.014,0.013,0.63,0
2331,1531.9,1281.33,18.406,0.0018,1.317,1.051,0.041,0.054,0.63,0
539,1199.39,1765.54,16.3353,0.0008,1.102,0.926,0.018,0.015,0.628,0
200,1174.58,1081.77,16.0362,0.0025,1.011,0.91,0.052,0.041,0.624,0
1647,944.58,1878.22,17.8291,0.0013,1.163,1.012,0.03,0.037,0.62,0
2146,1452.01,1589.62,18.2585,0.0018,1.296,1.037,0.041,0.048,0.62,0
225,1316.31,990.72,14.9968,0.0003,1.479,1.264,0.018,0.02,0.618,0
729,1280.22,1785.63,16.6859,0.0009,1.031,0.789,0.017,0.015,0.612,0
818,1331.3,1287.27,16.8851,0.0011,1.154,0.937,0.018,0.015,0.61,0
1472,1767.55,1202.09,17.6567,0.0012,1.21,0.926,0.022,0.028,0.61,0
1614,965.462,1780.98,17.7463,0.0013,1.275,1.133,0.029,0.037,0.61,0
1615,1208.25,991.798,17.9312,0.0014,1.092,0.88,0.029,0.033,0.61,0
1856,1539.83,1110.05,17.9902,0.0015,1.331,1.111,0.029,0.037,0.61,0
1801,1496.8,1944.84,18.0018,0.0016,1.152,0.925,0.032,0.035,0.61,0
1951,892.735,1665.28,18.0304,0.0014,1.281,1.059,0.029,0.037,0.61,0
2172,992.453,1571.17,18.264,0.0019,1.306,1.079,0.034,0.045,0.61,0
2450,1323.4,1882.48,18.5474,0.0043,1.349,1.27,0.05,0.069,0.61,0
2,791.579,1284.09,11.2126,0.0004,0.338,0.248,0.007,0.009,0.606,0
423,1855.37,1642.11,15.973,0.0005,1.109,0.945,0.013,0.012,0.6,0
1558,1401.49,1402.07,17.8528,0.0021,1.159,0.935,0.033,0.045,0.6,0
1866,895.888,1454.81,18.0837,0.0014,1.105,0.9,0.029,0.034,0.6,0
2075,1307.09,1845.38,18.2481,0.0017,1.091,0.834,0.043,0.046,0.6,0
302,1515.03,1610.36,15.6096,0.0005,0.977,0.77,0.011,0.01,0.597,0
1029,1381.03,1096.56,17.1504,0.0008,1.276,0.997,0.016,0.02,0.59,0
2004,1470.41,1836.33,18.1243,0.0015,1.245,1.029,0.036,0.046,0.59,0
2200,805.648,1555.98,18.3113,0.0015,1.2,0.867,0.055,0.072,0.59,0
368,1511.05,1753.24,15.894,0.0007,1.004,0.869,0.055,0.053,0.589,0
153,1534.86,1921.43,14.8877,0.0004,0.9,0.711,0.014,0.011,0.584,0
362,1067.48,969.818,15.9203,0.0005,0.704,0.566,0.015,0.013,0.582,0
1769,970.676,1789.73,17.9302,0.0015,1.259,1.069,0.036,0.038,0.58,0
1748,1315.65,1951.03,18.0049,0.0014,1.027,0.8,0.035,0.036,0.58,0
2329,1001.38,1800.87,18.2893,0.0022,1.448,1.176,0.04,0.055,0.58,0
2249,799.232,1601.25,18.3058,0.0015,1.296,1.101,0.042,0.054,0.58,0
2259,1104.98,1524.67,18.3993,0.0019,1.229,1.103,0.036,0.046,0.58,0
2441,1078.77,1139.74,18.4915,0.0029,1.408,0.998,0.045,0.057,0.58,0
470,1608.21,1220.01,16.1993,0.0006,0.924,0.695,0.011,0.009,0.571,0
882,1338.54,1649.52,17.0169,0.001,0.946,0.647,0.022,0.022,0.57,0
1424,814.771,1711.51,17.5435,0.001,1.305,1.01,0.025,0.027,0.57,0
2096,777.794,1318.41,18.282,0.0017,1.16,0.987,0.045,0.06,0.57,0
2176,1557.69,1783.12,18.2908,0.0019,1.208,1.093,0.043,0.045,0.57,0
2365,1237.92,1187.62,18.4881,0.0019,1.17,0.877,0.045,0.047,0.57,0
555,1654.68,1104.85,16.431,0.0007,0.983,0.768,0.012,0.013,0.568,0
193,1084.36,1718.1,15.1464,0.0006,0.946,0.748,0.014,0.012,0.566,0
698,892.52,1235.57,16.7255,0.0007,1.0,0.789,0.015,0.013,0.56,0
858,1632.23,1270.02,16.8912,0.0008,1.276,1.11,0.015,0.018,0.56,0
912,1416.49,961.234,16.9342,0.0008,1.26,1.109,0.022,0.024,0.56,0
907,1121.62,1990.9,17.0043,0.001,1.099,0.835,0.017,0.018,0.56,0
1019,999.02,1514.85,17.1519,0.0014,1.372,1.152,0.023,0.024,0.56,0
908,1847.59,1310.98,17.2307,0.0035,1.251,1.103,0.037,0.035,0.56,0
1140,1265.77,1624.93,17.3652,0.001,0.994,0.716,0.019,0.019,0.56,0
1542,915.368,1277.06,17.783,0.0012,1.089,0.983,0.023,0.032,0.56,0
1835,1323.31,1136.47,18.0035,0.0015,1.251,0.989,0.032,0.037,0.56,0
2406,1241.77,1302.49,18.4949,0.0019,1.307,1.055,0.049,0.058,0.56,0
70,1071.69,949.264,13.8924,0.0002,0.859,0.706,0.012,0.011,0.555,0
366,1223.98,1813.83,15.6753,0.0006,1.37,1.192,0.015,0.014,0.55,0
726,1629.88,1546.33,16.7793,0.0007,0.942,0.736,0.015,0.014,0.55,0
1210,1766.15,1498.78,17.5214,0.0021,1.022,0.987,0.04,0.046,0.55,0
1238,1459.34,1074.16,17.6202,0.0013,1.036,0.904,0.025,0.026,0.55,0
1563,1369.36,1203.7,17.7013,0.0013,1.292,1.078,0.026,0.033,0.55,0
1726,1318.28,1031.02,17.9389,0.0016,1.249,0.873,0.027,0.032,0.55,0
1764,1229.86,1852.15,17.9806,0.0016,1.15,1.045,0.029,0.033,0.55,0
2108,940.554,1496.08,18.3044,0.0019,1.129,1.075,0.043,0.052,0.55,0
2324,1250.26,1991.53,18.3848,0.0017,1.198,0.962,0.045,0.054,0.55,0
844,1590.78,1370.2,16.9591,0.0009,1.067,0.81,0.017,0.016,0.54,0
1845,1106.97,1703.31,17.9465,0.0021,1.153,1.011,0.035,0.042,0.54,0
1998,1049.45,1010.91,18.1859,0.0017,1.273,1.076,0.036,0.046,0.54,0
2428,1317.45,1392.35,18.4539,0.0021,1.348,1.158,0.043,0.054,0.54,0
2411,1723.83,1363.37,18.5397,0.0021,1.216,0.915,0.055,0.073,0.54,0
13,1330.83,1586.62,12.6227,0.0002,0.368,0.264,0.009,0.007,0.537,0
646,937.944,1250.18,16.6629,0.0007,0.872,0.676,0.015,0.013,0.537,0
774,1148.2,932.854,16.8164,0.0007,0.946,0.755,0.019,0.019,0.536,0
473,1150.71,1700.32,16.1228,0.0006,1.092,0.89,0.014,0.013,0.53,0
1345,1759.19,1542.24,17.544,0.0012,1.242,0.993,0.022,0.025,0.53,0
1727,1265.62,1220.22,17.9763,0.0021,1.164,0.89,0.036,0.036,0.53,0
2215,1456.89,1882.39,18.4191,0.0018,1.029,0.823,0.046,0.046,0.53,0
329,1605.58,1604.36,15.7179,0.0005,1.0,0.797,0.012,0.011,0.524,0
800,1251.75,1188.64,16.8421,0.0008,1.144,0.965,0.014,0.016,0.52,0
1823,1541.46,1820.79,18.0226,0.0015,1.104,0.838,0.034,0.038,0.52,0
1971,941.33,1871.33,18.1161,0.0015,1.177,0.886,0.04,0.041,0.52,0
2019,1667.96,1634.2,18.2236,0.0016,1.061,0.998,0.037,0.046,0.52,0
2334,892.322,1765.47,18.2482,0.0016,1.536,1.118,0.041,0.053,0.52,0
371,1524.07,1368.66,15.9125,0.0005,0.96,0.757,0.01,0.009,0.519,0
1258,875.716,1700.93,17.4367,0.001,1.119,0.832,0.023,0.025,0.514,0
382,1794.49,1798.77,15.8549,0.0007,1.153,0.976,0.018,0.012,0.511,0
1157,1044.38,1374.65,17.3203,0.0009,1.176,1.003,0.018,0.022,0.51,0
1508,1852.07,1636.62,17.8085,0.0014,1.175,0.905,0.038,0.039,0.51,0
2151,1030.48,1289.53,18.2346,0.0016,1.356,1.119,0.042,0.054,0.51,0
288,1461.55,1043.96,15.3086,0.0004,1.571,1.458,0.009,0.01,0.5,0
689,999.559,1038.96,16.6994,0.0009,1.067,0.837,0.015,0.013,0.5,0
878,1043.26,1769.9,16.9679,0.0008,1.062,0.903,0.019,0.019,0.5,0
1908,1669.95,1289.25,17.9257,0.0016,1.539,1.252,0.032,0.048,0.5,0
2278,1303.71,1916.28,18.3858,0.0018,1.233,0.95,0.042,0.053,0.5,0
2220,862.181,1510.79,18.4141,0.0017,1.062,0.863,0.042,0.044,0.5,0
86,1085.76,1105.65,14.3232,0.0003,0.451,0.304,0.007,0.006,0.494,0
533,1290.94,1689.63,16.3429,0.0007,1.005,0.776,0.015,0.014,0.49,0
805,1337.06,993.896,16.9007,0.0007,1.052,0.844,0.015,0.016,0.49,0
1388,1215.03,1292.13,17.5747,0.0021,1.263,0.998,0.022,0.027,0.49,0
1682,793.185,1583.5,17.9578,0.0013,1.086,0.887,0.036,0.036,0.49,0
2103,1651.81,1903.06,18.2553,0.0018,1.128,0.829,0.041,0.047,0.49,0
2071,1217.1,1719.23,18.2872,0.0033,1.304,1.21,0.056,0.058,0.49,0
2344,1546.31,1041.45,18.4527,0.0019,1.278,1.141,0.042,0.07,0.49,0
551,1336.19,1405.85,16.4917,0.0008,0.748,0.634,0.013,0.011,0.489,0
446,1524.02,1919.15,16.069,0.0005,1.07,0.869,0.013,0.012,0.484,0
142,1425.2,1234.78,14.7668,0.0004,0.985,0.779,0.007,0.006,0.48,0
2053,1451.56,1928.42,18.2095,0.0017,1.233,1.181,0.094,0.085,0.48,0
2271,1677.36,1190.15,18.3444,0.0016,1.375,1.044,0.045,0.056,0.48,0
259,1565.75,1470.84,15.1689,0.0004,1.554,1.385,0.008,0.009,0.47,0
794,1570.17,1976.99,16.7206,0.0007,1.342,1.216,0.016,0.018,0.47,0
851,1508.01,1179.48,16.9554,0.0008,1.138,0.92,0.017,0.016,0.47,0
1442,1119.06,1951.57,17.4535,0.0011,1.546,1.258,0.024,0.032,0.47,0
1421,1330.2,1705.08,17.676,0.0013,1.043,0.909,0.024,0.026,0.47,0
1546,880.598,1597.97,17.7682,0.0013,1.111,0.913,0.025,0.03,0.47,0
1673,850.63,1583.03,17.8762,0.0013,1.121,0.822,0.029,0.03,0.47,0
1694,995.94,1056.49,17.8953,0.0018,1.316,1.112,0.032,0.042,0.47,0
527,1759.02,1228.5,16.2922,0.0007,1.147,0.943,0.012,0.013,0.465,0
247,774.75,1672.95,15.0317,0.0003,1.687,1.454,0.012,0.012,0.46,0
771,1366.97,1279.47,16.4038,0.0008,1.843,1.609,0.017,0.024,0.46,0
961,1573.06,1493.59,17.1159,0.0009,1.105,0.877,0.018,0.019,0.46,0
2358,1743.14,1511.89,18.4452,0.0019,1.247,1.147,0.052,0.066,0.46,0
406,1440.28,1552.0,15.9705,0.0005,1.007,0.82,0.012,0.011,0.45,0
1921,1048.86,1547.65,18.1111,0.0015,1.322,1.071,0.049,0.05,0.45,0
2186,1665.44,1285.65,18.3592,0.002,1.192,0.929,0.042,0.053,0.45,0
2157,985.312,1074.08,18.4857,0.0026,1.141,0.952,0.069,0.057,0.45,0
36,1610.89,1917.91,13.221,0.0009,1.0,0.874,0.01,0.009,0.446,0
848,823.926,1328.06,16.9888,0.0008,0.989,0.776,0.016,0.016,0.442,0
1540,1829.7,1566.79,17.7075,0.0011,1.237,1.021,0.022,0.03,0.44,0
2036,1408.28,1240.96,18.2898,0.0019,1.305,1.102,0.042,0.043,0.44,0
2588,1532.05,1890.8,18.7465,0.0022,1.233,0.844,0.063,0.065,0.44,0
163,1272.03,1284.8,14.9261,0.0003,1.053,0.852,0.007,0.006,0.433,0
463,1626.17,1233.73,16.1713,0.0013,1.018,0.769,0.012,0.011,0.433,0
995,1649.05,1266.84,16.8283,0.0008,1.712,1.503,0.017,0.026,0.43,0
860,939.49,1115.21,16.9261,0.0009,1.178,0.987,0.015,0.02,0.43,0
1009,1422.19,1003.9,17.2042,0.0009,1.113,0.857,0.018,0.018,0.43,0
2080,1775.58,1388.65,18.312,0.0016,1.111,0.931,0.036,0.045,0.43,0
2297,1114.45,1533.72,18.4492,0.0023,1.283,1.068,0.046,0.054,0.43,0
2575,1405.03,1705.55,18.6106,0.0022,1.418,1.182,0.05,0.069,0.43,0
2555,1607.61,1404.69,18.6903,0.0025,1.288,1.032,0.047,0.067,0.43,0
1264,1296.66,1116.4,17.4614,0.001,1.179,1.007,0.023,0.025,0.42,0
1408,1519.81,1054.11,17.6584,0.0012,1.144,1.018,0.027,0.029,0.42,0
1606,1870.7,1517.26,17.8485,0.0013,1.099,0.915,0.027,0.03,0.42,0
2296,889.44,1243.46,18.3463,0.0017,1.298,0.914,0.042,0.052,0.42,0
2253,1070.8,1179.33,18.4069,0.0019,1.247,1.107,0.035,0.053,0.42,0
44,1749.47,1395.08,13.52,0.0002,0.663,0.512,0.008,0.006,0.417,0
115,1838.95,1508.86,14.5078,0.0003,1.037,0.855,0.009,0.008,0.417,0
841,955.603,1640.94,16.9213,0.0007,1.089,0.896,0.015,0.016,0.41,0
1293,839.088,1288.87,17.473,0.0011,1.167,0.878,0.021,0.024,0.41,0
2131,1594.82,1278.01,18.2935,0.0018,1.242,1.096,0.037,0.05,0.41,0
2474,1107.56,1250.65,18.5781,0.0021,1.369,1.209,0.052,0.071,0.41,0
2643,1136.46,1850.06,18.8409,0.0026,1.216,0.976,0.062,0.075,0.41,0
831,1203.57,1263.68,16.7417,0.0008,1.452,1.243,0.014,0.019,0.4,0
1667,1383.16,910.675,17.1132,0.0009,2.32,1.774,0.04,0.073,0.4,0
1422,1435.7,1458.46,17.4163,0.001,1.544,1.322,0.019,0.028,0.4,0
1632,1452.02,1470.72,17.8636,0.0013,1.097,0.89,0.026,0.03,0.4,0
1917,1426.52,1179.05,18.1023,0.0015,1.291,0.964,0.029,0.032,0.4,0
2163,1617.33,1026.57,18.1804,0.0015,1.549,1.2,0.038,0.052,0.4,0
2179,1145.16,980.398,18.2862,0.0018,1.256,1.086,0.045,0.053,0.4,0
2142,1148.09,1715.62,18.3365,0.0021,1.079,0.839,0.038,0.039,0.4,0
266,1065.63,1640.16,15.0122,0.0003,1.845,1.712,0.013,0.014,0.39,0
1820,802.599,1348.37,17.9276,0.0012,1.267,1.0,0.031,0.036,0.39,0
2187,1458.54,993.839,18.2877,0.0015,1.32,1.047,0.037,0.051,0.39,0
2485,1042.88,1422.56,18.7743,0.0027,1.212,1.057,0.072,0.085,0.39,0
336,1222.67,1203.77,15.7477,0.0005,1.014,0.8,0.009,0.009,0.382,0
777,1418.31,1831.31,16.1798,0.0007,2.182,1.656,0.015,0.023,0.38,0
1443,1138.68,1726.46,17.6065,0.0013,1.161,0.945,0.025,0.028,0.38,0
2371,1447.58,1671.02,18.2055,0.0017,1.71,1.279,0.043,0.065,0.38,0
2148,1813.64,1664.06,18.259,0.0017,1.215,0.883,0.044,0.046,0.38,0
2564,1704.12,1696.39,18.6075,0.0021,1.316,1.078,0.051,0.07,0.38,0
2682,1243.89,1606.31,18.9896,0.0032,1.34,1.147,0.076,0.099,0.38,0
677,1132.28,1549.3,16.5754,0.0011,1.147,0.905,0.013,0.013,0.37,0
1055,1280.82,1124.83,17.3082,0.0011,1.134,0.886,0.02,0.019,0.37,0
1722,911.749,1872.97,17.7656,0.0014,1.369,1.141,0.03,0.038,0.37,0
2534,1062.11,1369.19,18.5752,0.0018,1.365,1.059,0.051,0.059,0.37,0
2651,1285.69,1113.69,18.8601,0.0025,1.329,1.0,0.053,0.066,0.37,0
343,992.911,1795.58,15.7863,0.0014,1.04,0.842,0.017,0.013,0.365,0
588,1617.46,1823.53,16.2868,0.0007,1.385,1.197,0.015,0.016,0.36,0
830,1248.58,1793.27,16.8612,0.0008,1.207,1.022,0.019,0.019,0.36,0
804,1553.24,1748.71,16.8915,0.001,0.937,0.734,0.018,0.015,0.36,0
942,1118.3,1387.34,17.1214,0.0009,0.99,0.78,0.018,0.017,0.36,0
1545,1441.44,1152.93,17.7669,0.0012,1.187,0.939,0.023,0.028,0.36,0
1611,1261.46,1037.14,17.7733,0.0012,1.318,0.966,0.024,0.029,0.36,0
1195,984.337,1860.05,17.4042,0.0011,1.032,0.798,0.026,0.024,0.353,0
291,1313.35,1081.58,15.307,0.0004,1.574,1.426,0.008,0.009,0.35,0
554,1703.49,1137.13,16.3237,0.0006,1.225,1.029,0.013,0.012,0.35,0
998,1338.78,1627.7,16.7233,0.0017,1.904,1.487,0.017,0.024,0.35,0
1955,820.388,1698.51,18.0783,0.0015,1.229,0.998,0.033,0.041,0.35,0
2321,1063.55,1461.74,18.3339,0.0017,1.381,1.238,0.043,0.064,0.35,0
2488,1174.76,1395.96,18.4789,0.0018,1.397,1.001,0.048,0.058,0.35,0
2364,718.278,1506.3,18.4836,0.0024,1.235,1.084,0.051,0.065,0.35,0
2655,1322.66,1822.81,18.8794,0.0028,1.171,0.879,0.061,0.07,0.35,0
206,1099.47,1699.91,15.1512,0.0004,1.042,0.916,0.011,0.011,0.349,0
570,1350.72,1979.26,16.5004,0.0008,0.975,0.823,0.019,0.017,0.346,0
440,1794.18,1560.96,16.1469,0.0008,0.954,0.935,0.076,0.07,0.343,0
633,964.695,1123.81,16.5416,0.0006,1.156,0.964,0.011,0.012,0.34,0
1428,714.068,1529.8,17.6587,0.001,1.069,0.831,0.026,0.025,0.34,0
1447,1516.35,1105.98,17.6958,0.0013,1.136,0.868,0.025,0.026,0.34,0
1604,1462.65,1162.87,17.7879,0.0029,1.393,1.138,0.034,0.035,0.34,0
2591,1426.15,977.045,18.6251,0.002,1.31,1.017,0.054,0.07,0.34,0
209,1074.39,1734.96,15.1608,0.0004,1.049,0.885,0.014,0.012,0.333,0
867,1224.1,1764.21,16.9785,0.0011,1.077,0.879,0.019,0.019,0.33,0
1010,965.529,1300.3,17.1925,0.0014,1.047,0.831,0.018,0.02,0.33,0
2043,1304.9,1284.79,18.1482,0.002,1.316,1.176,0.04,0.051,0.33,0
2198,938.696,1066.23,18.2778,0.0015,1.355,1.033,0.035,0.042,0.33,0
2483,1248.59,1162.98,18.6597,0.0031,1.292,0.984,0.052,0.065,0.33,0
2507,1753.94,1816.38,18.6604,0.0032,1.212,0.961,0.054,0.06,0.33,0
2637,1561.47,1354.93,18.7796,0.0023,1.287,0.983,0.066,0.076,0.33,0
61,1137.53,1353.21,13.5741,0.0002,1.322,1.207,0.007,0.007,0.328,0
34,1120.54,1544.37,12.8958,0.0002,1.447,1.391,0.008,0.007,0.327,0
618,1395.76,1216.74,16.6185,0.0033,1.214,1.005,0.033,0.029,0.326,0
651,1173.99,1693.77,16.6101,0.0008,0.998,0.802,0.017,0.015,0.325,0
325,1768.86,1750.84,15.7073,0.0004,0.941,0.722,0.014,0.013,0.322,0
1023,1477.29,1609.91,17.1895,0.001,1.148,0.871,0.019,0.02,0.32,0
1537,926.933,1417.14,17.8019,0.0012,1.088,0.906,0.025,0.026,0.32,0
1918,1430.72,1817.9,17.965,0.0013,1.384,1.043,0.03,0.042,0.32,0
2502,1026.27,1748.02,18.5229,0.0019,1.453,1.265,0.051,0.071,0.32,0
2413,1812.8,1639.35,18.6174,0.0022,1.236,1.061,0.055,0.06,0.32,0
2609,1478.98,1123.4,18.7107,0.0023,1.374,1.0,0.051,0.068,0.32,0
232,1715.24,1313.24,15.3822,0.0004,0.844,0.654,0.009,0.007,0.319,0
692,1638.46,1097.59,16.7336,0.0029,1.108,0.917,0.018,0.016,0.31,0
1485,868.57,1289.5,17.0647,0.0009,2.235,1.733,0.019,0.039,0.31,0
1014,1773.91,1649.22,17.1773,0.001,1.144,0.85,0.016,0.019,0.31,0
1241,1449.66,1333.5,17.4856,0.001,1.062,0.881,0.019,0.023,0.31,0
1209,872.619,1133.13,17.5045,0.0027,1.103,0.886,0.018,0.019,0.31,0
466,829.294,1825.98,16.1122,0.0006,1.041,0.875,0.016,0.016,0.302,0
615,927.583,1463.94,16.5438,0.0008,1.091,0.882,0.017,0.013,0.3,0
978,925.45,1365.07,17.0755,0.0011,1.256,1.071,0.015,0.018,0.3,0
1000,1467.07,1159.07,17.4003,0.0027,1.437,0.906,0.059,0.039,0.3,0
1552,1517.21,1410.86,17.7517,0.0013,1.209,1.029,0.026,0.03,0.3,0
1953,1183.54,1099.79,18.203,0.0014,1.117,0.89,0.035,0.035,0.3,0
2076,1337.3,1725.54,18.3305,0.0038,1.261,1.049,0.047,0.056,0.3,0
1701,1019.88,1186.35,17.9567,0.0013,1.12,1.011,0.031,0.035,0.29,0
2221,1612.63,1866.87,18.3979,0.0017,1.164,0.942,0.04,0.047,0.29,0
2459,1586.55,1737.28,18.5649,0.002,1.182,1.09,0.054,0.06,0.29,0
2493,932.534,1169.29,18.601,0.0019,1.273,1.107,0.044,0.057,0.29,0
379,904.792,1540.94,15.8957,0.0005,1.009,0.845,0.012,0.011,0.289,0
670,1474.5,1107.26,16.5837,0.0036,1.15,0.885,0.013,0.013,0.28,0
1067,995.467,1062.58,17.3032,0.0031,1.253,0.995,0.02,0.023,0.28,0
2084,1017.2,1701.06,18.0718,0.0014,1.513,1.339,0.031,0.051,0.28,0
497,779.967,1745.22,16.1185,0.0015,0.932,0.768,0.025,0.014,0.274,0
714,982.168,1377.36,16.6925,0.0044,1.264,1.041,0.014,0.015,0.27,0
850,1365.9,1149.47,16.9658,0.0008,1.094,0.897,0.016,0.016,0.27,0
1145,1743.11,1900.86,17.3963,0.0009,0.992,0.728,0.026,0.026,0.27,0
1733,909.48,1230.06,17.6761,0.0011,1.643,1.397,0.027,0.043,0.27,0
2214,1495.4,1297.46,18.3789,0.0021,1.21,0.928,0.038,0.046,0.27,0
2383,1000.18,1453.44,18.4747,0.0017,1.229,0.991,0.043,0.06,0.27,0
2343,887.878,1546.6,19.2472,0.0043,1.343,0.874,0.061,0.066,0.27,0
2543,1850.12,1439.53,19.6236,0.006,1.214,1.084,0.07,0.069,0.27,0
98,1326.53,1657.94,14.3566,0.0003,0.849,0.673,0.011,0.01,0.268,0
890,1719.26,1675.67,16.9764,0.0009,1.193,0.976,0.019,0.018,0.26,0
1493,1503.34,1197.11,17.2293,0.001,2.012,1.545,0.025,0.04,0.26,0
1321,1570.87,1656.01,17.4736,0.0012,1.214,0.997,0.025,0.028,0.26,0
1513,1691.65,1820.51,17.687,0.0012,1.183,0.941,0.027,0.03,0.26,0
1799,1272.57,1445.55,18.0744,0.0016,0.992,0.788,0.032,0.032,0.26,0
480,774.795,1377.4,16.213,0.0005,0.914,0.701,0.012,0.01,0.252,0
962,1129.84,1588.2,17.0898,0.0009,1.114,0.936,0.019,0.019,0.25,0
1040,1070.49,1132.12,17.2381,0.0008,1.103,0.86,0.017,0.018,0.25,0
2038,1047.23,1717.73,18.2078,0.0017,1.119,0.922,0.035,0.038,0.25,0
2582,1613.46,1166.31,18.6905,0.0024,1.37,0.928,0.052,0.068,0.25,0
2155,1302.85,1997.8,19.5209,0.0038,1.453,1.058,0.043,0.052,0.25,0
280,754.478,1359.32,15.5458,0.0004,1.01,0.833,0.009,0.008,0.244,0
170,1410.4,1536.97,15.0068,0.0003,0.924,0.731,0.01,0.008,0.241,0
803,1108.97,1150.95,16.5658,0.0007,1.682,1.573,0.014,0.018,0.24,0
1112,1327.89,1129.21,17.3822,0.0009,0.978,0.767,0.02,0.018,0.24,0
1871,945.192,1397.52,18.1339,0.0016,1.016,0.935,0.033,0.03,0.24,0
217,1716.64,1074.58,14.9702,0.0003,1.607,1.508,0.008,0.009,0.23,0
1221,740.935,1552.24,17.303,0.0015,1.388,1.136,0.019,0.024,0.23,0
1192,1371.45,1012.54,17.3101,0.0009,1.403,1.185,0.017,0.024,0.23,0
1228,789.189,1406.88,17.4168,0.001,1.152,0.968,0.022,0.024,0.23,0
1337,1288.95,984.889,17.5681,0.003,1.081,0.776,0.041,0.033,0.23,0
2453,1200.07,1289.05,18.5407,0.0019,1.257,1.035,0.051,0.065,0.23,0
273,1266.47,1594.47,15.4332,0.0004,1.109,0.935,0.011,0.009,0.227,0
353,1641.91,1298.85,15.3089,0.0004,1.965,1.813,0.008,0.012,0.22,0
650,1213.51,1724.99,16.1244,0.0013,1.927,1.673,0.023,0.029,0.22,0
1215,1399.21,1025.13,17.2985,0.001,1.436,1.218,0.02,0.026,0.22,0
1981,1794.14,1476.73,18.2563,0.0017,1.094,0.933,0.036,0.037,0.22,0
476,1222.64,1285.0,16.2111,0.0009,0.981,0.752,0.011,0.009,0.219,0
483,1034.42,1604.07,16.1653,0.0006,1.065,0.859,0.013,0.012,0.217,0
97,1488.16,1228.31,14.1269,0.0002,1.38,1.315,0.007,0.006,0.214,0
492,1814.45,1737.41,15.8738,0.0006,1.674,1.574,0.012,0.015,0.21,0
822,1024.76,1996.84,16.5212,0.0007,1.805,1.648,0.017,0.025,0.21,0
1530,1747.55,1340.38,17.1211,0.0009,2.199,1.772,0.022,0.05,0.21,0
1646,1415.1,1122.24,17.8674,0.0014,1.206,1.023,0.025,0.028,0.21,0
2030,1007.95,1478.62,18.1918,0.0014,1.196,1.012,0.033,0.044,0.21,0
2035,1015.04,1891.89,18.234,0.0018,1.245,0.912,0.035,0.039,0.21,0
2213,1623.47,1636.77,18.3056,0.0017,1.195,1.075,0.042,0.058,0.21,0
2617,1837.08,1438.47,18.7292,0.0023,1.373,1.291,0.05,0.098,0.21,0
2627,1405.61,1289.68,18.752,0.0037,1.169,0.982,0.065,0.076,0.21,0
2558,1412.88,1790.4,19.5246,0.0065,1.451,1.175,0.051,0.065,0.21,0
2285,1455.83,1028.96,18.3846,0.0018,1.287,1.15,0.044,0.059,0.2,0
2350,877.114,1170.37,18.4705,0.0016,1.168,0.933,0.046,0.051,0.2,0
2422,1729.68,1671.95,18.5566,0.0022,1.124,0.962,0.056,0.054,0.2,0
2639,1524.27,1535.07,18.642,0.0022,1.432,1.18,0.06,0.085,0.2,0
691,1694.01,1070.12,16.7939,0.0008,0.798,0.618,0.014,0.012,0.19,0
932,1865.06,1563.87,17.1099,0.0009,0.951,0.771,0.031,0.02,0.19,0
1079,1230.25,1687.14,17.4138,0.0014,0.98,0.792,0.038,0.036,0.19,0
1772,1497.21,1239.82,17.9898,0.0014,1.19,1.059,0.029,0.037,0.19,0
2526,1616.5,1472.66,18.6067,0.002,1.319,0.988,0.051,0.065,0.19,0
557,1188.05,1662.17,16.6721,0.0016,1.013,0.816,0.044,0.037,0.188,0
586,1140.97,1332.43,16.5026,0.0007,0.953,0.755,0.012,0.011,0.181,0
684,1198.75,1613.6,16.6998,0.0007,1.131,0.953,0.03,0.028,0.18,0
1168,1132.3,1392.35,17.3409,0.0009,1.139,0.941,0.02,0.02,0.18,0
1176,1404.15,1893.99,17.3506,0.001,1.047,0.839,0.036,0.035,0.18,0
1323,887.86,1278.6,17.5169,0.0012,1.244,1.115,0.022,0.029,0.18,0
2530,1113.85,1667.25,18.5559,0.0021,1.427,1.368,0.047,0.075,0.18,0
719,1530.83,1151.95,16.7374,0.0007,1.03,0.874,0.018,0.018,0.16,0
1496,1217.37,1301.01,17.6481,0.0012,1.265,1.023,0.024,0.029,0.16,0
2348,987.692,1496.68,18.3035,0.0016,1.458,1.197,0.039,0.064,0.16,0
2375,1306.85,1447.6,18.4332,0.0026,1.255,0.96,0.045,0.048,0.16,0
1066,1757.11,1282.64,17.3122,0.0009,1.031,0.819,0.017,0.019,0.15,0
1640,1129.19,1429.2,17.8653,0.0013,1.183,0.891,0.029,0.033,0.15,0
897,1238.15,1960.28,17.879,0.0017,1.037,0.805,0.053,0.048,0.15,0
2199,1121.01,1609.09,18.2748,0.0017,1.402,1.158,0.038,0.055,0.15,0
430,1608.59,1508.7,16.0453,0.0007,1.101,0.913,0.012,0.012,0.144,0
873,1213.93,1398.59,16.9676,0.0008,1.164,0.985,0.02,0.026,0.14,0
1681,860.973,1804.53,17.8177,0.0013,1.244,0.902,0.033,0.036,0.14,0
1940,1777.43,1686.1,18.1159,0.0015,1.211,1.029,0.032,0.036,0.14,0
2008,795.13,1204.41,18.1994,0.0016,1.186,1.008,0.033,0.039,0.14,0
2154,919.808,1598.7,18.2236,0.0027,1.395,1.103,0.032,0.047,0.14,0
2153,989.319,1715.94,18.3141,0.0023,1.199,0.979,0.041,0.047,0.14,0
2478,1573.65,1045.05,18.5263,0.0019,1.356,1.154,0.042,0.063,0.14,0
1579,1533.22,1724.43,17.811,0.0015,1.084,1.02,0.024,0.028,0.13,0
1707,997.141,1178.23,17.962,0.0013,1.138,0.905,0.03,0.03,0.13,0
1896,960.78,1892.91,18.0388,0.0015,1.205,1.057,0.042,0.046,0.13,0
2188,1630.8,1575.24,18.2872,0.0017,1.306,1.123,0.042,0.053,0.13,0
710,897.331,1565.4,16.745,0.0008,0.94,0.736,0.015,0.014,0.122,0
308,835.722,1423.01,15.7307,0.0007,0.688,0.52,0.011,0.009,0.121,0
1827,1411.4,1679.21,17.1723,0.0011,2.562,2.248,0.024,0.079,0.12,0
1320,1585.11,1954.79,17.4435,0.0009,1.291,1.207,0.025,0.032,0.12,0
1893,1608.54,1190.31,17.9078,0.0015,1.632,1.506,0.029,0.051,0.12,0
2665,1412.85,1757.33,18.8947,0.0028,1.32,0.82,0.071,0.078,0.12,0
562,790.705,1301.96,16.6415,0.0029,0.981,0.799,0.05,0.07,0.11,0
1269,1574.4,1281.54,17.5166,0.0012,1.117,0.907,0.023,0.025,0.11,0
1931,1648.01,1438.42,18.0503,0.0014,1.338,1.192,0.031,0.043,0.11,0
2029,1541.31,1754.66,18.1395,0.0025,1.322,1.029,0.042,0.049,0.11,0
1958,1806.94,1193.14,18.1656,0.0019,1.179,0.887,0.039,0.044,0.11,0
2294,936.998,1380.6,18.2713,0.0015,1.465,1.185,0.041,0.062,0.11,0
871,1527.9,1377.13,16.5699,0.001,1.868,1.695,0.014,0.025,0.1,0
1289,810.946,1676.48,17.5169,0.001,1.033,0.75,0.024,0.024,0.1,0
2117,1222.89,1897.85,18.2917,0.0016,1.147,0.894,0.04,0.046,0.1,0
879,1194.95,1029.26,16.5441,0.0007,1.929,1.738,0.013,0.025,0.09,0
892,1877.83,1363.01,17.025,0.0008,1.062,0.872,0.018,0.017,0.09,0
1236,1835.14,1552.5,17.4624,0.0011,1.1,0.848,0.018,0.019,0.09,0
1661,1862.19,1574.89,17.9859,0.0039,1.096,0.978,0.026,0.032,0.09,0
2608,997.895,1334.91,18.7982,0.0022,1.216,0.975,0.049,0.069,0.09,0
1834,1443.82,1069.14,18.0839,0.0015,1.09,0.908,0.029,0.036,0.08,0
2132,1686.06,1501.97,18.3023,0.0018,1.152,0.895,0.045,0.046,0.08,0
2503,1822.9,1319.96,18.6747,0.0023,1.224,1.225,0.047,0.059,0.08,0
1105,1567.2,1786.15,17.2585,0.001,1.176,1.02,0.019,0.023,0.07,0
1294,1561.28,1628.89,17.4077,0.0012,1.234,0.916,0.028,0.034,0.07,0
1814,1422.52,1314.9,17.9846,0.0013,1.26,1.009,0.034,0.041,0.07,0
2328,1119.41,929.6,18.4689,0.0029,1.205,1.119,0.062,0.069,0.07,0
2602,1185.18,1520.58,18.6622,0.0022,1.314,1.01,0.051,0.072,0.07,0
711,1235.61,1049.09,16.319,0.0007,1.8,1.675,0.014,0.023,0.06,0
1416,1725.15,1337.28,16.9963,0.0009,2.219,1.856,0.019,0.047,0.06,0
1126,1135.35,1442.73,17.3539,0.001,1.048,0.796,0.019,0.019,0.06,0
1358,997.379,1260.14,17.617,0.0011,1.048,0.898,0.024,0.022,0.06,0
1762,1106.21,1616.17,18.0447,0.002,1.165,0.857,0.038,0.05,0.06,0
2039,1274.07,917.198,18.1309,0.0014,1.308,1.044,0.037,0.049,0.06,0
1942,1816.81,1377.27,18.159,0.0016,1.423,1.023,0.06,0.045,0.06,0
921,1029.65,1773.74,17.0458,0.0016,1.116,0.889,0.017,0.018,0.05,0
1075,1246.01,932.442,17.1889,0.0011,1.107,0.726,0.043,0.042,0.05,0
1165,726.618,1545.65,17.2848,0.001,1.214,1.0,0.019,0.021,0.05,0
2276,1315.38,928.235,18.3621,0.0017,1.225,1.049,0.048,0.054,0.05,0
76,1030.64,971.181,13.649,0.0003,1.56,1.448,0.011,0.013,0.049,0
1007,968.473,1047.66,17.0242,0.0009,1.458,1.337,0.015,0.022,0.04,0
1423,945.067,1077.23,17.5734,0.0011,1.32,1.132,0.023,0.027,0.04,0
2525,1157.1,1170.68,18.6594,0.002,1.306,1.045,0.049,0.065,0.04,0
839,1029.84,1379.33,16.9188,0.0009,1.166,1.018,0.015,0.016,0.03,0
1063,768.999,1498.35,17.2358,0.0009,1.139,0.875,0.018,0.02,0.03,0
1518,1359.33,1846.77,17.3094,0.001,1.91,1.794,0.024,0.05,0.03,0
1742,1739.76,1344.42,17.748,0.0013,1.541,1.13,0.025,0.032,0.03,0
1754,1004.36,1886.66,17.9549,0.0015,1.08,0.852,0.033,0.036,0.03,0
1812,1150.56,1626.89,18.0702,0.002,1.203,1.137,0.05,0.049,0.03,0
1919,1660.06,1713.29,18.1053,0.0016,1.191,0.955,0.03,0.038,0.03,0
2255,973.078,1243.29,18.3598,0.0016,1.272,1.043,0.046,0.053,0.03,0
2642,934.753,1628.75,18.8799,0.0021,1.135,0.979,0.065,0.072,0.03,0
779,841.429,1134.77,16.8643,0.0008,0.975,0.771,0.013,0.013,0.028,0
1916,1616.85,1942.39,18.1327,0.0021,1.221,1.074,0.038,0.04,0.02,0
2091,1143.55,1467.34,18.1524,0.0015,1.402,1.226,0.035,0.05,0.02,0
2048,1036.24,1414.13,18.2641,0.0018,1.087,0.867,0.041,0.044,0.02,0
2260,1855.61,1298.0,18.3035,0.0014,1.386,1.109,0.039,0.06,0.02,0
2310,1274.69,1648.67,18.3849,0.0018,1.245,1.009,0.047,0.056,0.02,0
2410,1184.12,1511.89,18.4627,0.0018,1.287,0.976,0.046,0.058,0.02,0
2660,1407.01,1839.25,18.9587,0.0032,1.092,1.102,0.064,0.093,0.02,0
1479,1224.58,1530.56,17.6955,0.0013,1.138,0.882,0.023,0.026,0.01,0
1780,1068.8,1791.79,17.957,0.0017,1.195,0.989,0.032,0.035,0.01,0
1738,1266.06,1289.05,17.986,0.0023,1.058,0.834,0.033,0.03,0.01,0
2217,930.433,1192.09,18.4554,0.0017,1.07,1.043,0.046,0.056,0.01,0
2409,1698.85,1602.49,18.5665,0.0025,1.108,1.006,0.044,0.049,0.01,0
376,1095.07,1280.89,15.9708,0.0036,0.968,0.781,0.01,0.009,0.0,0
522,847.604,1868.52,16.2856,0.0087,1.491,1.162,0.032,0.029,0.0,0
706,1539.18,1912.45,17.0487,0.0074,1.059,0.814,0.021,0.021,0.0,0
1355,1322.23,1449.66,17.5714,0.0077,1.568,1.001,0.024,0.03,0.0,0
482,1664.64,1313.53,16.0883,0.003,nan,0.777,nan,0.015,0.26,-1
1810,1176.84,1624.11,18.1431,0.0021,nan,0.973,nan,0.05,0.93,-1
1938,1491.12,1141.71,18.5837,0.0039,nan,1.109,nan,0.068,0.5,-1
2397,784.221,1712.66,18.534,0.003,nan,1.2,nan,0.074,0.26,-1
2687,1418.18,1684.71,19.0385,0.0034,nan,0.895,nan,0.08,0.41,-1
2689,1342.75,970.536,19.0825,0.0033,nan,0.903,nan,0.082,0.66,-1
2487,1489.55,1945.98,18.551,0.0022,nan,1.002,nan,0.067,0.5,-1
