ID,x,y,Gmag,e_Gmag,BV,UB,BVerr,UBerr,MP,sel
216,923.046,1507.01,16.3261,0.0011,0.821,0.361,0.011,0.05,0.978,1
298,1253.7,1465.01,16.6974,0.0007,0.934,0.306,0.014,0.073,0.977,1
123,853.751,1233.74,15.3967,0.0006,0.619,0.472,0.006,0.018,0.975,1
80,1070.97,1455.09,14.8234,0.0004,0.503,0.359,0.006,0.01,0.974,1
243,867.228,1260.75,16.4898,0.0008,0.88,0.257,0.011,0.061,0.972,1
315,1133.73,1221.79,16.6666,0.0008,1.069,0.379,0.016,0.082,0.971,1
48,1087.81,1301.08,13.8716,0.0003,0.572,0.173,0.006,0.006,0.969,1
18,673.437,1151.02,12.8931,0.0004,0.483,-0.007,0.007,0.005,0.967,1
47,1171.71,1345.61,13.8024,0.0003,0.489,0.112,0.004,0.005,0.967,1
110,1055.21,1430.9,15.2527,0.0005,0.572,0.454,0.006,0.015,0.965,1
163,624.906,1197.88,15.8393,0.0007,0.757,0.423,0.008,0.036,0.965,1
263,1271.06,1452.41,16.5728,0.0007,0.939,0.234,0.013,0.057,0.964,1
17,1183.51,1263.14,12.9038,0.001,0.493,0.356,0.003,0.004,0.963,1
62,934.587,1227.5,14.275,0.0003,0.518,0.301,0.004,0.007,0.962,1
21,961.483,1219.37,12.9137,0.0003,0.413,-0.057,0.003,0.004,0.958,1
215,738.548,1404.08,16.3154,0.0007,0.832,0.368,0.009,0.047,0.958,1
238,949.788,1344.02,16.4416,0.0007,0.847,0.306,0.012,0.056,0.955,1
14,1010.47,1353.04,12.6337,0.001,0.343,-0.317,0.003,0.003,0.953,1
185,634.451,1215.97,16.0509,0.0007,0.788,0.418,0.01,0.04,0.953,1
44,1144.68,1256.33,13.7768,0.0004,0.51,-0.046,0.003,0.005,0.94,1
183,988.012,1304.54,16.0291,0.0008,0.784,0.448,0.01,0.035,0.94,1
40,1016.65,1283.99,13.6963,0.0002,0.452,-0.032,0.003,0.004,0.925,1
103,935.064,1124.59,15.1532,0.0005,0.547,0.41,0.006,0.014,0.916,1
100,1158.44,1097.58,15.0697,0.0004,0.604,0.404,0.007,0.013,0.914,1
160,1046.02,1467.75,15.8145,0.0006,0.767,0.464,0.009,0.034,0.913,1
170,1065.66,1096.58,15.8687,0.0007,0.872,0.371,0.008,0.037,0.907,1
214,1184.5,1194.15,16.2527,0.0007,0.959,0.437,0.012,0.056,0.905,1
207,860.143,1240.37,16.1564,0.001,0.871,0.232,0.011,0.039,0.897,1
195,978.774,1286.66,16.0473,0.0007,0.899,0.248,0.011,0.035,0.879,1
31,1154.92,1262.67,13.0391,0.0004,1.237,0.716,0.004,0.01,0.877,1
187,1106.2,1526.09,16.0712,0.0007,0.811,0.596,0.009,0.042,0.855,1
284,900.036,1307.05,16.6554,0.0008,0.978,0.309,0.014,0.076,0.841,1
107,780.08,1300.39,15.095,0.0004,0.78,0.21,0.005,0.014,0.779,1
24,823.927,1582.19,13.1405,0.0004,0.375,0.012,0.005,0.004,0.738,1
143,780.156,1590.68,15.5195,0.0006,0.857,0.183,0.008,0.022,0.707,1
273,661.278,1483.79,16.571,0.0007,1.008,0.271,0.014,0.074,0.704,1
290,849.98,1240.67,16.7365,0.0009,0.801,0.247,0.016,0.058,0.701,1
63,746.077,1599.43,14.2662,0.0003,0.528,-0.013,0.006,0.006,0.699,1
173,589.847,1191.79,15.9762,0.0006,0.701,0.087,0.008,0.025,0.682,1
29,1107.21,1042.4,13.4239,0.0003,0.368,0.059,0.005,0.005,0.652,1
46,925.486,1477.33,13.7519,0.0003,0.605,0.008,0.004,0.005,0.64,1
186,839.069,1359.68,16.0074,0.0007,0.898,0.269,0.009,0.036,0.624,1
338,847.171,1387.0,16.865,0.0009,0.983,0.013,0.018,0.07,0.61,1
11,876.463,1292.74,12.1376,0.0002,0.608,0.031,0.003,0.003,0.306,1
7,893.046,1478.63,11.8631,0.0003,0.291,0.123,0.004,0.004,0.0,1
85,821.309,1132.87,14.9119,0.0004,0.577,0.428,0.005,0.012,0.929,0
96,931.343,1471.29,15.0399,0.0007,0.602,0.409,0.006,0.012,0.866,0
130,1079.78,1178.89,15.4,0.0005,0.792,0.541,0.006,0.023,0.8,0
64,734.894,1378.63,14.166,0.0003,0.885,0.462,0.004,0.009,0.783,0
57,1157.14,1404.28,14.1211,0.0021,0.43,0.063,0.004,0.005,0.678,0
210,822.888,1542.9,16.1756,0.0008,0.936,0.547,0.011,0.055,0.673,0
133,746.119,1067.19,15.3948,0.0007,0.83,0.294,0.007,0.02,0.668,0
86,896.187,1635.43,14.9184,0.0004,0.621,0.011,0.006,0.008,0.648,0
142,845.496,1645.4,15.5873,0.0006,0.783,0.151,0.008,0.019,0.626,0
132,1249.54,1378.77,15.439,0.0005,0.669,0.031,0.006,0.014,0.561,0
367,989.956,1264.21,17.0081,0.0009,1.056,0.503,0.021,0.131,0.561,0
245,908.573,1365.62,16.4857,0.0006,0.909,0.159,0.013,0.042,0.527,0
39,1046.87,1295.96,13.6666,0.0002,0.579,0.004,0.004,0.005,0.397,0
197,722.628,1502.94,16.6614,0.0034,1.069,0.302,0.012,0.047,0.0,0
1,1089.98,1330.69,7.8783,0.0007,2.123,1.883,0.006,0.006,0.97,0
174,1136.14,1000.4,15.1716,0.0005,1.957,nan,0.014,nan,0.69,-1
189,1026.61,943.812,15.9723,0.0006,0.948,nan,0.013,nan,0.71,-1
198,971.644,986.301,16.1076,0.0007,0.834,nan,0.017,nan,0.97,-1
230,982.633,909.0,16.3339,0.0007,1.051,nan,0.017,nan,0.79,-1
240,625.244,1355.98,16.41,0.0008,0.931,nan,0.012,nan,0.75,-1
249,1148.33,1053.42,16.3938,0.0007,1.094,nan,0.013,nan,0.67,-1
266,694.448,1548.78,16.5669,0.0097,1.205,nan,0.019,nan,0.5,-1
279,864.357,1633.76,15.7533,0.0007,2.117,nan,0.027,nan,0.85,-1
281,1103.82,1371.03,16.7571,0.0011,1.079,nan,0.02,nan,0.96,-1
308,1114.73,1074.94,16.6068,0.0008,1.138,nan,0.017,nan,0.62,-1
310,612.228,1434.55,15.679,0.0007,2.384,nan,0.033,nan,0.86,-1
329,748.325,1054.63,16.8596,0.0008,1.013,nan,0.017,nan,0.64,-1
332,853.345,915.581,16.6991,0.0009,1.245,nan,0.026,nan,0.65,-1
337,794.088,1084.62,16.8507,0.0007,1.1,nan,0.02,nan,0.72,-1
347,826.082,990.144,16.733,0.0008,1.152,nan,0.031,nan,0.67,-1
355,1072.56,1395.76,16.9929,0.001,1.052,nan,0.018,nan,0.64,-1
358,949.546,1363.28,17.014,0.0009,0.953,nan,0.019,nan,0.98,-1
361,827.328,1222.48,17.0262,0.0008,1.049,nan,0.021,nan,0.88,-1
368,912.008,1155.21,17.0243,0.0008,1.006,nan,0.02,nan,0.81,-1
371,1065.51,1232.56,16.9474,0.0008,1.13,nan,0.021,nan,0.84,-1
374,899.113,1385.92,16.9684,0.0008,1.112,nan,0.021,nan,0.82,-1
375,740.846,1121.6,17.0283,0.0009,1.183,nan,0.021,nan,0.72,-1
376,1277.39,1386.77,15.6772,0.0008,2.703,nan,0.062,nan,0.87,-1
384,986.904,1185.66,16.8982,0.0049,1.469,nan,0.028,nan,0.51,-1
390,1157.26,1122.32,17.0606,0.001,1.116,nan,0.027,nan,0.8,-1
391,635.113,1292.11,17.118,0.001,1.089,nan,0.021,nan,0.6,-1
406,829.429,1205.59,17.1776,0.0009,1.104,nan,0.022,nan,0.68,-1
408,1183.88,1245.3,17.2552,0.0012,1.058,nan,0.027,nan,0.55,-1
413,1170.93,1188.51,17.1987,0.001,1.02,nan,0.024,nan,0.97,-1
414,668.672,1495.83,17.2038,0.0012,1.108,nan,0.024,nan,0.6,-1
424,568.435,1199.64,16.8681,0.0009,1.471,nan,0.03,nan,0.88,-1
457,784.99,1421.24,17.4331,0.0011,1.077,nan,0.03,nan,0.55,-1
458,1175.96,1121.31,17.4171,0.0013,1.156,nan,0.029,nan,0.74,-1
459,1200.11,1155.59,17.4648,0.0011,1.075,nan,0.026,nan,0.98,-1
460,866.25,1528.36,16.2822,0.001,2.615,nan,0.078,nan,0.89,-1
465,1020.1,1137.46,17.055,0.001,1.512,nan,0.035,nan,0.86,-1
469,866.12,1308.46,17.4926,0.0015,0.942,nan,0.031,nan,0.92,-1
476,1161.07,1304.44,17.3438,0.0011,1.12,nan,0.029,nan,0.97,-1
488,1002.6,1076.6,17.5465,0.0011,1.16,nan,0.033,nan,0.89,-1
498,933.768,1150.91,17.6146,0.0011,1.188,nan,0.034,nan,0.83,-1
511,1091.57,1518.97,17.6366,0.0012,1.131,nan,0.037,nan,0.78,-1
514,1157.69,1142.67,17.6327,0.0012,1.104,nan,0.037,nan,0.98,-1
517,862.819,941.017,17.1923,0.001,1.57,nan,0.07,nan,0.9,-1
525,617.67,1272.01,17.5338,0.0011,1.353,nan,0.048,nan,0.89,-1
537,910.54,1337.67,17.7143,0.0012,1.234,nan,0.044,nan,0.9,-1
542,868.876,1319.48,17.8553,0.0014,1.1,nan,0.041,nan,0.78,-1
544,1182.64,1367.99,17.7124,0.0012,1.286,nan,0.044,nan,0.66,-1
553,1138.06,1489.07,17.7906,0.0014,1.162,nan,0.039,nan,0.88,-1
564,886.218,1106.23,17.8029,0.0012,1.384,nan,0.05,nan,0.81,-1
571,891.966,1383.22,17.8663,0.0014,1.189,nan,0.049,nan,0.72,-1
588,636.901,1164.24,17.889,0.0014,1.167,nan,0.049,nan,0.62,-1
591,1152.48,1549.59,17.9123,0.0013,1.286,nan,0.049,nan,0.51,-1
592,1002.47,1451.12,17.7076,0.0016,1.306,nan,0.044,nan,0.87,-1
593,756.974,1482.84,17.9212,0.0014,1.211,nan,0.05,nan,0.75,-1
609,1216.58,1327.92,17.7779,0.0013,1.504,nan,0.062,nan,0.89,-1
611,977.742,1204.82,17.9527,0.0017,1.125,nan,0.049,nan,0.82,-1
615,1052.68,1615.93,17.9949,0.0014,1.178,nan,0.05,nan,0.87,-1
621,592.13,1296.29,18.0467,0.0014,1.155,nan,0.052,nan,0.37,-1
635,1189.48,1330.4,18.0974,0.0014,1.423,nan,0.059,nan,0.47,-1
637,1181.52,1073.27,18.0764,0.0016,1.162,nan,0.053,nan,0.97,-1
639,714.361,1391.11,18.0221,0.0015,1.279,nan,0.059,nan,0.7,-1
665,1186.28,1174.64,18.1552,0.0016,1.211,nan,0.062,nan,0.99,-1
668,1107.69,1476.46,17.8455,0.0014,1.539,nan,0.069,nan,0.62,-1
676,925.425,1023.3,18.196,0.0039,1.416,nan,0.067,nan,0.52,-1
678,1011.2,1196.99,18.0869,0.0014,1.454,nan,0.066,nan,0.85,-1
679,684.231,1469.04,18.2329,0.0016,1.293,nan,0.073,nan,0.8,-1
686,1143.01,983.008,18.1574,0.0025,1.233,nan,0.06,nan,0.97,-1
687,922.965,1426.87,18.1141,0.002,1.149,nan,0.062,nan,0.97,-1
701,1004.21,979.163,18.1391,0.0014,1.304,nan,0.091,nan,0.87,-1
702,840.052,1635.02,18.2726,0.0019,1.083,nan,0.068,nan,0.9,-1
706,856.266,1164.49,18.4023,0.002,1.202,nan,0.078,nan,0.07,-1
714,804.188,1604.76,18.2796,0.0021,1.254,nan,0.066,nan,0.98,-1
719,1194.57,1339.57,18.4541,0.002,1.204,nan,0.07,nan,0.98,-1
722,1231.47,1377.16,18.3337,0.0019,1.24,nan,0.079,nan,0.57,-1
723,1302.36,1312.98,18.4807,0.0019,1.276,nan,0.073,nan,0.76,-1
732,1211.38,1198.1,18.4166,0.0029,1.157,nan,0.076,nan,0.98,-1
736,709.032,1544.95,18.2908,0.0017,1.312,nan,0.091,nan,0.68,-1
737,624.861,1252.67,18.1721,0.0014,1.688,nan,0.099,nan,0.82,-1
746,836.538,1075.87,18.2066,0.0015,1.412,nan,0.094,nan,0.61,-1
749,1084.93,1498.83,18.4863,0.0019,1.034,nan,0.07,nan,0.98,-1
752,1065.57,1154.2,18.5391,0.0036,1.255,nan,0.095,nan,0.64,-1
