ID,x,y,Gmag,e_Gmag,BV,UB,BVerr,UBerr,MP,sel
160,1304.82,986.675,15.1759,0.0004,1.074,0.903,0.013,0.058,0.999,1
149,1176.42,1183.84,15.2425,0.0005,0.908,0.395,0.007,0.025,0.999,1
36,1064.6,1361.33,12.5472,0.0003,2.122,1.612,0.007,0.045,0.998,1
30,1420.68,1056.85,13.0308,0.0003,1.312,0.87,0.006,0.012,0.998,1
95,917.758,1055.86,14.8437,0.0003,0.66,0.529,0.005,0.017,0.998,1
123,1375.74,1600.46,14.9879,0.0004,0.934,0.556,0.008,0.023,0.998,1
143,1105.01,1387.01,15.1316,0.0004,0.99,0.615,0.007,0.031,0.998,1
135,1274.99,1289.8,15.1372,0.0004,0.85,0.367,0.007,0.023,0.998,1
141,1101.06,1101.77,15.1705,0.0004,0.887,0.379,0.006,0.025,0.998,1
168,981.329,1490.19,15.1993,0.0004,1.097,0.769,0.007,0.049,0.997,1
164,1158.42,1376.68,15.2509,0.0004,1.021,0.566,0.009,0.04,0.997,1
204,785.492,1377.92,15.636,0.0006,0.943,0.417,0.009,0.036,0.997,1
280,1140.03,1671.1,16.0864,0.0006,0.918,0.524,0.01,0.06,0.995,1
214,1020.1,1605.45,15.7158,0.0005,0.817,0.11,0.01,0.027,0.988,1
142,1225.46,1156.92,15.1392,0.0005,0.945,-0.038,0.006,0.015,0.984,1
236,802.245,1355.38,15.8032,0.0012,0.979,0.36,0.01,0.049,0.98,1
245,1199.46,947.162,15.9203,0.0007,0.852,0.325,0.014,0.052,0.979,1
87,1024.21,1635.98,14.4584,0.0003,1.327,0.881,0.007,0.035,0.972,1
257,765.748,1251.59,16.0218,0.0007,0.835,0.492,0.01,0.046,0.938,1
31,1114.67,931.095,13.326,0.0003,0.906,0.484,0.01,0.01,0.928,1
279,899.797,1345.45,16.0116,0.0007,1.032,0.392,0.011,0.062,0.913,1
324,784.245,1169.74,16.3806,0.0009,0.964,0.534,0.01,0.079,0.886,1
7,1029.44,1121.11,11.7387,0.0003,0.451,-0.05,0.004,0.004,0.871,1
8,1363.46,1427.43,11.1105,0.0005,1.829,1.557,0.005,0.008,0.848,1
274,704.909,1368.92,16.1163,0.0011,0.896,0.614,0.01,0.065,0.815,1
435,1175.63,1685.69,16.665,0.0007,1.055,0.254,0.017,0.094,0.76,1
187,994.631,1371.78,15.406,0.0005,1.075,0.466,0.008,0.044,0.998,0
136,1114.34,1484.19,14.9445,0.0004,1.301,0.832,0.007,0.047,0.995,0
154,1451.29,1152.04,15.4114,0.0005,0.745,0.507,0.008,0.025,0.983,0
150,719.132,1166.8,15.2131,0.0004,0.979,0.394,0.006,0.028,0.979,0
243,1163.1,1580.08,15.8304,0.0006,0.924,0.434,0.01,0.047,0.965,0
217,1160.45,1114.97,15.8136,0.0006,0.783,0.228,0.009,0.027,0.908,0
284,957.066,908.734,16.1804,0.0006,0.803,0.232,0.013,0.052,0.895,0
240,817.15,1182.27,15.9621,0.0006,0.825,0.179,0.01,0.039,0.888,0
46,736.499,1161.17,13.6801,0.0003,1.264,0.688,0.004,0.013,0.884,0
20,1340.12,1454.62,12.5964,0.0002,0.549,-0.076,0.005,0.004,0.874,0
320,1174.94,1706.6,16.3569,0.0007,0.806,0.002,0.012,0.041,0.858,0
51,1006.35,1193.58,14.1249,0.0003,0.481,0.26,0.005,0.007,0.847,0
246,1175.13,1221.69,15.9305,0.0006,0.909,0.263,0.01,0.042,0.847,0
301,1242.51,1316.45,16.2658,0.0007,0.866,0.38,0.014,0.061,0.838,0
112,1140.15,1423.79,14.8435,0.0004,0.948,0.617,0.006,0.024,0.835,0
176,1412.65,1045.08,15.4357,0.0005,0.894,0.241,0.007,0.027,0.829,0
78,1443.1,1470.0,14.4831,0.0002,0.744,0.177,0.007,0.01,0.816,0
145,1361.06,992.655,15.3297,0.0004,0.739,0.078,0.011,0.018,0.802,0
182,771.874,1581.97,15.5421,0.0006,0.815,0.183,0.009,0.023,0.8,0
423,1327.77,1562.99,16.7144,0.0007,0.857,0.102,0.044,0.075,0.661,0
107,839.552,1414.37,14.9513,0.0005,0.715,0.395,0.006,0.016,0.652,0
159,897.562,1594.8,15.3912,0.0005,0.742,0.22,0.007,0.021,0.595,0
226,978.78,1715.05,15.8722,0.0018,0.914,0.493,0.032,0.056,0.592,0
195,747.688,1120.57,15.6189,0.0006,1.003,0.458,0.008,0.04,0.356,0
39,1093.71,996.163,12.8585,0.0004,2.032,nan,0.01,nan,1.0,-1
44,1018.17,1296.88,12.8298,0.0004,2.208,nan,0.025,nan,1.0,-1
56,959.652,1522.87,13.156,0.0004,2.28,nan,0.007,nan,1.0,-1
81,956.72,1294.24,13.6854,0.0003,2.094,nan,0.006,nan,1.0,-1
82,1505.05,1436.0,13.8394,0.0003,1.982,nan,0.007,nan,0.48,-1
98,967.98,1633.38,13.9678,0.0003,2.074,nan,0.009,nan,1.0,-1
719,1161.78,1303.57,17.4475,0.001,0.998,nan,0.031,nan,0.99,-1
125,1042.57,1323.6,14.6528,0.0003,1.625,nan,0.008,nan,0.99,-1
132,965.186,1135.09,14.3738,0.0004,2.03,nan,0.01,nan,1.0,-1
133,996.894,1452.68,14.3075,0.0004,1.968,nan,0.009,nan,1.0,-1
175,1155.97,890.676,15.1771,0.0004,1.406,nan,0.012,nan,0.88,-1
199,1096.55,1126.86,15.4977,0.0007,1.191,nan,0.01,nan,0.58,-1
234,871.958,1091.27,15.7569,0.0005,1.09,nan,0.009,nan,1.0,-1
237,991.816,1399.51,15.6643,0.0006,1.181,nan,0.01,nan,1.0,-1
249,1360.61,1307.36,15.8283,0.0006,1.039,nan,0.01,nan,0.97,-1
251,962.119,1307.83,15.8206,0.0006,0.983,nan,0.01,nan,1.0,-1
256,1012.84,1364.44,15.848,0.0006,1.082,nan,0.01,nan,1.0,-1
277,1336.99,1385.03,16.1137,0.0009,0.991,nan,0.029,nan,0.82,-1
282,1057.84,1247.83,16.0396,0.0007,1.07,nan,0.012,nan,1.0,-1
293,1227.01,1256.78,16.1813,0.0006,0.885,nan,0.012,nan,1.0,-1
296,1366.67,1467.48,16.1697,0.0047,1.124,nan,0.013,nan,0.56,-1
297,1083.79,1544.94,16.0643,0.0007,1.035,nan,0.011,nan,1.0,-1
302,728.097,1353.19,16.067,0.0007,1.086,nan,0.013,nan,0.99,-1
305,817.447,1173.16,16.1115,0.0007,1.127,nan,0.013,nan,0.8,-1
306,835.236,1502.75,16.142,0.0007,1.039,nan,0.013,nan,0.97,-1
310,1036.9,1359.36,16.1379,0.0007,1.076,nan,0.012,nan,1.0,-1
317,1357.94,1373.86,16.1866,0.0007,1.108,nan,0.014,nan,0.86,-1
326,1227.58,1219.04,16.2907,0.0008,1.02,nan,0.015,nan,0.9,-1
338,917.747,1170.33,16.3511,0.0006,1.268,nan,0.033,nan,1.0,-1
340,1269.36,1189.25,15.3395,0.0005,2.459,nan,0.027,nan,0.98,-1
361,1340.29,1205.13,16.4895,0.0007,0.92,nan,0.014,nan,1.0,-1
375,956.175,1388.2,16.449,0.0007,1.066,nan,0.015,nan,1.0,-1
380,1133.62,1367.46,16.4946,0.001,1.02,nan,0.016,nan,0.99,-1
384,892.047,1206.61,16.5532,0.0009,0.963,nan,0.014,nan,0.95,-1
388,1234.07,1415.17,16.5483,0.0006,1.017,nan,0.015,nan,1.0,-1
1037,1246.63,1348.41,18.0561,0.0039,1.006,nan,0.06,nan,0.92,-1
394,1096.82,1479.03,16.4777,0.0007,1.097,nan,0.016,nan,1.0,-1
397,1173.25,1429.66,16.4875,0.0007,1.122,nan,0.016,nan,1.0,-1
400,1346.25,1600.07,16.6118,0.0007,0.887,nan,0.015,nan,1.0,-1
404,991.057,1542.63,16.5223,0.0007,1.022,nan,0.014,nan,1.0,-1
413,1201.2,1282.77,16.6982,0.0007,0.854,nan,0.014,nan,0.99,-1
415,1185.98,1708.06,15.8586,0.0009,2.1,nan,0.026,nan,0.8,-1
416,897.135,1406.07,16.6315,0.0007,1.026,nan,0.016,nan,1.0,-1
419,1235.99,1134.08,16.7154,0.0007,0.88,nan,0.015,nan,1.0,-1
421,1192.83,1228.09,16.5652,0.0008,1.133,nan,0.019,nan,0.76,-1
422,898.761,1142.61,16.7442,0.0008,1.057,nan,0.019,nan,0.91,-1
424,1266.42,1346.74,16.7512,0.0008,0.94,nan,0.019,nan,0.85,-1
438,955.834,991.962,16.7665,0.0008,0.938,nan,0.017,nan,0.9,-1
439,735.556,1209.15,17.1907,0.0015,1.156,nan,0.031,nan,0.97,-1
445,1357.55,1184.42,16.7828,0.0007,1.012,nan,0.018,nan,0.98,-1
447,1292.07,1423.72,16.7487,0.0008,1.04,nan,0.018,nan,0.84,-1
450,1037.49,1271.81,16.7378,0.0008,1.095,nan,0.016,nan,1.0,-1
463,953.619,1341.49,16.8407,0.0008,0.952,nan,0.021,nan,0.99,-1
471,1265.62,920.338,16.8582,0.0008,0.914,nan,0.019,nan,0.97,-1
475,1282.62,1164.72,16.8633,0.0008,0.959,nan,0.017,nan,0.9,-1
478,1335.91,1494.08,16.8164,0.0008,0.949,nan,0.018,nan,1.0,-1
479,865.925,961.793,16.7822,0.0007,1.136,nan,0.022,nan,0.86,-1
480,978.712,1440.53,16.664,0.0008,1.194,nan,0.021,nan,0.99,-1
485,1082.87,1344.6,16.79,0.0007,1.107,nan,0.021,nan,0.98,-1
492,1372.3,1028.19,16.8142,0.0009,1.039,nan,0.02,nan,0.87,-1
495,686.794,1375.61,16.1738,0.0008,2.046,nan,0.035,nan,0.62,-1
499,1280.44,1714.66,17.9792,0.0018,1.117,nan,0.035,nan,0.91,-1
500,1061.4,938.203,16.8117,0.0009,1.092,nan,0.026,nan,0.96,-1
504,1309.48,1492.86,17.0725,0.0017,1.005,nan,0.043,nan,0.95,-1
505,904.004,1463.13,16.8881,0.0009,1.058,nan,0.024,nan,0.99,-1
507,1107.79,1403.74,16.8331,0.0009,1.191,nan,0.023,nan,0.82,-1
508,897.669,1375.31,16.8707,0.0008,1.098,nan,0.022,nan,0.99,-1
512,1399.85,1417.24,16.9687,0.0009,1.086,nan,0.019,nan,0.97,-1
516,914.689,1500.65,16.8813,0.0008,1.047,nan,0.022,nan,1.0,-1
518,1057.03,1374.18,17.0765,0.0014,0.961,nan,0.075,nan,0.99,-1
525,1003.0,988.83,16.9177,0.0008,0.95,nan,0.021,nan,1.0,-1
527,1035.88,1422.03,16.9377,0.0007,1.049,nan,0.02,nan,0.99,-1
530,1462.74,1447.62,17.002,0.0007,0.947,nan,0.02,nan,0.85,-1
538,1049.67,1184.87,16.9885,0.0008,1.044,nan,0.019,nan,1.0,-1
540,995.771,1250.03,16.9636,0.0008,1.043,nan,0.022,nan,0.98,-1
543,1102.03,1207.67,17.0622,0.003,1.019,nan,0.022,nan,0.57,-1
555,1089.14,1098.36,17.0902,0.0008,0.969,nan,0.021,nan,0.95,-1
561,1293.9,1619.08,17.112,0.0007,1.008,nan,0.022,nan,0.99,-1
566,1276.14,1539.19,17.109,0.0008,0.941,nan,0.023,nan,0.99,-1
574,1476.88,1146.95,16.6799,0.0009,1.572,nan,0.033,nan,0.95,-1
575,1357.9,1279.12,17.1567,0.0007,0.997,nan,0.02,nan,0.88,-1
576,1496.63,1406.4,17.9975,0.0014,1.075,nan,0.041,nan,0.98,-1
577,1067.98,1543.96,17.0888,0.0011,0.987,nan,0.021,nan,0.86,-1
581,1096.85,1749.47,17.0243,0.0008,1.09,nan,0.025,nan,0.99,-1
598,1148.07,1675.54,17.2028,0.0051,1.036,nan,0.024,nan,0.22,-1
600,1059.56,1465.68,17.0961,0.0008,1.073,nan,0.026,nan,0.87,-1
604,1229.88,1145.5,17.2643,0.0009,1.011,nan,0.024,nan,0.95,-1
605,1007.04,907.053,17.0291,0.0008,1.138,nan,0.029,nan,0.87,-1
617,1228.33,1451.96,17.2287,0.0008,1.015,nan,0.023,nan,0.95,-1
622,1261.53,975.448,17.1725,0.0042,1.105,nan,0.028,nan,0.56,-1
625,1108.83,1264.64,17.1158,0.0009,1.227,nan,0.028,nan,0.82,-1
629,1207.74,898.222,16.619,0.0008,1.956,nan,0.049,nan,0.87,-1
630,1481.12,1423.64,17.1988,0.0009,1.107,nan,0.024,nan,0.67,-1
645,1496.31,1282.22,17.1039,0.0008,1.262,nan,0.029,nan,0.8,-1
649,1084.26,1404.03,17.25,0.0009,1.05,nan,0.025,nan,0.98,-1
650,1118.29,982.841,17.321,0.0008,1.032,nan,0.03,nan,1.0,-1
655,1366.87,1497.77,17.1677,0.0008,1.272,nan,0.03,nan,0.72,-1
656,727.712,1226.58,17.2694,0.001,1.076,nan,0.025,nan,0.94,-1
664,689.47,1295.14,17.2507,0.0008,1.13,nan,0.027,nan,0.99,-1
666,1336.22,1645.65,17.1538,0.0008,1.397,nan,0.035,nan,0.67,-1
668,1369.37,1199.63,17.2501,0.0036,0.719,nan,0.05,nan,0.55,-1
669,985.732,1729.06,17.3278,0.0009,0.966,nan,0.027,nan,1.0,-1
673,1118.96,1299.73,17.2943,0.0009,1.179,nan,0.028,nan,1.0,-1
677,751.279,1272.71,17.1143,0.0008,1.426,nan,0.034,nan,0.91,-1
678,830.416,1278.04,17.3732,0.0009,1.076,nan,0.027,nan,0.77,-1
679,1044.14,1261.22,17.4249,0.0069,1.124,nan,0.031,nan,0.57,-1
691,1245.65,1193.85,16.6953,0.0008,2.119,nan,0.061,nan,0.9,-1
692,841.62,1534.86,17.426,0.0014,1.031,nan,0.026,nan,0.96,-1
693,881.144,1678.42,17.456,0.001,0.99,nan,0.029,nan,0.99,-1
694,1147.61,1411.32,17.303,0.0009,1.293,nan,0.033,nan,0.67,-1
700,817.314,1548.48,17.3612,0.0009,1.167,nan,0.027,nan,1.0,-1
707,974.227,1379.84,17.3333,0.0009,1.179,nan,0.029,nan,1.0,-1
715,1248.47,1635.87,17.5301,0.001,0.974,nan,0.027,nan,0.8,-1
883,1080.01,1322.51,17.8125,0.0013,1.028,nan,0.04,nan,0.99,-1
717,1193.7,1562.3,17.455,0.0027,1.011,nan,0.083,nan,0.5,-1
720,961.246,998.391,17.4772,0.0011,0.963,nan,0.03,nan,0.94,-1
721,709.831,1509.42,17.4392,0.0009,1.084,nan,0.032,nan,0.98,-1
726,1221.97,1304.04,17.4725,0.001,1.037,nan,0.033,nan,0.67,-1
730,1395.89,1048.65,17.3979,0.0011,1.22,nan,0.033,nan,0.99,-1
731,812.759,1276.85,17.1565,0.0053,1.566,nan,0.039,nan,0.0,-1
733,813.616,1436.05,17.4522,0.001,1.196,nan,0.036,nan,0.79,-1
738,1132.54,1203.56,17.5098,0.0011,1.003,nan,0.031,nan,0.96,-1
739,1304.71,957.046,17.5169,0.0043,1.194,nan,0.04,nan,0.0,-1
746,903.81,1240.5,17.5204,0.001,1.094,nan,0.03,nan,0.99,-1
747,690.513,1341.02,17.3914,0.001,1.121,nan,0.029,nan,0.89,-1
752,1418.21,1548.72,17.5798,0.0013,1.07,nan,0.033,nan,0.9,-1
758,1306.34,1100.82,17.6192,0.0011,1.051,nan,0.03,nan,0.99,-1
759,1323.07,1625.45,17.5347,0.001,1.133,nan,0.033,nan,0.81,-1
761,954.022,985.024,18.0225,0.0018,1.059,nan,0.063,nan,0.84,-1
763,689.679,1405.41,17.5661,0.001,1.082,nan,0.034,nan,0.77,-1
767,935.673,928.367,17.4685,0.0013,1.141,nan,0.04,nan,0.99,-1
769,1011.56,1136.24,17.6747,0.0017,1.171,nan,0.038,nan,0.86,-1
770,1298.88,1493.65,17.5034,0.0011,1.115,nan,0.035,nan,0.86,-1
776,1224.71,1003.31,17.6397,0.0011,1.0,nan,0.03,nan,0.99,-1
777,740.791,1059.3,16.8361,0.0009,2.148,nan,0.064,nan,0.82,-1
786,1068.73,975.249,17.5002,0.0022,1.252,nan,0.054,nan,0.46,-1
787,1477.13,1285.78,17.5284,0.001,1.194,nan,0.032,nan,0.97,-1
788,1426.24,1357.47,17.4675,0.0009,1.147,nan,0.034,nan,0.99,-1
798,1431.27,1330.26,17.5162,0.001,1.276,nan,0.037,nan,0.96,-1
801,1318.7,1255.31,17.5925,0.0011,1.065,nan,0.039,nan,0.99,-1
804,1226.83,1589.39,17.8253,0.0016,1.105,nan,0.058,nan,0.8,-1
809,1411.21,1249.78,16.8554,0.0008,2.22,nan,0.079,nan,0.69,-1
819,922.288,1326.57,17.533,0.001,1.29,nan,0.046,nan,0.99,-1
817,1122.61,1524.89,17.3944,0.0009,1.433,nan,0.046,nan,0.98,-1
826,1418.42,1132.09,17.5908,0.0009,1.113,nan,0.039,nan,0.74,-1
830,1081.14,1227.8,17.6625,0.0012,1.164,nan,0.044,nan,0.85,-1
829,1251.87,1220.19,17.6457,0.0013,1.131,nan,0.042,nan,0.98,-1
836,696.922,1127.28,17.6666,0.0011,1.122,nan,0.038,nan,0.77,-1
837,1185.92,1517.69,17.7338,0.0011,1.019,nan,0.036,nan,0.99,-1
843,1056.92,1255.57,17.5726,0.0012,1.314,nan,0.04,nan,0.94,-1
845,1262.31,1538.51,17.7309,0.0012,1.016,nan,0.036,nan,0.77,-1
849,1190.07,1421.6,18.586,0.002,1.27,nan,0.054,nan,0.94,-1
855,1326.35,1326.88,17.6748,0.0012,0.982,nan,0.062,nan,0.94,-1
859,1160.85,1202.09,17.6249,0.0011,1.125,nan,0.045,nan,0.83,-1
860,1191.27,1682.33,17.692,0.001,1.212,nan,0.041,nan,0.74,-1
862,917.497,1281.23,17.6705,0.0012,1.285,nan,0.042,nan,0.85,-1
869,988.501,1226.84,17.7161,0.0011,1.08,nan,0.041,nan,0.98,-1
871,1056.97,1565.33,18.0472,0.0016,1.159,nan,0.05,nan,0.99,-1
877,694.396,1265.82,17.6786,0.0012,1.29,nan,0.045,nan,0.97,-1
879,1276.69,1214.06,17.6941,0.0012,1.208,nan,0.046,nan,0.68,-1
880,1034.07,1594.25,17.7931,0.0013,1.019,nan,0.04,nan,0.98,-1
884,856.981,1306.3,17.951,0.0019,1.247,nan,0.043,nan,0.68,-1
888,1275.33,1245.6,17.5893,0.001,1.563,nan,0.053,nan,0.81,-1
892,842.955,1402.61,17.8599,0.0014,1.012,nan,0.041,nan,0.99,-1
894,1165.18,1339.28,17.7897,0.0012,1.107,nan,0.041,nan,0.65,-1
897,1057.26,1155.19,17.79,0.0016,1.144,nan,0.048,nan,0.9,-1
900,800.288,1403.82,17.8349,0.0012,1.051,nan,0.043,nan,0.98,-1
901,1410.96,1136.58,17.7609,0.0011,1.171,nan,0.046,nan,0.91,-1
903,1393.86,1460.31,17.8531,0.0014,1.266,nan,0.044,nan,0.95,-1
905,1192.01,1595.67,17.8681,0.0013,1.094,nan,0.039,nan,0.89,-1
910,1392.15,1186.45,17.8279,0.0011,1.072,nan,0.042,nan,0.97,-1
916,757.62,1415.39,17.855,0.0011,1.121,nan,0.04,nan,0.96,-1
927,911.444,1038.07,17.9337,0.0016,1.182,nan,0.048,nan,0.75,-1
932,993.489,1346.17,17.7576,0.0011,1.198,nan,0.049,nan,0.96,-1
933,1141.29,1164.57,17.9327,0.0012,1.057,nan,0.044,nan,0.98,-1
934,1366.06,1133.14,17.9143,0.0012,1.2,nan,0.041,nan,0.54,-1
953,759.48,1324.78,17.9202,0.0012,1.119,nan,0.049,nan,0.97,-1
968,1022.89,1686.37,17.9769,0.0013,1.074,nan,0.042,nan,0.97,-1
973,1192.07,1385.66,17.9802,0.0013,1.128,nan,0.049,nan,0.87,-1
977,698.754,1417.2,17.9491,0.0016,0.968,nan,0.051,nan,0.97,-1
982,1299.67,1441.49,17.8155,0.0012,1.36,nan,0.056,nan,0.67,-1
989,1061.82,1431.82,17.9569,0.0014,1.183,nan,0.059,nan,0.98,-1
995,1229.1,1076.67,17.9889,0.0014,1.349,nan,0.053,nan,0.52,-1
998,867.194,1264.14,18.0353,0.0013,1.22,nan,0.048,nan,0.47,-1
1002,1392.48,1349.61,18.0384,0.0014,1.138,nan,0.055,nan,0.95,-1
1003,1061.15,1340.06,17.9564,0.0013,1.053,nan,0.046,nan,0.99,-1
1007,1252.19,1663.17,17.9782,0.0012,1.087,nan,0.049,nan,0.77,-1
1010,938.044,1244.18,17.9997,0.0012,1.179,nan,0.053,nan,0.96,-1
1015,1162.67,1463.86,18.1095,0.0014,1.239,nan,0.051,nan,0.96,-1
1021,1130.05,1119.44,18.0821,0.0013,1.121,nan,0.051,nan,0.96,-1
1020,1432.45,1384.78,17.9014,0.0012,1.377,nan,0.061,nan,0.7,-1
1022,722.604,1454.35,18.0302,0.0014,1.163,nan,0.049,nan,0.98,-1
1025,1225.4,1528.9,17.8718,0.0011,1.339,nan,0.056,nan,0.48,-1
1035,1447.62,1167.41,18.0327,0.0013,1.221,nan,0.055,nan,0.84,-1
1041,1185.52,1208.09,18.0466,0.0013,1.227,nan,0.057,nan,1.0,-1
1042,1022.11,1533.34,18.055,0.0013,1.067,nan,0.051,nan,0.89,-1
1043,1371.96,1069.32,18.0868,0.0014,1.102,nan,0.053,nan,0.98,-1
1048,961.157,947.929,18.1153,0.0014,1.169,nan,0.058,nan,0.77,-1
1050,1078.18,1252.31,18.1226,0.0017,1.183,nan,0.059,nan,0.93,-1
1051,892.313,1112.07,18.0364,0.0014,1.229,nan,0.055,nan,0.92,-1
1052,925.362,1666.98,18.1091,0.0014,1.006,nan,0.054,nan,0.56,-1
1058,779.555,1609.17,18.3146,0.0021,1.183,nan,0.067,nan,0.5,-1
1059,960.524,1541.97,18.1312,0.0014,1.068,nan,0.058,nan,0.8,-1
1060,1268.97,1418.64,18.1179,0.0013,1.137,nan,0.064,nan,0.97,-1
1061,848.788,1210.92,18.2032,0.0018,1.099,nan,0.055,nan,0.92,-1
1065,898.401,1447.9,18.1973,0.0015,1.17,nan,0.061,nan,0.94,-1
1066,974.502,1454.31,18.1083,0.0015,1.271,nan,0.067,nan,0.97,-1
1068,1299.57,1170.95,18.211,0.0022,1.15,nan,0.059,nan,0.87,-1
1073,941.044,1572.11,18.1886,0.0013,1.183,nan,0.063,nan,0.98,-1
1089,1100.73,1243.42,18.1164,0.0014,1.288,nan,0.065,nan,0.56,-1
1093,1131.06,1696.07,18.2534,0.0014,1.063,nan,0.064,nan,0.93,-1
1098,1171.21,1272.96,18.2268,0.0014,1.32,nan,0.069,nan,0.92,-1
1100,1099.35,1577.49,18.1989,0.0014,1.229,nan,0.068,nan,0.93,-1
1106,912.439,1396.49,17.9854,0.0012,1.335,nan,0.07,nan,0.74,-1
1108,751.012,1531.92,18.2262,0.0015,1.227,nan,0.071,nan,0.99,-1
1112,1078.94,1380.31,18.065,0.0014,1.365,nan,0.079,nan,0.97,-1
1114,1013.15,1267.1,18.2822,0.0016,1.324,nan,0.071,nan,0.94,-1
1115,1092.6,1599.77,18.2593,0.0015,1.142,nan,0.064,nan,0.88,-1
1121,1219.04,1364.55,18.1844,0.0013,1.451,nan,0.066,nan,0.9,-1
1122,1401.37,1385.35,18.1775,0.0014,1.357,nan,0.073,nan,0.59,-1
1127,1265.16,1065.26,18.3363,0.0023,1.316,nan,0.082,nan,0.82,-1
1131,1350.48,1551.47,18.2686,0.0014,1.163,nan,0.067,nan,0.63,-1
1135,1052.92,994.303,18.3854,0.0018,1.296,nan,0.073,nan,0.78,-1
1138,1511.92,1364.74,18.2347,0.0014,1.295,nan,0.074,nan,0.98,-1
1139,744.668,1541.71,18.2071,0.0013,1.152,nan,0.072,nan,0.97,-1
1141,943.242,1617.48,18.2175,0.0016,1.437,nan,0.082,nan,0.65,-1
1149,1346.7,1479.49,18.5128,0.0017,1.239,nan,0.072,nan,0.91,-1
1151,1159.86,1012.47,18.4331,0.002,1.188,nan,0.073,nan,0.91,-1
1153,1411.12,1165.09,18.3937,0.0016,1.254,nan,0.077,nan,0.98,-1
1154,953.965,1644.95,18.2978,0.0016,1.147,nan,0.074,nan,0.63,-1
1156,1133.25,1475.44,18.2171,0.0015,1.275,nan,0.081,nan,0.86,-1
1163,1109.79,1350.25,18.1879,0.0015,1.36,nan,0.088,nan,0.65,-1
1164,1002.78,1665.37,18.2939,0.0015,1.164,nan,0.077,nan,0.99,-1
1172,1201.27,1052.99,18.5044,0.0018,1.423,nan,0.092,nan,0.86,-1
1173,1066.36,1178.31,18.5195,0.0019,1.433,nan,0.099,nan,0.72,-1
1174,1132.0,1023.48,18.4932,0.0017,1.146,nan,0.082,nan,0.97,-1
1177,1307.4,1649.56,18.5265,0.0018,1.087,nan,0.08,nan,0.3,-1
1178,1206.12,1067.26,18.5621,0.0017,1.405,nan,0.094,nan,0.91,-1
1180,1150.79,1393.94,18.4838,0.0015,1.319,nan,0.095,nan,0.97,-1
1182,1065.03,1141.49,18.6127,0.0021,1.131,nan,0.084,nan,0.72,-1
1185,1099.89,1044.29,18.5083,0.0017,1.184,nan,0.083,nan,0.99,-1
1188,1085.98,1047.54,18.5451,0.0018,1.184,nan,0.096,nan,0.96,-1
1189,978.609,1285.34,18.4777,0.0018,1.006,nan,0.071,nan,0.95,-1
1199,1259.48,1381.26,18.6236,0.0018,1.214,nan,0.098,nan,0.88,-1
437,758.579,1255.52,16.6607,0.0009,1.026,nan,0.017,nan,0.99,-1
529,1336.83,1378.08,16.9829,0.0009,1.046,nan,0.025,nan,1.0,-1
711,762.36,1243.05,17.4492,0.0012,1.106,nan,0.033,nan,0.76,-1
772,715.0,1224.74,17.5081,0.0011,1.135,nan,0.034,nan,0.99,-1
854,1391.33,1409.28,17.7469,0.0013,1.297,nan,0.043,nan,0.94,-1
984,1058.91,1544.43,17.9656,0.0015,0.998,nan,0.052,nan,0.91,-1
1012,1383.88,1341.02,17.8376,0.0011,1.35,nan,0.055,nan,0.97,-1
389,1239.39,1340.57,16.2117,0.0048,1.153,nan,0.036,nan,0.48,-1
1039,1287.27,1481.84,18.086,0.0013,1.176,nan,0.057,nan,0.99,-1
1144,1108.33,1285.18,18.3632,0.0018,1.234,nan,0.063,nan,0.93,-1
408,962.394,1588.52,16.6417,0.0007,0.877,nan,0.015,nan,0.94,-1
