#ID  Gmag   (Vmag-Imag)   (Bmag-Vmag)   e_Gmag   e_(Vmag-Imag)   e_(Bmag-Vmag)   Mini
10      17.7896 1.4268  1.1827  0.0012  0.0321  0.0466  2.1112  
11      16.7525 1.2500  0.9555  0.0008  0.0187  0.0234  2.7106  
12      16.6543 1.2361  0.9368  0.0007  0.0180  0.0221  2.7671  
13      17.1060 1.2964  1.0165  0.0009  0.0220  0.0292  2.5011  
14      16.9106 1.2846  1.0000  0.0008  0.0201  0.0258  2.6183  
15      15.3809 1.2877  0.9753  0.0005  0.0124  0.0120  3.3480  
26      15.7737 1.2553  0.9591  0.0005  0.0135  0.0140  5.5824  
17      17.5658 1.3055  1.0198  0.0011  0.0282  0.0398  2.2297  
18      17.5733 1.2895  0.9973  0.0011  0.0283  0.0401  2.2251  
19      16.0045 1.2540  0.9512  0.0006  0.0144  0.0156  3.1066  
210     16.6708 1.3132  1.0345  0.0007  0.0181  0.0223  4.6053  
111     17.1939 1.2710  0.9822  0.0009  0.0230  0.0309  2.4471  
212     16.8988 1.3607  1.0864  0.0008  0.0200  0.0256  4.3432  
213     15.8835 1.2670  0.9734  0.0006  0.0139  0.0147  5.4927  
114     16.3105 1.2543  0.9554  0.0006  0.0158  0.0182  2.9558  
115     17.6184 1.3563  1.0902  0.0011  0.0290  0.0413  2.2017  
116     16.9104 1.2820  0.9967  0.0008  0.0201  0.0258  2.6183  
217     16.6710 1.3164  1.0384  0.0007  0.0181  0.0223  4.6053  
218     17.2847 1.4289  1.1552  0.0010  0.0241  0.0328  3.9623  
119     17.9908 1.3513  1.0529  0.0013  0.0365  0.0541  2.0079  
120     16.5503 1.2290  0.9279  0.0007  0.0173  0.0208  2.8264  
121     17.2168 1.2671  0.9765  0.0009  0.0233  0.0314  2.4331  
222     17.6212 1.4877  1.1947  0.0011  0.0291  0.0414  3.6538  
123     17.9711 1.3791  1.0962  0.0013  0.0360  0.0533  2.0181  
124     18.0626 1.4181  1.1428  0.0014  0.0382  0.0570  1.9746  
225     16.0922 1.2595  0.9678  0.0006  0.0148  0.0163  5.2906  
126     18.2648 1.5140  1.2574  0.0015  0.0437  0.0662  1.8833  
227     16.6823 1.3016  1.0087  0.0007  0.0182  0.0225  4.5238  
128     17.8144 1.3420  1.0571  0.0012  0.0327  0.0475  2.0965  
229     15.5573 1.2678  0.9686  0.0005  0.0129  0.0128  5.7831  
130     17.6187 1.3638  1.1009  0.0011  0.0290  0.0413  2.2017  
131     15.6624 1.2771  0.9693  0.0005  0.0132  0.0134  3.2496  
232     16.8108 1.3674  1.0960  0.0008  0.0192  0.0242  4.4326  
233     17.7421 1.5107  1.2097  0.0012  0.0312  0.0451  3.5590  
234     18.2833 1.5512  1.1905  0.0015  0.0444  0.0674  3.0911  
235     17.0486 1.3814  1.1052  0.0009  0.0214  0.0281  4.1812  
136     17.6648 1.3978  1.1475  0.0011  0.0298  0.0426  2.1772  
137     14.9251 2.4649  2.1682  0.0004  0.0115  0.0103  3.6302  
138     15.8497 1.2446  0.9383  0.0005  0.0138  0.0145  3.1736  
139     15.1064 1.3129  0.9979  0.0004  0.0118  0.0109  3.4313  
240     15.8556 1.2494  0.9550  0.0006  0.0138  0.0146  5.5772  
141     17.5003 1.3554  1.0929  0.0011  0.0271  0.0380  2.2679  
242     16.4305 1.3192  1.0326  0.0007  0.0165  0.0194  4.8195  
143     17.7478 1.3260  1.0394  0.0012  0.0314  0.0453  2.1311  
144     16.6499 1.2868  0.9988  0.0007  0.0179  0.0220  2.7708  
245     17.2170 1.3883  1.0992  0.0009  0.0233  0.0314  3.9897  
146     17.8862 1.3893  1.1197  0.0013  0.0341  0.0500  2.0607  
147     17.6762 1.3301  1.0499  0.0012  0.0300  0.0430  2.1696  
148     18.4429 1.4809  1.1717  0.0017  0.0496  0.0760  1.8060  
149     17.2181 1.3001  1.0211  0.0009  0.0233  0.0314  2.4331  
150     18.0636 1.4432  1.1802  0.0014  0.0382  0.0570  1.9746  
251     15.3775 1.2562  0.9541  0.0005  0.0124  0.0120  5.9230  
252     17.6750 1.5506  1.2749  0.0012  0.0300  0.0429  3.6160  
153     17.7682 1.3359  1.0521  0.0012  0.0317  0.0460  2.1206  
154     17.3904 1.2560  0.9583  0.0010  0.0255  0.0353  2.3291  
155     17.8170 1.4117  1.1586  0.0012  0.0327  0.0475  2.0965  
156     17.7402 1.3875  1.1290  0.0012  0.0312  0.0450  2.1363  
157     16.1103 1.2521  0.9507  0.0006  0.0148  0.0164  3.0568  
258     16.8115 1.3825  1.1151  0.0008  0.0192  0.0242  4.4326  
159     16.1673 1.2442  0.9425  0.0006  0.0151  0.0169  3.0283  
160     17.1964 1.3323  1.0645  0.0009  0.0230  0.0309  2.4471  
161     16.9973 1.2521  0.9582  0.0009  0.0209  0.0272  2.5657  
262     17.1595 1.4153  1.1440  0.0009  0.0226  0.0302  4.0737  
163     16.1675 1.2497  0.9486  0.0006  0.0151  0.0169  3.0283  
164     15.1573 1.3009  0.9874  0.0004  0.0119  0.0111  3.4159  
165     17.1062 1.3001  1.0214  0.0009  0.0220  0.0292  2.5011  
266     17.8038 1.4990  1.1794  0.0012  0.0325  0.0472  3.4961  
167     17.6287 1.3779  1.1206  0.0011  0.0292  0.0416  2.1964  
168     18.0037 1.4208  1.1548  0.0013  0.0368  0.0545  2.0028  
169     17.4982 1.3019  1.0179  0.0011  0.0271  0.0380  2.2679  
270     15.2970 1.2643  0.9602  0.0005  0.0122  0.0116  5.9278  
271     16.1804 1.2908  1.0005  0.0006  0.0152  0.0170  5.0962  
172     17.4997 1.3410  1.0728  0.0011  0.0271  0.0380  2.2679  
273     17.3689 1.4253  1.1363  0.0010  0.0252  0.0347  3.8566  
174     17.1954 1.3074  1.0310  0.0009  0.0230  0.0309  2.4471  
175     17.0066 1.2800  0.9947  0.0009  0.0210  0.0274  2.5608  
176     15.1362 2.4279  2.1266  0.0004  0.0119  0.0110  3.5526  
277     16.1998 1.2932  1.0057  0.0006  0.0153  0.0172  5.1098  
178     16.9619 1.2582  0.9659  0.0008  0.0206  0.0266  2.5870  
179     16.1849 1.2589  0.9591  0.0006  0.0152  0.0171  3.0198  
180     17.4564 1.3133  1.0358  0.0010  0.0264  0.0369  2.2920  
281     14.8837 1.2994  0.9885  0.0004  0.0115  0.0102  6.3555  
182     17.9225 1.3275  1.0250  0.0013  0.0350  0.0515  2.0412  
283     14.9312 1.2937  0.9836  0.0004  0.0115  0.0103  6.2206  
184     16.6424 1.2561  0.9612  0.0007  0.0179  0.0219  2.7744  
185     17.5739 1.3034  1.0171  0.0011  0.0283  0.0401  2.2251  
186     17.0144 1.2705  0.9824  0.0009  0.0211  0.0275  2.5559  
187     16.7531 1.2644  0.9734  0.0008  0.0187  0.0234  2.7106  
288     15.4685 1.2402  0.9399  0.0005  0.0126  0.0124  5.8586  
189     18.0288 1.3894  1.1048  0.0014  0.0374  0.0556  1.9902  
290     16.2673 1.2876  1.0021  0.0006  0.0156  0.0178  5.0779  
291     16.6489 1.3055  1.0159  0.0007  0.0179  0.0220  4.5782  
292     16.6711 1.3197  1.0425  0.0007  0.0181  0.0223  4.6053  
193     16.1298 1.2563  0.9556  0.0006  0.0149  0.0166  3.0473  
194     15.6627 1.2860  0.9783  0.0005  0.0132  0.0134  3.2496  
195     17.6887 1.2901  0.9917  0.0012  0.0303  0.0435  2.1619  
196     17.5809 1.3817  1.1280  0.0011  0.0283  0.0402  2.2229  
297     15.8434 1.2738  0.9801  0.0005  0.0138  0.0145  5.5512  
198     17.4470 1.3042  1.0234  0.0010  0.0263  0.0367  2.2971  
199     17.1959 1.3203  1.0484  0.0009  0.0230  0.0309  2.4471  
2100    17.2837 1.4044  1.1219  0.0010  0.0241  0.0328  3.9623  
1101    16.1683 1.2692  0.9704  0.0006  0.0151  0.0169  3.0283  
1102    15.1286 1.3152  1.0003  0.0004  0.0119  0.0110  3.4245  
1103    16.3254 1.2832  0.9888  0.0007  0.0159  0.0183  2.9487  
1104    16.6497 1.2822  0.9932  0.0007  0.0179  0.0220  2.7708  
1105    17.3777 1.3002  1.0196  0.0010  0.0253  0.0350  2.3376  
2106    17.2854 1.4462  1.1787  0.0010  0.0241  0.0328  3.9623  
1107    17.6902 1.3298  1.0487  0.0012  0.0303  0.0435  2.1619  
2108    17.5617 1.4229  1.1115  0.0011  0.0281  0.0397  3.7045  
2109    17.9832 1.5462  1.2286  0.0013  0.0363  0.0538  3.3324  
1110    18.0034 1.4115  1.1411  0.0013  0.0368  0.0545  2.0028  
1111    17.9706 1.3649  1.0752  0.0013  0.0360  0.0533  2.0181  
2112    16.6822 1.2989  1.0054  0.0007  0.0182  0.0225  4.5238  
1113    15.3815 1.3030  0.9901  0.0005  0.0124  0.0120  3.3480  
1114    14.8660 2.4856  2.1882  0.0004  0.0114  0.0101  3.6434  
1115    17.8516 1.2937  0.9828  0.0013  0.0335  0.0489  2.0766  
1116    15.2440 2.4929  2.1803  0.0005  0.0121  0.0114  3.4783  
1117    15.6620 1.2659  0.9579  0.0005  0.0132  0.0134  3.2496  
1118    17.7474 1.3160  1.0250  0.0012  0.0314  0.0453  2.1311  
1119    17.0446 1.2629  0.9723  0.0009  0.0214  0.0281  2.5375  
2120    17.1581 1.3809  1.0980  0.0009  0.0226  0.0302  4.0737  
1121    17.4985 1.3085  1.0271  0.0011  0.0271  0.0380  2.2679  
2122    14.8825 1.2914  0.9821  0.0004  0.0115  0.0102  6.2279  
1123    17.1941 1.2759  0.9886  0.0009  0.0230  0.0309  2.4471  
2124    17.0650 1.3498  1.0543  0.0009  0.0216  0.0284  4.1442  
1125    15.1485 1.3276  1.0120  0.0004  0.0119  0.0110  3.4188  
1126    16.5347 1.2149  0.9110  0.0007  0.0172  0.0206  2.8347  
1127    15.1294 2.4297  2.1283  0.0004  0.0119  0.0110  3.5550  
1128    16.6475 1.2281  0.9269  0.0007  0.0179  0.0220  2.7708  
1129    16.5792 1.2605  0.9660  0.0007  0.0175  0.0211  2.8107  
1130    17.7885 1.3994  1.1429  0.0012  0.0321  0.0466  2.1112  
1131    15.5123 1.2624  0.9528  0.0005  0.0128  0.0126  3.3035  
2132    15.1778 1.2796  0.9726  0.0004  0.0120  0.0112  5.8179  
1133    15.8732 1.2574  0.9523  0.0006  0.0139  0.0147  3.1638  
1134    16.9263 1.2424  0.9457  0.0008  0.0202  0.0260  2.6079  
2135    14.7635 1.9454  1.5244  0.0004  0.0113  0.0099  6.3298  
1136    15.1921 1.3149  1.0007  0.0004  0.0120  0.0112  3.4059  
2137    15.6768 1.2459  0.9480  0.0005  0.0132  0.0135  5.6322  
2138    18.0138 1.5271  1.1921  0.0014  0.0371  0.0550  3.3153  
