ID,x,y,Gmag,e_Gmag,VI,BV,UB,VIerr,BVerr,UBerr,Plx,pmRA,pmDE,e_Plx,e_pmRA,e_pmDE,MP,sel
149,1203.35,1836.95,15.454,0.0006,1.054,0.874,0.531,0.008,0.008,0.039,0.3743,-6.309,2.682,0.0538,0.093,0.086,0.957,1
133,571.784,1258.27,15.296,0.0004,0.826,0.727,0.538,0.006,0.006,0.023,0.4029,-6.321,2.648,0.0317,0.054,0.056,0.945,1
14,855.632,1436.68,12.8623,0.0003,0.577,0.467,-0.034,0.003,0.003,0.004,0.4242,-6.293,2.698,0.031,0.048,0.046,0.943,1
105,1017.06,962.806,14.9784,0.0004,0.895,0.753,0.56,0.007,0.006,0.021,0.4319,-6.314,2.681,0.0293,0.047,0.045,0.94,1
67,1120.5,1315.84,14.5995,0.0004,0.815,0.691,0.471,0.006,0.005,0.015,0.3936,-6.271,2.687,0.0277,0.046,0.048,0.939,1
123,1367.58,1119.53,15.1147,0.0005,1.217,1.033,0.769,0.006,0.006,0.039,0.3777,-6.319,2.704,0.0318,0.057,0.05,0.937,1
87,1174.11,1260.96,14.8401,0.0004,0.782,0.67,0.494,0.006,0.005,0.017,0.3911,-6.387,2.641,0.0306,0.051,0.05,0.929,1
81,1146.38,1388.94,14.8061,0.0003,0.733,0.637,0.473,0.006,0.005,0.015,0.4324,-6.321,2.622,0.0279,0.045,0.044,0.928,1
43,841.709,1326.3,14.0787,0.0003,0.62,0.479,0.134,0.004,0.003,0.007,0.4035,-6.24,2.701,0.0232,0.037,0.036,0.925,1
88,1048.5,1154.74,14.7832,0.0004,1.021,0.877,0.622,0.005,0.004,0.02,0.3657,-6.288,2.684,0.0279,0.045,0.045,0.925,1
26,1140.64,1350.44,13.5199,0.0002,0.681,0.573,0.05,0.004,0.003,0.005,0.4485,-6.283,2.714,0.0207,0.033,0.033,0.924,1
86,1313.88,1428.39,14.7654,0.0004,0.904,0.844,0.491,0.006,0.005,0.019,0.4153,-6.218,2.697,0.0288,0.047,0.047,0.921,1
39,816.555,1148.85,13.9352,0.0003,0.642,0.533,0.198,0.004,0.003,0.006,0.4209,-6.285,2.761,0.0221,0.035,0.034,0.92,1
189,538.875,1523.86,15.8095,0.0007,1.047,0.868,0.51,0.008,0.009,0.045,0.4528,-6.453,2.67,0.0409,0.073,0.071,0.92,1
58,1153.5,1250.03,14.4105,0.0003,0.723,0.619,0.299,0.004,0.003,0.01,0.3883,-6.399,2.662,0.0265,0.044,0.043,0.919,1
207,768.018,804.951,15.9834,0.0006,1.138,0.932,0.718,0.011,0.013,0.087,0.4926,-6.272,2.59,0.0465,0.079,0.073,0.917,1
19,1231.82,1886.26,13.2541,0.0009,0.536,0.367,-0.224,0.005,0.004,0.004,0.3777,-6.317,2.615,0.0219,0.037,0.034,0.914,1
63,590.898,1321.45,14.4775,0.0003,0.718,0.592,0.338,0.004,0.003,0.011,0.4015,-6.309,2.779,0.0255,0.042,0.043,0.91,1
264,1149.51,1593.53,16.3397,0.0009,1.292,1.06,0.516,0.012,0.013,0.097,0.4522,-6.345,2.867,0.057,0.097,0.087,0.907,1
83,636.734,864.956,14.7629,0.0004,0.828,0.715,0.523,0.007,0.006,0.024,0.3574,-6.272,2.627,0.0311,0.049,0.047,0.906,1
93,768.679,1101.13,14.8888,0.0004,0.783,0.671,0.479,0.006,0.005,0.017,0.4278,-6.435,2.645,0.0283,0.046,0.044,0.904,1
182,1278.15,1059.12,15.7484,0.0006,1.104,0.942,0.777,0.009,0.01,0.056,0.3405,-6.34,2.581,0.0404,0.066,0.066,0.899,1
46,995.889,1279.54,14.106,0.0003,0.794,0.671,0.383,0.004,0.003,0.009,0.4689,-6.256,2.661,0.0248,0.043,0.042,0.898,1
1,1364.51,1383.14,11.233,0.0012,0.54,0.436,-0.571,0.003,0.002,0.003,0.4853,-6.389,2.582,0.0345,0.055,0.054,0.892,1
42,1185.47,1732.76,14.0929,0.0003,0.587,0.488,0.192,0.005,0.004,0.006,0.4424,-6.394,2.546,0.0251,0.046,0.046,0.881,1
64,1131.92,1326.59,14.436,0.0004,0.947,0.791,0.582,0.004,0.004,0.015,0.3449,-6.416,2.678,0.0256,0.042,0.042,0.873,1
188,668.484,1323.59,15.8357,0.0008,1.048,0.894,0.596,0.014,0.011,0.049,0.3349,-6.491,2.716,0.0404,0.069,0.072,0.865,1
16,1034.22,1328.76,13.0319,0.0011,0.667,0.506,-0.183,0.003,0.003,0.004,0.3886,-6.52,2.7,0.0348,0.058,0.054,0.861,1
262,586.336,1288.49,16.329,0.0007,1.164,0.945,0.397,0.014,0.015,0.08,0.3917,-6.589,2.774,0.0503,0.086,0.09,0.856,1
107,738.233,946.92,15.031,0.0004,0.788,0.696,0.509,0.007,0.006,0.023,0.4783,-6.255,2.535,0.0301,0.049,0.048,0.852,1
75,1366.36,1557.46,14.6873,0.0004,0.737,0.625,0.462,0.012,0.01,0.037,0.4471,-6.277,2.501,0.0296,0.05,0.046,0.846,1
115,1122.56,1329.44,15.0643,0.0005,0.951,0.797,0.594,0.007,0.006,0.028,0.4052,-6.217,2.864,0.031,0.051,0.05,0.832,1
232,1004.43,1678.7,16.1918,0.001,1.139,0.935,0.426,0.01,0.013,0.063,0.3615,-6.436,2.457,0.0497,0.087,0.08,0.828,1
185,1581.64,1286.53,15.7842,0.0007,1.091,0.9,0.587,0.009,0.009,0.051,0.3732,-6.596,2.71,0.0414,0.069,0.067,0.817,1
89,1079.2,1314.16,14.8475,0.0004,0.759,0.658,0.452,0.006,0.005,0.018,0.416,-6.122,2.684,0.0288,0.049,0.047,0.809,1
172,1563.9,1535.24,15.6823,0.0006,0.932,0.826,0.574,0.009,0.009,0.04,0.5006,-6.5,2.488,0.0425,0.074,0.068,0.809,1
7,853.392,1355.71,12.4079,0.0003,0.589,0.48,-0.106,0.003,0.003,0.003,0.4537,-6.551,2.551,0.0311,0.05,0.048,0.786,1
51,1478.92,1221.0,14.1341,0.0002,1.01,0.914,0.461,0.004,0.004,0.01,2.4849,-47.569,10.955,0.029,0.047,0.047,0.738,1
66,1075.25,913.078,14.4175,0.0003,1.059,0.892,0.853,0.008,0.007,0.029,0.3923,-6.025,2.558,0.0262,0.043,0.039,0.723,1
166,1646.51,1227.9,15.5979,0.0006,1.042,0.89,0.609,0.008,0.007,0.039,0.4337,-5.983,2.554,0.0406,0.065,0.063,0.717,1
129,707.959,1476.27,15.2651,0.0005,1.007,0.856,0.522,0.006,0.008,0.026,0.4036,-6.54,2.948,0.0316,0.055,0.055,0.639,1
241,929.017,1930.89,16.1658,0.0007,1.141,0.994,0.278,0.036,0.031,0.061,0.394,-6.437,3.069,0.051,0.09,0.087,0.639,1
48,1121.07,1124.2,14.0778,0.0003,0.999,0.809,0.16,0.004,0.003,0.007,0.3442,-7.008,4.057,0.0241,0.041,0.037,0.632,1
213,1024.33,1591.15,16.0673,0.0006,1.144,0.933,0.451,0.009,0.01,0.061,0.293,-6.246,2.372,0.0482,0.083,0.079,0.623,1
114,1405.35,1113.74,14.9887,0.0004,1.186,0.943,0.377,0.006,0.006,0.024,0.3593,-7.034,4.139,0.0292,0.048,0.047,0.606,1
62,1288.91,1756.73,14.4235,0.0021,0.876,0.746,0.091,0.007,0.006,0.01,0.7704,-5.865,3.841,0.1712,0.302,0.27,0.605,1
192,1105.91,1391.39,15.8525,0.0007,1.145,0.955,0.7,0.008,0.009,0.065,0.4525,-6.775,2.858,0.0422,0.069,0.066,0.577,1
175,919.431,1691.85,15.7074,0.0006,0.971,0.807,0.075,0.008,0.008,0.029,0.9787,10.384,10.286,0.0435,0.075,0.067,0.566,1
91,1317.35,1084.54,14.7631,0.0003,1.136,0.893,0.159,0.006,0.006,0.014,0.3118,-5.98,2.927,0.027,0.044,0.042,0.557,1
37,1308.62,1806.78,13.4513,0.0003,1.516,1.401,1.051,0.005,0.004,0.018,0.5283,-4.937,3.339,0.022,0.037,0.033,0.53,1
61,1439.06,912.006,14.289,0.0003,1.055,0.886,0.518,0.008,0.006,0.015,0.5455,-2.02,1.314,0.0238,0.039,0.037,0.508,1
30,728.788,1568.4,13.5692,0.0003,1.09,0.99,0.402,0.004,0.003,0.008,1.0201,-4.292,-5.41,0.0206,0.037,0.035,0.486,1
210,893.704,1425.41,16.077,0.0008,1.102,0.908,0.37,0.011,0.01,0.05,0.4137,-6.074,2.106,0.0484,0.079,0.077,0.427,1
65,1153.33,991.899,14.3549,0.0003,1.252,1.056,0.48,0.01,0.011,0.019,0.5529,-10.454,5.734,0.0239,0.039,0.038,0.419,1
211,953.705,1749.46,16.0523,0.0007,1.117,0.9,0.255,0.009,0.01,0.045,0.5117,-6.049,4.103,0.0486,0.084,0.075,0.375,1
57,785.505,1526.87,14.1427,0.0004,1.395,1.17,0.55,0.005,0.005,0.016,0.4164,-7.023,2.745,0.022,0.039,0.036,0.373,1
117,1057.6,1933.25,15.0113,0.0004,0.976,0.837,0.22,0.027,0.021,0.029,0.748,-8.962,7.02,0.0313,0.053,0.049,0.31,1
18,660.353,837.083,12.9538,0.0003,0.863,0.705,0.077,0.007,0.006,0.005,0.326,-5.552,3.717,0.0321,0.053,0.044,0.307,1
96,830.666,684.461,14.852,0.0003,0.926,0.83,0.222,0.007,0.006,0.015,1.1493,-21.834,3.222,0.031,0.049,0.048,0.268,1
147,1254.22,1384.01,15.4392,0.0005,0.977,0.868,0.201,0.007,0.006,0.027,0.5706,-3.161,1.288,0.0353,0.057,0.055,0.266,1
176,819.99,990.187,15.6233,0.0006,0.951,0.854,0.217,0.01,0.011,0.044,0.6748,-5.447,4.299,0.0378,0.061,0.059,0.238,1
94,1636.88,1520.28,14.835,0.0004,0.932,0.837,0.208,0.006,0.006,0.012,1.0304,0.197,5.863,0.0345,0.058,0.054,0.156,1
167,927.55,1370.64,15.6542,0.0006,0.832,0.716,-0.005,0.008,0.008,0.022,0.6888,-9.459,4.472,0.0413,0.067,0.063,0.152,1
60,1361.53,857.392,14.2419,0.0003,1.174,0.942,0.291,0.008,0.007,0.015,0.3537,-8.64,4.253,0.0235,0.04,0.037,0.006,1
194,1351.64,1392.9,15.8274,0.0018,1.316,1.107,0.627,0.01,0.015,0.118,0.3464,-0.333,1.569,0.0533,0.089,0.109,0.002,1
134,1306.91,1930.0,15.3658,0.0005,0.844,0.733,0.463,0.042,0.037,0.038,0.4338,-6.37,2.698,0.0365,0.063,0.058,0.939,0
146,954.883,1581.58,15.4669,0.0006,0.856,0.721,0.459,0.007,0.006,0.03,0.4718,-6.355,2.553,0.0359,0.061,0.056,0.903,0
35,909.911,1281.17,13.865,0.0002,0.615,0.518,0.051,0.004,0.003,0.006,0.4366,-6.276,2.859,0.0221,0.035,0.034,0.838,0
40,1197.68,1285.87,13.9179,0.0003,0.768,0.654,0.307,0.004,0.003,0.007,0.4154,-6.622,2.49,0.022,0.035,0.034,0.712,0
44,1019.24,1631.68,14.0411,0.0003,0.897,0.782,0.164,0.005,0.005,0.009,0.9319,-11.164,10.89,0.0242,0.041,0.035,0.677,0
32,1194.32,683.878,13.7672,0.0002,0.754,0.646,0.075,0.008,0.007,0.008,0.5851,-6.454,3.205,0.021,0.034,0.032,0.585,0
121,1271.85,1392.64,15.2259,0.0005,0.833,0.727,0.532,0.007,0.006,0.023,0.4322,-6.866,2.903,0.0322,0.052,0.051,0.522,0
92,1404.98,887.663,14.8261,0.0005,0.843,0.718,0.463,0.008,0.007,0.02,0.4488,-6.249,2.193,0.0465,0.079,0.077,0.515,0
36,972.113,1341.15,13.8643,0.0002,0.58,0.523,0.383,0.004,0.003,0.006,0.4694,-4.244,4.27,0.0222,0.035,0.035,0.509,0
90,1476.42,1643.35,14.7137,0.0003,1.138,0.935,0.687,0.006,0.005,0.023,0.3843,-5.854,2.996,0.0281,0.048,0.045,0.462,0
70,1576.25,1546.8,14.5989,0.0003,0.906,0.792,0.163,0.005,0.005,0.013,0.9467,-5.023,9.434,0.0273,0.047,0.044,0.401,0
33,742.996,1064.38,13.8208,0.0002,0.665,0.589,0.035,0.004,0.003,0.005,0.6953,-11.379,3.283,0.0215,0.034,0.033,0.393,0
95,1120.48,1197.04,14.8254,0.0004,1.087,0.88,0.739,0.006,0.005,0.027,0.2761,-6.567,4.339,0.0276,0.045,0.043,0.375,0
49,1096.22,1019.85,14.1281,0.0002,0.904,0.762,0.459,0.004,0.003,0.009,0.3545,-5.672,3.094,0.0228,0.037,0.035,0.361,0
5,909.82,1261.94,12.3543,0.0002,0.4,0.381,0.216,0.003,0.002,0.003,0.7986,-5.117,4.803,0.0319,0.051,0.049,0.265,0
142,1106.9,1719.05,15.4084,0.0006,0.96,0.773,0.625,0.007,0.006,0.027,0.3935,-5.705,3.816,0.0438,0.073,0.067,0.255,0
164,1368.98,1366.65,15.6336,0.0008,0.847,0.772,0.444,0.01,0.012,0.048,0.8055,-4.098,4.074,0.0514,0.079,0.069,0.245,0
13,1169.25,749.433,12.7208,0.0003,0.789,0.693,0.064,0.007,0.005,0.005,1.1358,-15.238,8.491,0.0314,0.05,0.048,0.237,0
116,1296.68,1840.04,15.0498,0.0006,0.896,0.823,0.249,0.006,0.006,0.02,1.2544,-6.47,4.131,0.0334,0.056,0.052,0.232,0
50,1667.69,1460.07,14.2434,0.0006,0.82,0.674,0.005,0.006,0.004,0.007,0.7792,-7.811,5.162,0.0274,0.044,0.043,0.224,0
171,666.87,1311.69,15.6814,0.0006,1.029,0.915,0.294,0.008,0.009,0.036,1.0635,0.14,-7.496,0.0381,0.064,0.066,0.189,0
118,1136.48,1185.37,15.1341,0.0004,0.784,0.712,-0.012,0.009,0.008,0.015,0.6632,1.256,0.213,0.0326,0.052,0.049,0.181,0
136,959.276,1636.04,15.3582,0.0005,0.959,0.799,0.184,0.006,0.007,0.027,0.5709,-8.656,3.732,0.0341,0.058,0.053,0.181,0
157,1127.15,1430.28,15.6013,0.0023,1.039,0.864,0.667,0.011,0.009,0.036,0.2228,-5.984,5.116,0.0788,0.135,0.132,0.173,0
205,1474.9,1380.25,16.0157,0.0007,1.213,1.047,0.204,0.01,0.013,0.047,0.4924,-7.276,6.682,0.0475,0.078,0.076,0.152,0
28,1069.19,1946.95,12.9508,0.0006,1.968,1.775,1.82,0.004,0.003,0.048,0.4958,-7.302,4.44,0.0387,0.067,0.06,0.107,0
183,829.122,1582.88,15.7667,0.0006,1.008,0.877,0.183,0.008,0.009,0.031,0.6971,-8.802,7.459,0.0411,0.075,0.069,0.076,0
173,1405.95,1802.64,15.6701,0.0007,1.047,0.868,0.182,0.008,0.009,0.034,0.5226,-7.194,4.682,0.0442,0.074,0.069,0.049,0
109,1227.33,1242.35,15.1037,0.0018,0.951,0.817,0.385,0.007,0.006,0.019,0.5035,-7.659,1.559,0.0713,0.12,0.118,0.013,0
158,1377.27,1414.7,15.6106,0.0097,1.215,1.005,0.485,0.008,0.008,0.04,0.4332,-4.195,1.494,0.0453,0.079,0.086,0.002,0
79,948.004,1070.4,14.7243,0.0007,0.991,0.855,0.278,0.006,0.005,0.015,1.4806,-12.601,3.029,0.0271,0.044,0.043,0.0,0
110,1424.27,1143.02,15.0247,0.0004,0.92,0.863,0.319,0.006,0.006,0.019,1.4109,-11.702,-2.834,0.03,0.049,0.048,0.0,0
125,510.727,1011.54,15.167,0.0005,1.53,1.255,0.856,0.006,0.009,0.059,0.3533,-5.089,1.478,0.0318,0.053,0.055,0.0,0
53,1552.52,1481.16,13.8974,0.0003,1.86,1.723,nan,0.005,0.006,nan,0.522,-6.471,3.161,0.0248,0.041,0.041,0.56,-1
52,1766.73,1401.76,13.9579,0.0003,1.932,1.767,nan,0.005,0.007,nan,0.4339,-5.117,3.876,0.0253,0.041,0.04,0.4,-1
47,1053.04,1699.82,13.856,0.0004,2.23,1.969,nan,0.006,0.008,nan,0.3579,-0.458,-1.845,0.0288,0.049,0.045,0.0,-1
497,593.939,1556.74,17.313,0.0011,1.334,1.119,nan,0.05,0.067,nan,0.4222,-6.175,2.658,0.0911,0.164,0.161,0.97,-1
77,1278.65,808.747,14.2692,0.0003,2.055,1.784,nan,0.009,0.01,nan,0.3732,-3.351,2.094,0.031,0.052,0.049,0.01,-1
101,807.629,1362.08,14.7644,0.0004,1.699,1.523,nan,0.005,0.007,nan,0.3486,-10.418,9.704,0.0274,0.044,0.042,0.4,-1
144,780.861,1093.96,15.1474,0.0008,1.511,1.269,nan,0.02,0.013,nan,2.577,-28.169,8.046,0.0316,0.051,0.049,0.64,-1
99,991.289,1445.26,14.7993,0.0004,2.156,1.517,nan,0.006,0.009,nan,6.089,8.427,-27.983,0.0372,0.063,0.062,0.75,-1
131,1721.93,1206.9,15.09,0.0005,1.736,1.391,nan,0.006,0.008,nan,0.2778,-4.708,3.214,0.033,0.053,0.051,0.2,-1
163,1330.3,1681.47,15.6083,0.0006,0.894,0.798,nan,0.008,0.008,nan,0.4468,-6.412,2.668,0.0433,0.073,0.067,0.94,-1
187,1284.78,1798.46,15.7999,0.0008,1.119,0.922,nan,0.008,0.01,nan,0.3565,-8.437,5.124,0.0444,0.077,0.069,0.04,-1
199,1129.78,1699.95,16.4153,0.0016,1.202,1.012,nan,0.038,0.029,nan,0.8294,-8.649,3.943,0.0781,0.13,0.12,0.3,-1
190,493.364,1449.13,15.8318,0.0008,1.204,0.999,nan,0.009,0.01,nan,0.4742,-6.316,2.797,0.0431,0.07,0.073,0.91,-1
191,1382.17,1296.79,15.7952,0.0008,1.384,1.164,nan,0.009,0.01,nan,0.4278,-4.285,2.775,0.0442,0.076,0.071,0.07,-1
201,834.863,1237.37,15.9605,0.0007,1.134,0.97,nan,0.009,0.011,nan,0.3414,-8.223,5.011,0.0443,0.072,0.07,0.08,-1
204,754.042,907.586,15.9683,0.002,1.285,1.078,nan,0.01,0.013,nan,-0.4813,-7.025,-0.381,0.2611,0.445,0.439,0.0,-1
196,533.246,1591.37,15.8285,0.0009,1.579,1.24,nan,0.01,0.013,nan,0.3188,-6.17,3.497,0.0447,0.078,0.077,0.19,-1
209,1770.83,1139.13,16.035,0.0007,1.28,1.043,nan,0.009,0.011,nan,0.5621,-4.841,4.223,0.096,0.162,0.159,0.22,-1
214,767.066,1207.26,16.0706,0.0007,1.239,1.033,nan,0.01,0.012,nan,0.4252,-6.172,2.869,0.0462,0.076,0.073,0.85,-1
228,1049.92,1167.97,16.1226,0.0008,1.159,0.992,nan,0.011,0.01,nan,0.3772,-6.521,2.789,0.0482,0.079,0.079,0.87,-1
227,1232.49,902.242,16.1249,0.0007,1.144,0.951,nan,0.013,0.013,nan,0.5902,-7.318,2.695,0.052,0.083,0.076,0.11,-1
219,1530.51,929.987,16.1035,0.0007,1.226,1.01,nan,0.012,0.015,nan,0.6014,-4.121,3.172,0.047,0.083,0.079,0.13,-1
216,1000.11,1258.2,16.0982,0.0007,1.286,1.073,nan,0.009,0.013,nan,0.3338,-6.293,2.778,0.048,0.082,0.079,0.91,-1
223,1287.93,1051.22,16.1497,0.0007,1.244,1.012,nan,0.011,0.013,nan,0.4953,-6.431,2.773,0.0484,0.081,0.077,0.88,-1
208,462.934,1056.53,15.9982,0.0007,1.504,1.246,nan,0.01,0.014,nan,0.3073,-6.159,2.91,0.0446,0.075,0.077,0.73,-1
221,1220.19,1284.59,16.1668,0.0026,1.367,1.136,nan,0.009,0.013,nan,-0.9656,-9.111,7.621,0.2959,0.502,0.54,0.36,-1
246,890.588,634.446,16.2571,0.0007,1.076,0.98,nan,0.015,0.015,nan,0.8508,-8.584,6.034,0.0544,0.087,0.081,0.27,-1
269,812.241,1289.36,16.4386,0.0008,1.121,0.99,nan,0.029,0.023,nan,0.4004,-6.546,2.618,0.0559,0.092,0.088,0.91,-1
238,805.132,969.158,16.1951,0.0007,1.288,1.055,nan,0.012,0.016,nan,0.2866,-5.353,3.212,0.0491,0.08,0.078,0.31,-1
254,1051.83,989.03,16.1932,0.0018,1.267,1.025,nan,0.017,0.016,nan,0.7097,-4.283,4.778,0.0974,0.162,0.158,0.22,-1
236,1274.89,1098.0,16.2111,0.0008,1.332,1.106,nan,0.01,0.013,nan,0.3819,-6.257,2.485,0.0499,0.082,0.082,0.88,-1
257,1408.01,1785.53,16.3163,0.0007,1.171,0.967,nan,0.011,0.013,nan,0.3195,-6.322,2.704,0.0589,0.099,0.093,0.94,-1
261,671.237,1559.71,16.3662,0.0007,1.153,0.998,nan,0.04,0.048,nan,0.3103,-6.236,2.844,0.0552,0.108,0.108,0.89,-1
272,577.542,1311.31,16.5912,0.004,1.29,1.059,nan,0.026,0.023,nan,0.3486,-5.624,4.305,0.1971,0.333,0.369,0.76,-1
255,781.896,1471.92,16.3182,0.0007,1.214,0.988,nan,0.011,0.013,nan,0.5248,-6.33,2.76,0.0514,0.091,0.088,0.89,-1
258,694.612,798.263,16.2753,0.0007,1.235,1.012,nan,0.013,0.016,nan,0.4609,-6.247,2.538,0.0607,0.097,0.087,0.93,-1
248,539.933,1257.1,16.2763,0.0008,1.291,1.073,nan,0.013,0.013,nan,0.4992,-6.395,2.584,0.052,0.087,0.094,0.93,-1
266,1034.83,1280.44,16.3572,0.0008,1.177,0.999,nan,0.011,0.013,nan,0.4599,-6.169,2.666,0.0583,0.095,0.091,0.93,-1
260,980.274,1401.45,16.3436,0.0007,1.189,0.999,nan,0.011,0.015,nan,0.5426,-6.423,2.532,0.0544,0.098,0.09,0.87,-1
273,1291.35,1528.68,16.376,0.0009,1.326,1.056,nan,0.024,0.015,nan,0.4036,-6.322,2.717,0.0734,0.12,0.109,0.97,-1
265,685.619,1083.15,16.3343,0.0006,1.29,1.112,nan,0.012,0.014,nan,0.6162,-10.026,7.644,0.0525,0.086,0.082,0.07,-1
278,1340.47,1777.69,16.4056,0.0007,1.15,0.957,nan,0.012,0.014,nan,0.3978,-5.895,2.789,0.0572,0.101,0.092,0.65,-1
285,1231.81,1660.15,16.4789,0.0007,1.014,0.922,nan,0.013,0.014,nan,0.5882,-3.12,-2.672,0.072,0.126,0.113,0.02,-1
289,1548.7,1779.98,16.479,0.0007,1.119,0.917,nan,0.013,0.016,nan,0.3025,-7.255,4.37,0.0677,0.116,0.097,0.35,-1
230,1073.49,986.429,16.1511,0.0009,1.734,1.444,nan,0.014,0.024,nan,0.3778,-3.915,2.293,0.0754,0.124,0.122,0.16,-1
288,1384.53,1387.96,16.4526,0.0009,1.134,1.0,nan,0.017,0.022,nan,0.8211,-9.303,4.081,0.0621,0.104,0.11,0.27,-1
271,1032.85,1216.12,16.3981,0.0007,1.38,1.191,nan,0.012,0.016,nan,1.1644,-9.326,8.987,0.0589,0.097,0.093,0.03,-1
295,1329.68,1797.81,16.5275,0.0008,1.11,0.955,nan,0.013,0.015,nan,0.4488,-6.086,2.415,0.0611,0.106,0.099,0.8,-1
286,763.732,876.786,16.4709,0.0018,1.365,1.137,nan,0.014,0.019,nan,0.2534,-5.082,3.236,0.1017,0.174,0.158,0.49,-1
282,774.489,1259.92,16.4648,0.0011,1.345,1.146,nan,0.013,0.017,nan,0.524,-8.457,2.211,0.0564,0.093,0.089,0.01,-1
303,692.844,1296.34,16.5382,0.0007,1.231,1.035,nan,0.013,0.015,nan,0.4056,-6.108,2.565,0.0555,0.094,0.091,0.89,-1
290,1323.95,1778.91,16.4979,0.0008,1.33,1.177,nan,0.013,0.018,nan,1.1334,-10.373,7.037,0.0724,0.126,0.117,0.1,-1
294,1254.62,1214.14,16.5303,0.0014,1.329,1.109,nan,0.013,0.017,nan,0.3441,-6.219,2.837,0.0673,0.114,0.109,0.93,-1
275,1690.24,1499.27,16.3944,0.0011,1.578,1.308,nan,0.014,0.019,nan,0.3906,-6.786,6.821,0.0722,0.124,0.112,0.07,-1
293,1398.54,1420.39,16.5093,0.0009,1.37,1.121,nan,0.013,0.017,nan,0.3958,-7.124,4.238,0.0697,0.134,0.144,0.6,-1
300,1418.79,923.561,16.5299,0.0007,1.244,1.078,nan,0.016,0.02,nan,1.0232,-6.748,0.254,0.0585,0.098,0.094,0.18,-1
299,1233.33,1189.73,16.5494,0.0007,1.322,1.104,nan,0.013,0.017,nan,0.4234,-6.454,2.588,0.0614,0.104,0.1,0.95,-1
328,1321.76,1162.49,16.7042,0.0014,1.096,0.991,nan,0.014,0.018,nan,-0.1628,-9.052,5.727,0.1129,0.19,0.193,0.02,-1
329,1548.4,1697.04,16.6449,0.0008,1.204,1.009,nan,0.013,0.016,nan,0.183,-8.01,4.234,0.0659,0.117,0.109,0.06,-1
325,1106.11,1920.3,16.6271,0.0008,1.278,1.066,nan,0.015,0.019,nan,0.3727,-5.814,5.006,0.0631,0.111,0.103,0.13,-1
345,1083.79,1701.84,16.7213,0.0007,1.078,0.944,nan,0.015,0.016,nan,0.6262,0.002,-1.438,0.065,0.112,0.102,0.02,-1
334,1328.73,1144.99,16.6911,0.0011,1.237,1.095,nan,0.014,0.019,nan,1.482,-13.848,5.36,0.1072,0.184,0.19,0.01,-1
318,1715.83,1197.69,16.6327,0.0008,1.364,1.074,nan,0.015,0.018,nan,0.3369,-5.726,4.405,0.064,0.107,0.108,0.35,-1
337,1657.69,1550.61,16.6961,0.0008,1.268,1.028,nan,0.015,0.02,nan,0.3359,-6.9,3.562,0.069,0.119,0.106,0.22,-1
346,1098.23,832.543,16.6949,0.0008,1.235,1.017,nan,0.017,0.02,nan,0.2833,-7.339,4.215,0.074,0.123,0.101,0.37,-1
341,1656.34,1592.24,16.7365,0.0008,1.328,1.132,nan,0.015,0.02,nan,0.3617,-6.218,2.796,0.08,0.135,0.11,0.95,-1
342,1493.85,1205.61,16.715,0.0008,1.369,1.139,nan,0.015,0.021,nan,0.2807,-4.028,2.342,0.0686,0.113,0.114,0.15,-1
154,1223.02,803.0,15.5846,0.0008,2.961,2.512,nan,0.013,0.054,nan,0.2555,-4.869,1.923,0.0578,0.097,0.093,0.01,-1
307,1341.26,1722.04,16.6162,0.0008,1.519,1.294,nan,0.013,0.022,nan,0.2479,-3.086,0.607,0.0661,0.115,0.107,0.04,-1
316,744.092,1739.63,16.6233,0.0008,1.555,1.26,nan,0.017,0.027,nan,0.3745,-4.059,4.085,0.0593,0.107,0.106,0.14,-1
332,668.122,911.747,16.643,0.0008,1.518,1.277,nan,0.016,0.025,nan,0.5213,-6.051,4.176,0.0617,0.102,0.096,0.42,-1
353,1246.99,1114.27,16.7495,0.0009,1.385,1.103,nan,0.016,0.02,nan,0.3176,-5.528,2.757,0.0643,0.108,0.104,0.31,-1
291,936.379,1942.7,16.4475,0.001,1.919,1.636,nan,0.02,0.031,nan,0.4802,-9.64,4.903,0.0744,0.13,0.128,0.02,-1
366,1008.2,1742.31,16.8053,0.0009,1.261,1.044,nan,0.015,0.02,nan,0.5409,-5.967,2.674,0.0721,0.125,0.114,0.76,-1
368,846.679,1151.52,16.8404,0.0008,1.264,1.079,nan,0.016,0.02,nan,0.4814,-6.343,2.62,0.0697,0.115,0.11,0.96,-1
374,424.287,1099.72,16.8531,0.001,1.313,1.072,nan,0.018,0.023,nan,0.3589,-6.295,2.782,0.0671,0.115,0.121,0.96,-1
365,1735.34,1505.36,16.7931,0.0009,1.43,1.121,nan,0.015,0.024,nan,0.5328,-1.08,1.987,0.0889,0.135,0.122,0.01,-1
370,1302.3,1314.17,16.8873,0.0009,1.34,1.204,nan,0.017,0.026,nan,0.5001,-7.249,3.147,0.0745,0.144,0.139,0.13,-1
395,1609.45,1326.53,16.9257,0.0008,1.209,0.999,nan,0.019,0.02,nan,0.5888,-14.444,4.401,0.0746,0.127,0.123,0.02,-1
373,1328.77,1555.93,16.8904,0.0009,1.358,1.063,nan,0.03,0.041,nan,0.3417,-9.995,5.061,0.0763,0.13,0.12,0.01,-1
177,480.68,1105.92,15.7001,0.0009,3.052,2.574,nan,0.014,0.064,nan,0.2267,-6.956,3.293,0.0683,0.11,0.123,0.21,-1
389,1394.72,1579.08,16.9087,0.0009,1.444,1.177,nan,0.017,0.025,nan,0.3621,-5.986,3.848,0.0725,0.128,0.119,0.29,-1
394,1296.95,1279.28,16.9549,0.0009,1.425,1.152,nan,0.018,0.026,nan,0.4754,-6.46,2.926,0.0739,0.123,0.119,0.89,-1
383,1547.76,1457.96,16.9114,0.0012,1.484,1.307,nan,0.017,0.028,nan,0.517,-6.682,2.774,0.0738,0.124,0.124,0.81,-1
375,1495.47,1527.96,16.8546,0.001,1.555,1.267,nan,0.017,0.025,nan,0.3666,-6.456,4.92,0.0762,0.147,0.149,0.17,-1
380,930.635,888.956,16.8852,0.0015,1.498,1.294,nan,0.023,0.036,nan,-0.0103,-4.344,3.396,0.1579,0.27,0.26,0.13,-1
416,1007.55,1376.59,17.0062,0.0012,1.263,1.082,nan,0.018,0.024,nan,0.5058,-6.334,2.615,0.0766,0.136,0.133,0.96,-1
386,1350.86,898.853,16.9399,0.0012,1.485,1.241,nan,0.022,0.03,nan,1.0852,-12.814,6.058,0.0824,0.135,0.128,0.16,-1
429,1657.46,1206.5,17.0445,0.0011,1.538,1.303,nan,0.032,0.034,nan,0.3195,-0.127,1.005,0.0992,0.159,0.146,0.0,-1
420,667.347,1827.69,17.0218,0.0011,1.274,1.165,nan,0.018,0.025,nan,0.4523,-5.945,4.479,0.075,0.144,0.147,0.41,-1
414,1124.99,1356.05,17.0436,0.0012,1.321,1.082,nan,0.019,0.03,nan,0.3236,-6.51,2.557,0.0845,0.141,0.138,0.94,-1
387,885.583,803.879,16.9011,0.001,1.548,1.343,nan,0.022,0.033,nan,0.3095,-5.616,2.611,0.0726,0.123,0.118,0.37,-1
385,1733.61,1285.11,16.9215,0.0008,1.538,1.301,nan,0.018,0.028,nan,0.5931,-7.207,5.784,0.0752,0.129,0.129,0.14,-1
442,791.817,1409.12,17.1071,0.0012,1.227,1.092,nan,0.019,0.025,nan,0.4777,-6.228,2.485,0.0885,0.148,0.137,0.95,-1
430,842.408,1406.66,17.0694,0.001,1.28,1.063,nan,0.019,0.024,nan,0.4704,-6.374,2.774,0.0787,0.139,0.134,0.96,-1
406,837.796,655.356,16.9434,0.0012,1.427,1.294,nan,0.022,0.031,nan,1.07,-5.479,4.267,0.0765,0.126,0.12,0.18,-1
421,1016.08,1278.24,17.0737,0.0012,1.362,1.139,nan,0.019,0.027,nan,0.4113,-7.183,5.581,0.0783,0.133,0.129,0.08,-1
447,1003.05,1754.26,17.07,0.001,1.265,0.991,nan,0.02,0.023,nan,0.6058,-0.307,4.444,0.0838,0.148,0.131,0.04,-1
431,509.961,1071.72,17.0993,0.0015,1.396,1.117,nan,0.022,0.027,nan,0.4836,-6.658,2.354,0.0997,0.168,0.187,0.89,-1
435,1411.11,1774.33,17.105,0.001,1.314,1.169,nan,0.023,0.029,nan,1.0289,1.666,-3.489,0.0879,0.152,0.14,0.25,-1
413,939.515,1042.68,17.0704,0.0017,1.499,1.181,nan,0.019,0.026,nan,1.2549,-5.678,2.657,0.1397,0.233,0.231,0.17,-1
340,1238.46,1964.99,16.7509,0.0025,1.947,1.612,nan,0.019,0.043,nan,0.3343,-5.121,3.394,0.0728,0.126,0.116,0.36,-1
313,1534.77,1122.86,16.6395,0.0008,2.136,1.91,nan,0.016,0.048,nan,0.3179,-1.341,-0.004,0.0724,0.122,0.117,0.0,-1
450,1667.54,1336.95,17.1281,0.0009,1.413,1.14,nan,0.019,0.032,nan,-0.022,-5.861,2.843,0.08,0.138,0.135,0.16,-1
415,1110.86,1380.94,17.0654,0.0011,1.523,1.368,nan,0.021,0.033,nan,0.4328,-6.415,2.712,0.0831,0.14,0.136,0.97,-1
404,1048.1,1044.46,17.0302,0.0011,1.665,1.38,nan,0.021,0.036,nan,0.3913,-6.789,5.45,0.0742,0.126,0.123,0.05,-1
439,1622.82,1424.17,17.1592,0.0011,1.509,1.276,nan,0.023,0.034,nan,0.5922,-6.351,2.666,0.088,0.15,0.145,0.93,-1
427,696.964,1275.48,17.0996,0.0013,1.537,1.348,nan,0.02,0.033,nan,0.1515,-3.082,2.985,0.0907,0.157,0.154,0.02,-1
468,1282.55,1511.75,17.2081,0.0011,1.31,1.109,nan,0.023,0.03,nan,0.9098,6.423,-3.788,0.0906,0.156,0.145,0.34,-1
436,1232.03,1086.84,17.1106,0.0012,1.55,1.323,nan,0.022,0.035,nan,0.3172,-6.586,2.623,0.0798,0.137,0.132,0.92,-1
486,1006.51,1206.86,17.2352,0.0011,1.312,1.087,nan,0.021,0.028,nan,0.5215,-7.838,5.948,0.0859,0.142,0.133,0.14,-1
407,1005.91,1906.94,17.0186,0.001,1.702,1.436,nan,0.02,0.036,nan,0.2331,-3.899,3.977,0.0819,0.148,0.136,0.11,-1
487,433.304,1143.29,17.2236,0.0009,1.356,1.134,nan,0.022,0.03,nan,0.575,-6.075,2.088,0.0877,0.149,0.159,0.6,-1
455,1405.68,1610.73,17.1271,0.001,1.588,1.324,nan,0.02,0.034,nan,0.2371,-5.246,3.31,0.0838,0.147,0.134,0.46,-1
470,1161.16,1149.61,17.2219,0.0011,1.433,1.26,nan,0.023,0.032,nan,0.3774,-6.09,2.675,0.0902,0.158,0.151,0.95,-1
478,1008.61,1239.79,17.1897,0.001,1.453,1.21,nan,0.022,0.032,nan,0.59,-5.312,4.852,0.0839,0.146,0.139,0.09,-1
481,805.905,1293.83,17.4719,0.0038,1.696,1.166,nan,0.042,0.048,nan,1.8602,-5.842,0.355,0.3485,0.586,0.604,0.59,-1
484,1302.33,1287.29,17.2299,0.001,1.458,1.206,nan,0.02,0.03,nan,0.4376,-6.598,2.17,0.0845,0.14,0.133,0.65,-1
498,732.484,1485.18,17.335,0.0017,1.277,1.063,nan,0.021,0.029,nan,0.3362,-7.05,4.153,0.0937,0.178,0.173,0.72,-1
483,1027.78,1393.03,17.2306,0.001,1.365,1.087,nan,0.022,0.033,nan,0.5158,-1.78,1.694,0.0854,0.15,0.143,0.03,-1
499,734.962,1607.76,17.343,0.0019,1.296,1.15,nan,0.024,0.032,nan,-0.5366,-7.389,2.926,0.1392,0.252,0.247,0.0,-1
426,541.758,1604.39,17.0737,0.0011,1.675,1.408,nan,0.02,0.036,nan,0.464,-3.47,1.03,0.0814,0.144,0.144,0.02,-1
511,788.084,1397.85,17.2887,0.0011,1.317,1.096,nan,0.025,0.03,nan,0.3125,-6.765,2.913,0.0934,0.151,0.14,0.77,-1
475,1278.95,1251.08,17.233,0.001,1.513,1.294,nan,0.023,0.038,nan,0.2909,-6.302,2.555,0.0859,0.143,0.136,0.94,-1
417,962.261,1505.49,17.0486,0.0012,1.827,1.498,nan,0.02,0.042,nan,0.3838,-4.887,3.764,0.0881,0.154,0.137,0.36,-1
388,1146.76,1171.24,17.0315,0.0025,2.139,1.476,nan,0.021,0.046,nan,3.0466,-12.043,2.548,0.1678,0.282,0.267,0.28,-1
491,663.39,1127.36,17.2755,0.0012,1.485,1.296,nan,0.023,0.036,nan,0.5018,-6.339,2.343,0.0852,0.144,0.136,0.89,-1
524,1029.42,1842.02,17.3412,0.0011,1.338,1.178,nan,0.028,0.038,nan,0.5263,-6.043,5.104,0.0961,0.161,0.148,0.14,-1
534,928.842,1577.3,17.4058,0.0013,1.277,1.105,nan,0.026,0.036,nan,0.5286,-5.845,1.983,0.0929,0.161,0.146,0.45,-1
403,571.117,1030.31,16.9852,0.001,2.021,1.844,nan,0.02,0.055,nan,0.3263,-6.979,2.979,0.0785,0.136,0.133,0.5,-1
396,1667.92,1661.72,17.075,0.0028,2.015,1.478,nan,0.02,0.04,nan,2.4354,-10.466,2.9,0.4048,0.709,0.641,0.57,-1
528,1747.55,1329.05,17.3684,0.001,1.454,1.184,nan,0.023,0.031,nan,0.3549,-6.358,2.649,0.1033,0.18,0.174,0.98,-1
529,1586.36,1595.99,17.3992,0.001,1.405,1.198,nan,0.024,0.037,nan,0.4387,-8.082,4.936,0.1129,0.188,0.17,0.17,-1
508,962.845,1249.47,17.3223,0.001,1.479,1.278,nan,0.023,0.036,nan,0.8951,-25.518,-9.884,0.0875,0.146,0.139,0.62,-1
518,436.104,1338.99,17.362,0.0012,1.441,1.246,nan,0.023,0.039,nan,0.8109,-3.439,4.114,0.098,0.161,0.167,0.32,-1
527,1216.03,1813.19,17.3798,0.001,1.513,1.356,nan,0.025,0.041,nan,0.226,-6.383,3.796,0.0991,0.178,0.16,0.25,-1
500,692.778,1318.14,17.3252,0.0011,1.622,1.288,nan,0.027,0.044,nan,0.2037,-6.22,4.928,0.0956,0.163,0.159,0.21,-1
532,1679.93,1611.54,17.364,0.001,1.532,1.322,nan,0.029,0.043,nan,0.3894,-5.772,4.416,0.0933,0.167,0.151,0.49,-1
510,724.934,1816.28,17.3655,0.0015,1.557,1.286,nan,0.025,0.038,nan,0.9412,-8.622,7.059,0.0929,0.175,0.175,0.35,-1
460,1427.32,1597.04,17.2111,0.001,1.843,1.405,nan,0.022,0.043,nan,1.3899,-6.236,-10.453,0.0958,0.168,0.156,0.66,-1
452,860.096,1093.17,17.1736,0.001,1.876,1.467,nan,0.026,0.049,nan,0.3038,-5.211,2.205,0.0802,0.135,0.13,0.05,-1
516,1697.38,1486.2,17.358,0.0011,1.578,1.327,nan,0.025,0.041,nan,0.407,-6.567,4.602,0.099,0.167,0.154,0.25,-1
507,645.315,1289.58,17.3596,0.0015,1.619,1.262,nan,0.027,0.042,nan,0.4331,-9.099,2.945,0.1748,0.304,0.318,0.11,-1
543,1172.7,1380.34,17.4897,0.0017,1.45,1.246,nan,0.024,0.041,nan,0.4587,-6.491,2.614,0.1061,0.177,0.176,0.97,-1
547,1626.04,1060.51,17.4866,0.0013,1.47,1.284,nan,0.025,0.043,nan,0.3095,-6.033,3.491,0.1215,0.196,0.197,0.47,-1
459,426.719,1240.62,17.1261,0.0012,2.018,1.671,nan,0.025,0.055,nan,0.3435,-4.408,3.079,0.1188,0.196,0.201,0.36,-1
545,1505.94,1138.53,17.4434,0.0015,1.586,1.408,nan,0.028,0.043,nan,0.0962,-6.315,2.488,0.1235,0.207,0.202,0.76,-1
399,912.387,1829.24,17.0011,0.001,2.234,1.948,nan,0.025,0.064,nan,0.2612,-5.955,5.527,0.0751,0.143,0.146,0.05,-1
549,1216.62,1467.73,17.517,0.0012,1.496,1.269,nan,0.027,0.047,nan,0.4151,-6.452,2.515,0.1011,0.168,0.165,0.97,-1
482,856.678,1607.6,17.3143,0.0027,1.939,1.512,nan,0.023,0.056,nan,-1.1022,-5.956,3.068,0.1751,0.317,0.279,0.0,-1
583,831.927,1185.65,17.5654,0.0015,1.388,1.293,nan,0.029,0.044,nan,0.3373,-6.109,2.935,0.1012,0.169,0.16,0.92,-1
591,1512.52,1374.43,17.595,0.0013,1.369,1.095,nan,0.028,0.038,nan,0.6176,-8.796,14.025,0.1126,0.189,0.182,0.13,-1
589,1523.76,962.846,17.619,0.0013,1.366,1.206,nan,0.032,0.053,nan,0.5716,-9.26,6.116,0.1035,0.186,0.175,0.07,-1
603,834.016,1383.27,17.5776,0.0015,1.384,1.197,nan,0.029,0.04,nan,0.469,-6.444,2.6,0.1083,0.19,0.177,0.97,-1
569,1096.68,917.431,17.4932,0.0013,1.554,1.254,nan,0.032,0.052,nan,0.344,-6.053,2.789,0.1205,0.204,0.185,0.96,-1
552,903.811,1177.28,17.505,0.0012,1.532,1.343,nan,0.026,0.047,nan,0.4035,1.617,-0.836,0.0988,0.163,0.155,0.02,-1
588,1069.78,1360.65,17.5518,0.0012,1.412,1.235,nan,0.029,0.046,nan,0.4012,-6.36,2.762,0.1038,0.182,0.177,0.98,-1
578,641.532,1566.21,17.522,0.0013,1.504,1.347,nan,0.033,0.049,nan,0.514,-9.481,4.292,0.1016,0.191,0.189,0.15,-1
558,1339.39,1489.46,17.5053,0.0012,1.588,1.327,nan,0.026,0.051,nan,0.4166,-6.53,3.313,0.1149,0.197,0.2,0.76,-1
541,1206.34,1946.3,17.4652,0.0013,1.659,1.442,nan,0.027,0.054,nan,0.5198,-9.942,6.082,0.1236,0.209,0.19,0.08,-1
595,948.71,1483.55,17.584,0.0017,1.417,1.199,nan,0.03,0.044,nan,0.3941,-6.148,2.657,0.1192,0.209,0.186,0.97,-1
554,1346.93,1639.4,17.5021,0.0014,1.625,1.427,nan,0.029,0.048,nan,0.374,-8.309,4.444,0.1038,0.196,0.167,0.07,-1
536,605.026,841.694,17.352,0.0011,1.782,1.445,nan,0.027,0.055,nan,0.4883,-4.976,3.84,0.0956,0.165,0.141,0.44,-1
600,535.79,1678.66,17.6199,0.0015,1.487,1.23,nan,0.03,0.044,nan,0.4198,-6.369,2.336,0.1165,0.224,0.236,0.97,-1
502,1309.09,1016.53,17.3436,0.001,1.928,1.719,nan,0.025,0.054,nan,0.4077,-5.972,1.94,0.0955,0.165,0.159,0.54,-1
574,1541.17,1274.38,17.5455,0.0012,1.597,1.297,nan,0.028,0.045,nan,0.4817,-6.245,2.459,0.1037,0.175,0.17,0.96,-1
597,898.582,896.3,17.5633,0.0014,1.498,1.241,nan,0.037,0.057,nan,0.5292,-6.145,3.134,0.1049,0.175,0.16,0.78,-1
538,875.05,1598.84,17.4607,0.001,1.793,1.455,nan,0.03,0.061,nan,0.4277,-5.564,5.339,0.0999,0.173,0.157,0.08,-1
609,1368.94,1490.34,17.6012,0.002,1.837,1.533,nan,0.039,0.051,nan,0.2397,-6.098,2.335,0.1813,0.31,0.3,0.94,-1
631,1289.22,1413.88,17.7419,0.0014,1.532,1.273,nan,0.033,0.049,nan,0.2778,-4.092,1.682,0.1119,0.189,0.179,0.03,-1
537,755.444,1302.45,17.4416,0.0013,1.911,1.467,nan,0.023,0.056,nan,1.3143,-22.029,10.156,0.1027,0.169,0.168,0.02,-1
563,765.422,1513.59,17.4946,0.0015,1.785,1.411,nan,0.03,0.057,nan,0.1481,-3.908,2.807,0.0993,0.18,0.175,0.05,-1
645,1086.11,1288.78,17.7336,0.0014,1.427,1.197,nan,0.033,0.051,nan,0.639,-5.937,2.777,0.1149,0.194,0.177,0.82,-1
565,1590.86,856.391,17.5929,0.0017,1.806,1.647,nan,0.04,0.079,nan,0.6982,-5.331,4.062,0.1284,0.227,0.206,0.47,-1
561,591.353,1087.5,17.4275,0.0011,2.035,1.677,nan,0.037,0.07,nan,0.1015,-4.417,2.131,0.0959,0.163,0.153,0.02,-1
546,1607.01,1492.84,17.4734,0.0012,1.958,1.525,nan,0.029,0.064,nan,0.3069,-6.807,2.134,0.1098,0.188,0.178,0.53,-1
673,984.502,1642.35,17.7783,0.0015,1.382,1.282,nan,0.036,0.058,nan,0.5164,-8.661,2.88,0.1154,0.201,0.183,0.09,-1
573,1166.47,623.541,17.55,0.0013,1.882,1.635,nan,0.034,0.08,nan,0.4387,-4.377,3.217,0.1073,0.177,0.169,0.33,-1
672,782.858,1767.84,17.8101,0.0014,1.425,1.191,nan,0.035,0.051,nan,0.6499,-6.003,2.784,0.1254,0.231,0.229,0.9,-1
629,688.395,769.48,17.6446,0.0014,1.602,1.353,nan,0.039,0.064,nan,0.3833,-5.663,3.329,0.12,0.197,0.184,0.57,-1
626,946.896,1157.18,17.7259,0.0014,1.587,1.398,nan,0.029,0.058,nan,0.8596,-11.499,9.362,0.1097,0.183,0.175,0.36,-1
598,1273.01,1873.43,17.6411,0.0013,1.796,1.385,nan,0.032,0.063,nan,0.8063,-9.57,8.272,0.121,0.207,0.185,0.49,-1
650,1649.92,1641.68,17.7702,0.0022,1.562,1.419,nan,0.034,0.062,nan,0.4916,-7.259,6.354,0.1627,0.289,0.265,0.38,-1
676,1578.53,1333.14,17.8023,0.0015,1.52,1.33,nan,0.033,0.049,nan,0.4409,-6.263,2.945,0.1182,0.201,0.193,0.96,-1
630,1120.74,1071.15,17.7245,0.0013,1.756,1.598,nan,0.035,0.07,nan,0.3189,-6.933,3.937,0.1137,0.191,0.181,0.65,-1
608,1171.63,1099.27,17.6424,0.0013,1.838,1.58,nan,0.032,0.071,nan,0.3162,-6.555,4.061,0.106,0.186,0.178,0.44,-1
693,1219.47,1550.59,17.8143,0.0017,1.49,1.329,nan,0.032,0.057,nan,0.6968,-7.603,6.424,0.1323,0.224,0.203,0.34,-1
669,818.01,1009.53,17.8072,0.0015,1.57,1.278,nan,0.034,0.056,nan,0.3555,-9.317,5.366,0.1247,0.207,0.196,0.03,-1
685,1055.79,756.546,17.8034,0.0014,1.557,1.136,nan,0.043,0.058,nan,0.6077,-13.13,8.398,0.1242,0.207,0.197,0.29,-1
717,1636.36,1124.8,17.9281,0.0021,1.473,1.335,nan,0.038,0.062,nan,0.6143,-7.02,2.489,0.1694,0.238,0.22,0.76,-1
662,632.121,1760.34,17.7993,0.0014,1.644,1.202,nan,0.036,0.057,nan,0.4145,-1.265,1.09,0.1162,0.22,0.218,0.01,-1
698,1376.05,1670.64,18.1404,0.0035,1.658,1.466,nan,0.043,0.07,nan,0.1912,-6.112,3.888,0.2312,0.427,0.397,0.69,-1
671,636.858,1666.61,17.8158,0.0017,1.597,1.331,nan,0.034,0.062,nan,0.9719,-8.293,-4.028,0.1203,0.225,0.216,0.36,-1
735,900.928,1617.11,17.9478,0.0017,1.374,1.219,nan,0.039,0.056,nan,0.3225,-6.3,2.642,0.131,0.229,0.214,0.98,-1
734,1603.55,1734.57,17.9564,0.0017,1.378,1.216,nan,0.04,0.064,nan,0.5163,-9.412,4.123,0.1349,0.238,0.224,0.21,-1
710,604.579,1585.7,17.9581,0.0016,1.463,1.295,nan,0.038,0.058,nan,0.554,-6.575,2.673,0.1279,0.242,0.242,0.97,-1
751,969.198,1689.23,17.9298,0.0017,1.356,1.233,nan,0.04,0.057,nan,0.3586,-6.292,3.163,0.1377,0.237,0.207,0.9,-1
724,993.096,1313.31,17.8671,0.0019,1.434,1.246,nan,0.039,0.058,nan,0.3415,-6.222,2.711,0.1216,0.205,0.2,0.97,-1
679,1529.33,1172.54,17.8491,0.0015,1.622,1.456,nan,0.04,0.074,nan,0.4528,-4.569,3.341,0.1314,0.226,0.229,0.5,-1
726,753.487,1131.65,17.9605,0.0017,1.494,1.263,nan,0.04,0.064,nan,0.4014,-5.958,4.201,0.1355,0.226,0.211,0.66,-1
731,864.577,1533.71,17.9888,0.0017,1.482,1.262,nan,0.04,0.064,nan,0.4231,-6.465,2.477,0.1396,0.256,0.239,0.98,-1
743,604.479,1365.16,17.9543,0.0022,1.515,1.296,nan,0.04,0.061,nan,0.4873,-6.352,2.905,0.1244,0.216,0.222,0.97,-1
742,680.29,823.693,17.9111,0.0017,1.547,1.274,nan,0.042,0.072,nan,0.6534,-8.189,4.798,0.1561,0.262,0.229,0.32,-1
618,915.416,1811.4,17.7316,0.0025,1.979,1.595,nan,0.035,0.083,nan,0.4808,-4.758,4.305,0.2543,0.455,0.443,0.76,-1
757,717.908,1426.03,18.016,0.0015,1.453,1.245,nan,0.037,0.065,nan,0.6177,-5.838,3.634,0.1277,0.222,0.23,0.5,-1
779,943.636,1844.18,18.0507,0.0021,1.384,1.192,nan,0.045,0.066,nan,0.305,-6.402,2.548,0.1477,0.262,0.252,0.97,-1
702,861.833,1210.6,17.8827,0.0014,1.668,1.457,nan,0.038,0.072,nan,1.0658,-6.252,2.149,0.1203,0.202,0.195,0.33,-1
747,1471.83,1487.28,17.9938,0.0019,1.573,1.334,nan,0.043,0.069,nan,0.1907,-4.393,5.442,0.1354,0.232,0.225,0.03,-1
754,1668.12,1014.99,18.0325,0.0017,1.557,1.282,nan,0.041,0.066,nan,0.4403,-6.692,2.346,0.1419,0.25,0.247,0.94,-1
713,1467.49,1042.69,17.999,0.0016,1.657,1.504,nan,0.043,0.095,nan,0.5626,-8.292,3.088,0.1459,0.234,0.212,0.15,-1
770,531.026,1170.72,17.9872,0.0016,nan,1.214,nan,nan,0.072,nan,0.2381,-3.59,2.034,0.1329,0.232,0.239,0.13,-1
692,1471.43,1473.14,18.0272,0.0036,1.865,1.534,nan,0.043,0.094,nan,-0.2271,-11.896,10.299,0.4572,0.747,0.766,0.56,-1
762,1303.22,1127.94,18.0141,0.0017,1.674,1.418,nan,0.041,0.086,nan,0.345,-6.571,2.572,0.1473,0.257,0.262,0.97,-1
833,1073.96,1852.09,18.1673,0.0021,1.509,1.299,nan,0.047,0.082,nan,0.2679,-7.599,3.948,0.1876,0.343,0.328,0.58,-1
804,815.942,1814.12,18.1093,0.0019,1.477,1.357,nan,0.043,0.07,nan,0.4197,-6.251,1.971,0.1434,0.258,0.255,0.86,-1
774,654.639,906.967,18.019,0.0021,1.569,1.282,nan,0.047,0.075,nan,0.3348,-6.366,2.512,0.1429,0.239,0.227,0.98,-1
780,1084.81,1207.19,18.0527,0.0017,1.603,1.26,nan,0.045,0.067,nan,0.3574,-2.463,3.251,0.1516,0.262,0.266,0.02,-1
813,1539.49,1358.01,18.1378,0.0019,1.507,1.302,nan,0.043,0.075,nan,0.7187,-6.001,2.332,0.152,0.252,0.239,0.84,-1
867,1318.08,1307.28,18.2365,0.0022,1.483,1.409,nan,0.054,0.088,nan,0.5305,-7.593,5.918,0.1652,0.277,0.258,0.39,-1
814,1117.86,1221.22,18.1644,0.0018,1.641,1.38,nan,0.047,0.091,nan,0.3672,-6.09,2.693,0.156,0.257,0.249,0.97,-1
793,774.074,1356.21,18.1474,0.0018,1.725,1.343,nan,0.056,0.089,nan,0.3207,-5.449,3.001,0.1413,0.237,0.223,0.69,-1
887,900.312,1058.74,18.256,0.0019,1.64,1.457,nan,0.05,0.091,nan,0.0424,-6.043,2.582,0.1562,0.262,0.251,0.73,-1
937,497.097,1232.44,18.4294,0.0021,1.593,1.377,nan,0.06,0.096,nan,0.3187,-6.707,3.556,0.1667,0.287,0.293,0.71,-1
