ID,x,y,Gmag,e_Gmag,VI,BV,UB,VIerr,BVerr,UBerr,Plx,pmRA,pmDE,e_Plx,e_pmRA,e_pmDE,MP,sel
216,923.046,1507.01,16.3261,0.0011,1.092,0.821,0.361,0.01,0.011,0.05,0.4325,-5.892,3.406,0.0527,0.095,0.086,0.978,1
298,1253.7,1465.01,16.6974,0.0007,1.214,0.934,0.306,0.012,0.014,0.073,0.4422,-5.872,3.374,0.0607,0.109,0.106,0.977,1
123,853.751,1233.74,15.3967,0.0006,0.786,0.619,0.472,0.007,0.006,0.018,0.4059,-5.878,3.439,0.0343,0.062,0.061,0.975,1
80,1070.97,1455.09,14.8234,0.0004,0.632,0.503,0.359,0.006,0.006,0.01,0.3981,-5.9,3.464,0.028,0.05,0.042,0.974,1
243,867.228,1260.75,16.4898,0.0008,1.134,0.88,0.257,0.012,0.011,0.061,0.4649,-5.918,3.388,0.0568,0.107,0.107,0.972,1
315,1133.73,1221.79,16.6666,0.0008,1.395,1.069,0.379,0.013,0.016,0.082,0.4554,-5.864,3.348,0.0593,0.102,0.094,0.971,1
48,1087.81,1301.08,13.8716,0.0003,0.889,0.572,0.173,0.018,0.006,0.006,0.3774,-5.844,3.436,0.0207,0.039,0.032,0.969,1
18,673.437,1151.02,12.8931,0.0004,0.684,0.483,-0.007,0.008,0.007,0.005,0.4072,-5.941,3.365,0.0294,0.047,0.044,0.967,1
47,1171.71,1345.61,13.8024,0.0003,0.685,0.489,0.112,0.005,0.004,0.005,0.3661,-5.905,3.479,0.0201,0.034,0.032,0.967,1
110,1055.21,1430.9,15.2527,0.0005,0.72,0.572,0.454,0.007,0.006,0.015,0.4158,-5.989,3.391,0.0306,0.054,0.048,0.965,1
163,624.906,1197.88,15.8393,0.0007,0.977,0.757,0.423,0.008,0.008,0.036,0.3567,-5.985,3.29,0.0445,0.076,0.068,0.965,1
263,1271.06,1452.41,16.5728,0.0007,1.218,0.939,0.234,0.012,0.013,0.057,0.3977,-6.047,3.555,0.0541,0.098,0.089,0.964,1
17,1183.51,1263.14,12.9038,0.001,0.684,0.493,0.356,0.004,0.003,0.004,0.3852,-5.948,3.517,0.0272,0.048,0.048,0.963,1
21,961.483,1219.37,12.9137,0.0003,0.603,0.413,-0.057,0.004,0.003,0.004,0.3746,-5.799,3.49,0.0272,0.044,0.042,0.958,1
215,738.548,1404.08,16.3154,0.0007,1.083,0.832,0.368,0.009,0.009,0.047,0.3131,-6.032,3.28,0.0516,0.094,0.093,0.958,1
238,949.788,1344.02,16.4416,0.0007,1.138,0.847,0.306,0.011,0.012,0.056,0.4059,-5.907,3.623,0.0524,0.089,0.086,0.955,1
14,1010.47,1353.04,12.6337,0.001,0.565,0.343,-0.317,0.004,0.003,0.003,0.4574,-5.912,3.483,0.0296,0.049,0.047,0.953,1
185,634.451,1215.97,16.0509,0.0007,1.005,0.788,0.418,0.009,0.01,0.04,0.3363,-6.089,3.429,0.0455,0.076,0.072,0.953,1
44,1144.68,1256.33,13.7768,0.0004,0.706,0.51,-0.046,0.004,0.003,0.005,0.3687,-6.003,3.244,0.0214,0.036,0.033,0.94,1
183,988.012,1304.54,16.0291,0.0008,1.006,0.784,0.448,0.01,0.01,0.035,0.3802,-5.654,3.445,0.0444,0.076,0.072,0.94,1
40,1016.65,1283.99,13.6963,0.0002,0.649,0.452,-0.032,0.005,0.003,0.004,0.3112,-6.049,3.503,0.0224,0.037,0.042,0.925,1
103,935.064,1124.59,15.1532,0.0005,0.678,0.547,0.41,0.006,0.006,0.014,0.3856,-5.645,3.578,0.0302,0.05,0.048,0.916,1
160,1046.02,1467.75,15.8145,0.0006,0.991,0.767,0.464,0.009,0.009,0.034,0.3489,-6.184,3.23,0.0428,0.078,0.066,0.913,1
214,1184.5,1194.15,16.2527,0.0007,1.265,0.959,0.437,0.011,0.012,0.056,0.4209,-5.387,3.316,0.0471,0.083,0.078,0.905,1
207,860.143,1240.37,16.1564,0.001,1.167,0.871,0.232,0.012,0.011,0.039,0.3795,-6.279,3.42,0.0485,0.088,0.086,0.897,1
195,978.774,1286.66,16.0473,0.0007,1.164,0.899,0.248,0.01,0.011,0.035,0.5445,-5.089,4.033,0.0431,0.073,0.07,0.879,1
31,1154.92,1262.67,13.0391,0.0004,1.476,1.237,0.716,0.005,0.004,0.01,0.1333,-5.32,3.07,0.0851,0.146,0.139,0.877,1
187,1106.2,1526.09,16.0712,0.0007,1.006,0.811,0.596,0.01,0.009,0.042,0.2279,-7.153,4.247,0.0437,0.078,0.069,0.855,1
284,900.036,1307.05,16.6554,0.0008,1.185,0.978,0.309,0.013,0.014,0.076,0.3781,-5.598,2.329,0.0591,0.102,0.105,0.841,1
130,1079.78,1178.89,15.4,0.0005,0.988,0.792,0.541,0.006,0.006,0.023,0.4225,-7.53,4.478,0.0326,0.056,0.054,0.8,1
64,734.894,1378.63,14.166,0.0003,0.996,0.885,0.462,0.005,0.004,0.009,0.7364,-4.847,2.386,0.0232,0.041,0.041,0.783,1
107,780.08,1300.39,15.095,0.0004,1.018,0.78,0.21,0.006,0.005,0.014,0.5533,-7.261,4.104,0.0289,0.049,0.048,0.779,1
24,823.927,1582.19,13.1405,0.0004,0.531,0.375,0.012,0.007,0.005,0.004,0.8905,-3.658,2.654,0.0188,0.033,0.031,0.738,1
143,780.156,1590.68,15.5195,0.0006,1.132,0.857,0.183,0.008,0.008,0.022,0.3233,-4.292,5.049,0.0804,0.139,0.125,0.707,1
273,661.278,1483.79,16.571,0.0007,1.242,1.008,0.271,0.012,0.014,0.074,0.4952,0.507,0.716,0.0594,0.114,0.106,0.704,1
290,849.98,1240.67,16.7365,0.0009,0.959,0.801,0.247,0.015,0.016,0.058,0.7655,-2.017,0.762,0.0626,0.117,0.116,0.701,1
63,746.077,1599.43,14.2662,0.0003,0.676,0.528,-0.013,0.006,0.006,0.006,0.7136,-13.74,7.049,0.023,0.04,0.036,0.699,1
57,1157.14,1404.28,14.1211,0.0021,0.594,0.43,0.063,0.005,0.004,0.005,0.6226,-3.476,1.559,0.0212,0.035,0.033,0.678,1
210,822.888,1542.9,16.1756,0.0008,1.228,0.936,0.547,0.009,0.011,0.055,0.3492,-9.177,4.705,0.0481,0.085,0.077,0.673,1
29,1107.21,1042.4,13.4239,0.0003,0.5,0.368,0.059,0.005,0.005,0.005,0.7149,-1.356,-0.293,0.0206,0.034,0.033,0.652,1
46,925.486,1477.33,13.7519,0.0003,0.805,0.605,0.008,0.005,0.004,0.005,0.6499,-6.516,6.191,0.0234,0.041,0.038,0.64,1
142,845.496,1645.4,15.5873,0.0006,0.984,0.783,0.151,0.008,0.008,0.019,0.5859,-9.908,6.956,0.0339,0.061,0.054,0.626,1
338,847.171,1387.0,16.865,0.0009,1.31,0.983,0.013,0.015,0.018,0.07,0.4066,-3.872,-12.207,0.0685,0.118,0.11,0.61,1
245,908.573,1365.62,16.4857,0.0006,1.156,0.909,0.159,0.012,0.013,0.042,0.4458,-4.647,0.605,0.0559,0.098,0.088,0.527,1
11,876.463,1292.74,12.1376,0.0002,0.758,0.608,0.031,0.004,0.003,0.003,1.9573,10.666,-0.931,0.0301,0.05,0.048,0.306,1
7,893.046,1478.63,11.8631,0.0003,0.392,0.291,0.123,0.005,0.004,0.004,nan,nan,nan,nan,nan,nan,0.0,1
62,934.587,1227.5,14.275,0.0003,0.695,0.518,0.301,0.005,0.004,0.007,0.3762,-5.978,3.37,0.0234,0.038,0.037,0.962,0
85,821.309,1132.87,14.9119,0.0004,0.755,0.577,0.428,0.006,0.005,0.012,0.4388,-6.042,3.541,0.0272,0.046,0.044,0.929,0
100,1158.44,1097.58,15.0697,0.0004,0.787,0.604,0.404,0.007,0.007,0.013,0.4633,-5.663,3.539,0.0276,0.047,0.044,0.914,0
170,1065.66,1096.58,15.8687,0.0007,1.14,0.872,0.371,0.008,0.008,0.037,0.441,-5.487,3.38,0.0404,0.068,0.066,0.907,0
96,931.343,1471.29,15.0399,0.0007,0.731,0.602,0.409,0.008,0.006,0.012,0.2508,-6.438,3.923,0.036,0.065,0.06,0.866,0
173,589.847,1191.79,15.9762,0.0006,0.856,0.701,0.087,0.009,0.008,0.025,0.7893,-14.229,1.58,0.0502,0.079,0.077,0.682,0
133,746.119,1067.19,15.3948,0.0007,0.977,0.83,0.294,0.006,0.007,0.02,1.0518,-13.394,7.524,0.0369,0.059,0.056,0.668,0
86,896.187,1635.43,14.9184,0.0004,0.77,0.621,0.011,0.007,0.006,0.008,0.781,-14.205,8.567,0.0268,0.047,0.042,0.648,0
186,839.069,1359.68,16.0074,0.0007,1.126,0.898,0.269,0.009,0.009,0.036,0.5691,-9.628,4.171,0.0436,0.074,0.072,0.624,0
132,1249.54,1378.77,15.439,0.0005,0.859,0.669,0.031,0.008,0.006,0.014,0.6458,-9.542,5.59,0.033,0.057,0.054,0.561,0
367,989.956,1264.21,17.0081,0.0009,1.368,1.056,0.503,0.016,0.021,0.131,0.2895,-8.837,-1.62,0.0742,0.123,0.12,0.561,0
39,1046.87,1295.96,13.6666,0.0002,0.724,0.579,0.004,0.017,0.004,0.005,1.0037,0.914,-12.634,0.0202,0.033,0.031,0.397,0
197,722.628,1502.94,16.6614,0.0034,1.71,1.069,0.302,0.016,0.012,0.047,nan,nan,nan,nan,nan,nan,0.0,0
1,1089.98,1330.69,7.8783,0.0007,nan,2.123,1.883,nan,0.006,0.006,0.3443,-5.928,3.351,0.0375,0.064,0.06,0.97,-1
174,1136.14,1000.4,15.1716,0.0005,2.324,1.957,nan,0.007,0.014,nan,0.258,-7.505,4.842,0.0383,0.067,0.061,0.69,-1
189,1026.61,943.812,15.9723,0.0006,1.155,0.948,nan,0.012,0.013,nan,1.2552,-15.557,14.687,0.0421,0.071,0.069,0.71,-1
198,971.644,986.301,16.1076,0.0007,0.988,0.834,nan,0.017,0.017,nan,0.3662,-5.783,3.403,0.0445,0.076,0.073,0.97,-1
230,982.633,909.0,16.3339,0.0007,1.269,1.051,nan,0.014,0.017,nan,0.3364,-3.715,2.235,0.05,0.085,0.082,0.79,-1
240,625.244,1355.98,16.41,0.0008,1.234,0.931,nan,0.012,0.012,nan,0.329,-6.411,1.674,0.0528,0.092,0.087,0.75,-1
249,1148.33,1053.42,16.3938,0.0007,1.418,1.094,nan,0.012,0.013,nan,0.4005,-12.199,7.678,0.0505,0.09,0.082,0.67,-1
266,694.448,1548.78,16.5669,0.0097,1.53,1.205,nan,0.019,0.019,nan,1.712,-24.623,-7.398,0.4166,0.758,0.674,0.5,-1
279,864.357,1633.76,15.7533,0.0007,2.552,2.117,nan,0.012,0.027,nan,0.2303,-6.216,2.851,0.0505,0.091,0.08,0.85,-1
281,1103.82,1371.03,16.7571,0.0011,nan,1.079,nan,nan,0.02,nan,0.2754,-5.842,3.439,0.0665,0.116,0.125,0.96,-1
308,1114.73,1074.94,16.6068,0.0008,1.476,1.138,nan,0.012,0.017,nan,0.4537,-9.173,4.986,0.0622,0.106,0.103,0.62,-1
310,612.228,1434.55,15.679,0.0007,2.802,2.384,nan,0.009,0.033,nan,0.2485,-7.068,3.914,0.0527,0.09,0.085,0.86,-1
329,748.325,1054.63,16.8596,0.0008,1.248,1.013,nan,0.014,0.017,nan,0.4883,-10.182,5.627,0.0663,0.115,0.11,0.64,-1
332,853.345,915.581,16.6991,0.0009,1.549,1.245,nan,0.016,0.026,nan,1.1856,-17.171,8.356,0.0649,0.107,0.102,0.65,-1
337,794.088,1084.62,16.8507,0.0007,1.383,1.1,nan,0.015,0.02,nan,0.3945,-4.784,1.343,0.0633,0.111,0.106,0.72,-1
347,826.082,990.144,16.733,0.0008,1.582,1.152,nan,0.024,0.031,nan,0.3769,-7.993,4.053,0.0624,0.107,0.102,0.67,-1
355,1072.56,1395.76,16.9929,0.001,1.397,1.052,nan,0.018,0.018,nan,0.2628,-8.369,3.686,0.0693,0.122,0.118,0.64,-1
358,949.546,1363.28,17.014,0.0009,1.239,0.953,nan,0.018,0.019,nan,0.3787,-5.829,3.478,0.071,0.131,0.127,0.98,-1
361,827.328,1222.48,17.0262,0.0008,1.266,1.049,nan,0.018,0.021,nan,0.536,-5.137,3.772,0.0695,0.122,0.12,0.88,-1
368,912.008,1155.21,17.0243,0.0008,1.349,1.006,nan,0.016,0.02,nan,0.4718,-5.555,2.177,0.0733,0.126,0.121,0.81,-1
371,1065.51,1232.56,16.9474,0.0008,1.529,1.13,nan,0.015,0.021,nan,0.3112,-7.245,4.415,0.0672,0.119,0.113,0.84,-1
374,899.113,1385.92,16.9684,0.0008,1.469,1.112,nan,0.017,0.021,nan,0.3394,-5.908,2.788,0.0683,0.121,0.118,0.82,-1
375,740.846,1121.6,17.0283,0.0009,1.391,1.183,nan,0.015,0.021,nan,0.3958,-7.873,4.455,0.0762,0.133,0.153,0.72,-1
376,1277.39,1386.77,15.6772,0.0008,3.283,2.703,nan,0.015,0.062,nan,0.2069,-5.125,3.764,0.0648,0.117,0.11,0.87,-1
384,986.904,1185.66,16.8982,0.0049,1.946,1.469,nan,0.018,0.028,nan,-4.1021,-8.391,2.997,0.5089,0.937,0.834,0.51,-1
390,1157.26,1122.32,17.0606,0.001,1.452,1.116,nan,0.021,0.027,nan,0.3112,-4.489,2.473,0.0692,0.122,0.116,0.8,-1
391,635.113,1292.11,17.118,0.001,1.307,1.089,nan,0.018,0.021,nan,0.6065,-9.869,4.134,0.0832,0.14,0.129,0.6,-1
406,829.429,1205.59,17.1776,0.0009,1.357,1.104,nan,0.019,0.022,nan,0.4338,-8.009,2.7,0.0765,0.133,0.129,0.68,-1
408,1183.88,1245.3,17.2552,0.0012,1.291,1.058,nan,0.02,0.027,nan,0.4879,-11.342,9.607,0.0806,0.147,0.139,0.55,-1
413,1170.93,1188.51,17.1987,0.001,1.351,1.02,nan,0.018,0.024,nan,0.4521,-5.778,3.587,0.0748,0.13,0.123,0.97,-1
414,668.672,1495.83,17.2038,0.0012,1.342,1.108,nan,0.02,0.024,nan,0.3629,-0.348,-0.178,0.1097,0.203,0.188,0.6,-1
424,568.435,1199.64,16.8681,0.0009,1.97,1.471,nan,0.018,0.03,nan,0.314,-4.967,2.859,0.0753,0.123,0.125,0.88,-1
457,784.99,1421.24,17.4331,0.0011,1.3,1.077,nan,0.024,0.03,nan,0.6334,-6.696,0.616,0.0905,0.163,0.153,0.55,-1
458,1175.96,1121.31,17.4171,0.0013,1.439,1.156,nan,0.019,0.029,nan,0.6659,-6.774,3.032,0.0993,0.174,0.167,0.74,-1
459,1200.11,1155.59,17.4648,0.0011,1.393,1.075,nan,0.024,0.026,nan,0.3879,-6.021,3.246,0.0871,0.155,0.151,0.98,-1
460,866.25,1528.36,16.2822,0.001,2.99,2.615,nan,0.018,0.078,nan,0.1358,-4.795,3.148,0.0726,0.129,0.112,0.89,-1
465,1020.1,1137.46,17.055,0.001,2.051,1.512,nan,0.021,0.035,nan,-0.0227,-4.797,2.79,0.0769,0.13,0.131,0.86,-1
469,866.12,1308.46,17.4926,0.0015,1.34,0.942,nan,0.026,0.031,nan,0.5001,-5.53,3.127,0.0914,0.163,0.154,0.92,-1
476,1161.07,1304.44,17.3438,0.0011,1.613,1.12,nan,0.022,0.029,nan,0.2874,-6.034,3.569,0.0825,0.145,0.144,0.97,-1
488,1002.6,1076.6,17.5465,0.0011,1.418,1.16,nan,0.024,0.033,nan,0.2249,-4.81,3.506,0.1075,0.196,0.209,0.89,-1
498,933.768,1150.91,17.6146,0.0011,1.404,1.188,nan,0.025,0.034,nan,0.4863,-5.777,2.46,0.1025,0.191,0.191,0.83,-1
511,1091.57,1518.97,17.6366,0.0012,1.476,1.131,nan,0.025,0.037,nan,0.5588,-7.188,3.714,0.0972,0.181,0.161,0.78,-1
514,1157.69,1142.67,17.6327,0.0012,1.425,1.104,nan,0.027,0.037,nan,0.3287,-5.917,3.264,0.0945,0.169,0.162,0.98,-1
517,862.819,941.017,17.1923,0.001,2.174,1.57,nan,0.025,0.07,nan,0.2288,-4.848,3.044,0.088,0.15,0.145,0.9,-1
525,617.67,1272.01,17.5338,0.0011,1.668,1.353,nan,0.025,0.048,nan,0.3055,-4.622,3.084,0.1002,0.17,0.157,0.89,-1
537,910.54,1337.67,17.7143,0.0012,1.496,1.234,nan,0.032,0.044,nan,0.4244,-5.086,3.969,0.1039,0.188,0.171,0.9,-1
542,868.876,1319.48,17.8553,0.0014,1.269,1.1,nan,0.03,0.041,nan,0.3352,-7.602,3.672,0.1111,0.199,0.19,0.78,-1
544,1182.64,1367.99,17.7124,0.0012,1.537,1.286,nan,0.029,0.044,nan,0.5764,-12.351,10.114,0.1041,0.186,0.178,0.66,-1
553,1138.06,1489.07,17.7906,0.0014,1.411,1.162,nan,0.03,0.039,nan,0.2892,-7.236,3.836,0.1104,0.204,0.186,0.88,-1
564,886.218,1106.23,17.8029,0.0012,1.517,1.384,nan,0.029,0.05,nan,0.4242,-6.897,3.489,0.1067,0.19,0.182,0.81,-1
571,891.966,1383.22,17.8663,0.0014,1.409,1.189,nan,0.031,0.049,nan,0.6098,-0.046,0.486,0.1151,0.207,0.203,0.72,-1
588,636.901,1164.24,17.889,0.0014,1.499,1.167,nan,0.031,0.049,nan,0.1483,-7.263,2.779,0.1231,0.211,0.208,0.62,-1
591,1152.48,1549.59,17.9123,0.0013,1.523,1.286,nan,0.031,0.049,nan,0.4907,-0.261,3.549,0.1167,0.222,0.207,0.51,-1
592,1002.47,1451.12,17.7076,0.0016,1.808,1.306,nan,0.028,0.044,nan,-0.1753,-5.105,3.11,0.1178,0.228,0.189,0.87,-1
593,756.974,1482.84,17.9212,0.0014,1.483,1.211,nan,0.033,0.05,nan,0.8426,-5.599,3.909,0.1215,0.222,0.201,0.75,-1
609,1216.58,1327.92,17.7779,0.0013,2.035,1.504,nan,0.031,0.062,nan,0.1441,-5.724,2.867,0.1076,0.212,0.18,0.89,-1
611,977.742,1204.82,17.9527,0.0017,1.496,1.125,nan,0.034,0.049,nan,0.662,-5.922,3.928,0.135,0.239,0.228,0.82,-1
615,1052.68,1615.93,17.9949,0.0014,1.484,1.178,nan,0.036,0.05,nan,0.3987,-6.074,4.113,0.1324,0.256,0.215,0.87,-1
621,592.13,1296.29,18.0467,0.0014,1.446,1.155,nan,0.037,0.052,nan,0.6466,-10.031,8.093,0.1451,0.256,0.246,0.37,-1
635,1189.48,1330.4,18.0974,0.0014,1.769,1.423,nan,0.043,0.059,nan,0.6376,-12.342,4.024,0.1232,0.226,0.212,0.47,-1
637,1181.52,1073.27,18.0764,0.0016,1.468,1.162,nan,0.038,0.053,nan,0.5388,-5.59,3.325,0.1272,0.231,0.225,0.97,-1
639,714.361,1391.11,18.0221,0.0015,1.631,1.279,nan,0.036,0.059,nan,0.4655,-2.348,1.296,0.1322,0.245,0.24,0.7,-1
665,1186.28,1174.64,18.1552,0.0016,1.475,1.211,nan,0.04,0.062,nan,0.3807,-5.87,3.524,0.1329,0.233,0.229,0.99,-1
668,1107.69,1476.46,17.8455,0.0014,2.103,1.539,nan,0.034,0.069,nan,1.4162,-12.551,2.986,0.1145,0.216,0.195,0.62,-1
676,925.425,1023.3,18.196,0.0039,1.682,1.416,nan,0.04,0.067,nan,-0.4146,-5.796,1.746,0.3795,0.657,0.63,0.52,-1
678,1011.2,1196.99,18.0869,0.0014,1.755,1.454,nan,0.041,0.066,nan,0.269,-5.99,1.838,0.133,0.237,0.235,0.85,-1
679,684.231,1469.04,18.2329,0.0016,1.502,1.293,nan,0.038,0.073,nan,0.505,-6.802,3.08,0.1439,0.283,0.262,0.8,-1
686,1143.01,983.008,18.1574,0.0025,1.526,1.233,nan,0.045,0.06,nan,0.4818,-5.738,3.125,0.1389,0.267,0.262,0.97,-1
687,922.965,1426.87,18.1141,0.002,1.521,1.149,nan,0.042,0.062,nan,0.4254,-6.04,3.712,0.1587,0.293,0.28,0.97,-1
701,1004.21,979.163,18.1391,0.0014,1.769,1.304,nan,0.045,0.091,nan,0.4317,-7.241,3.835,0.1365,0.241,0.235,0.87,-1
702,840.052,1635.02,18.2726,0.0019,1.592,1.083,nan,0.049,0.068,nan,0.3528,-5.875,2.71,0.1437,0.273,0.245,0.9,-1
706,856.266,1164.49,18.4023,0.002,1.655,1.202,nan,0.06,0.078,nan,0.2715,-8.114,7.736,0.1731,0.294,0.286,0.07,-1
714,804.188,1604.76,18.2796,0.0021,1.648,1.254,nan,0.046,0.066,nan,0.3848,-5.324,3.338,0.1709,0.322,0.307,0.98,-1
719,1194.57,1339.57,18.4541,0.002,1.799,1.204,nan,0.044,0.07,nan,0.4363,-5.618,3.428,0.1583,0.289,0.274,0.98,-1
722,1231.47,1377.16,18.3337,0.0019,1.706,1.24,nan,0.055,0.079,nan,0.3068,-8.808,3.892,0.1476,0.263,0.258,0.57,-1
723,1302.36,1312.98,18.4807,0.0019,1.586,1.276,nan,0.053,0.073,nan,0.5693,-3.372,2.462,0.16,0.29,0.285,0.76,-1
732,1211.38,1198.1,18.4166,0.0029,1.647,1.157,nan,0.053,0.076,nan,0.3165,-5.864,3.676,0.1605,0.282,0.278,0.98,-1
736,709.032,1544.95,18.2908,0.0017,1.88,1.312,nan,0.045,0.091,nan,0.8466,0.911,0.515,0.1423,0.266,0.246,0.68,-1
737,624.861,1252.67,18.1721,0.0014,2.129,1.688,nan,0.045,0.099,nan,0.2437,-5.48,1.83,0.1356,0.238,0.228,0.82,-1
746,836.538,1075.87,18.2066,0.0015,2.2,1.412,nan,0.051,0.094,nan,1.307,-4.499,8.751,0.1406,0.251,0.241,0.61,-1
749,1084.93,1498.83,18.4863,0.0019,1.553,1.034,nan,0.052,0.07,nan,0.3666,-5.543,3.169,0.1632,0.314,0.277,0.98,-1
752,1065.57,1154.2,18.5391,0.0036,1.762,1.255,nan,0.055,0.095,nan,0.3252,-7.664,2.593,0.1982,0.344,0.343,0.64,-1
