ID,x,y,Gmag,e_Gmag,VI,BV,UB,VIerr,BVerr,UBerr,Plx,pmRA,pmDE,e_Plx,e_pmRA,e_pmDE,MP,sel
432,2416.91,1511.19,14.7882,0.0004,0.438,0.379,0.13,0.007,0.008,0.016,0.3441,-6.402,0.659,0.0258,0.042,0.043,0.858,1
1385,2457.97,1230.23,16.1244,0.0006,1.039,0.8,0.493,0.003,0.002,0.013,0.2997,-9.004,2.59,0.0455,0.083,0.07,0.852,1
535,3029.89,1380.57,15.0062,0.0004,0.604,0.525,0.164,0.007,0.004,0.008,0.3528,-6.443,0.762,0.0282,0.046,0.051,0.833,1
764,2369.01,1262.58,15.366,0.0006,0.909,0.788,0.199,0.004,0.004,0.007,0.2994,-8.839,2.639,0.0358,0.058,0.055,0.825,1
271,2553.11,1805.03,14.1084,0.0003,0.467,0.398,0.136,0.002,0.002,0.003,0.4024,-6.456,0.656,0.0207,0.034,0.034,0.818,1
902,2792.25,1291.93,15.4806,0.0004,1.068,0.776,0.181,0.003,0.002,0.01,0.1481,-7.478,1.393,0.0328,0.057,0.055,0.817,1
377,1975.81,1530.69,14.408,0.0003,0.917,0.798,0.296,0.002,0.002,0.004,0.3531,-6.937,1.768,0.0223,0.035,0.034,0.816,1
1064,2298.68,1695.32,15.8113,0.0005,0.808,0.658,0.111,0.003,0.002,0.006,0.3884,-6.365,0.712,0.0367,0.06,0.058,0.815,1
1122,2355.42,1604.84,15.7932,0.0005,1.038,0.798,0.248,0.003,0.003,0.031,0.3485,-8.84,2.404,0.0371,0.061,0.058,0.813,1
3060,2725.76,2119.82,17.4491,0.0012,1.047,0.949,0.439,0.005,0.005,0.01,0.3727,-10.932,1.883,0.0935,0.157,0.147,0.807,1
1176,2548.53,1671.68,15.8593,0.0005,1.029,0.811,0.209,0.003,0.003,0.01,0.3337,-11.04,1.862,0.0372,0.061,0.06,0.798,1
120,2181.03,1845.41,13.2154,0.0003,0.382,0.336,0.202,0.003,0.002,0.002,0.4476,-6.531,1.516,0.0172,0.028,0.027,0.784,1
1802,2642.1,1907.68,16.2185,0.0007,1.532,1.179,0.641,0.003,0.006,0.011,0.1803,-7.247,1.337,0.0466,0.08,0.077,0.779,1
1274,3054.32,1501.99,15.7639,0.0004,1.444,1.232,0.754,0.003,0.003,0.022,0.3513,-9.068,1.62,0.0342,0.06,0.061,0.774,1
699,2318.08,1275.25,15.2242,0.0004,0.851,0.717,0.196,0.002,0.002,0.007,0.3991,-7.435,1.93,0.029,0.049,0.049,0.773,1
868,2626.92,2214.58,15.4963,0.0004,0.84,0.686,0.121,0.003,0.002,0.003,0.4226,-10.94,2.07,0.032,0.056,0.055,0.771,1
3842,2799.96,2216.11,17.8517,0.0014,1.471,1.066,0.558,0.009,0.012,0.027,0.203,-7.568,2.204,0.129,0.218,0.187,0.766,1
182,2295.55,1450.57,13.5083,0.0002,0.802,0.641,0.268,0.003,0.002,0.004,0.3612,-8.439,1.378,0.0182,0.03,0.029,0.761,1
1114,2676.34,1798.41,15.6632,0.0004,1.264,1.205,0.979,0.003,0.003,0.007,0.4356,-7.609,2.234,0.0334,0.057,0.055,0.757,1
1001,2353.54,1786.0,15.6976,0.0006,0.886,0.765,0.231,0.003,0.003,0.005,0.3966,-6.255,2.415,0.0508,0.084,0.084,0.753,1
795,2399.02,1246.36,15.3674,0.0005,0.987,0.772,0.468,0.003,0.002,0.008,0.2155,-5.469,0.741,0.0397,0.064,0.06,0.747,1
1717,2672.58,1351.26,16.308,0.0007,1.271,0.964,0.585,0.004,0.003,0.018,0.1429,-8.781,2.128,0.0524,0.093,0.077,0.744,1
1673,2638.45,1439.46,16.3946,0.0007,0.977,0.771,0.174,0.004,0.003,0.013,0.3924,-6.125,2.384,0.0509,0.093,0.08,0.744,1
2016,2483.71,1193.69,16.5246,0.001,1.366,1.079,0.431,0.004,0.004,0.02,0.224,-8.963,1.619,0.0624,0.107,0.092,0.743,1
331,1926.5,1766.33,14.1995,0.0003,0.911,0.675,0.349,0.003,0.002,0.003,0.262,-6.847,1.049,0.0251,0.04,0.035,0.741,1
1598,2521.62,1967.42,16.2474,0.0014,1.031,0.893,0.295,0.004,0.005,0.007,0.4984,-7.353,2.241,0.0486,0.096,0.075,0.741,1
2556,2551.94,1096.74,17.0146,0.0009,1.227,0.959,0.558,0.003,0.004,0.033,0.305,-6.408,0.73,0.0718,0.127,0.111,0.734,1
2337,2216.35,1243.64,16.8625,0.0014,1.139,0.871,0.458,0.004,0.004,0.027,0.2899,-8.339,1.478,0.0699,0.123,0.103,0.732,1
67,2263.79,1550.82,12.3084,0.0002,1.377,1.27,0.947,0.003,0.003,0.004,0.3037,-6.255,1.618,0.0284,0.047,0.047,0.723,1
272,2326.46,1837.67,14.1007,0.0003,0.515,0.454,0.204,0.003,0.002,0.003,0.567,-6.48,0.875,0.0219,0.04,0.038,0.721,1
1360,1969.16,1787.03,15.8186,0.0005,1.496,1.119,0.702,0.004,0.003,0.009,0.2258,-7.11,1.043,0.0404,0.063,0.06,0.721,1
1046,2572.95,2068.3,15.7605,0.0006,0.877,0.73,0.14,0.003,0.002,0.004,0.515,-7.26,1.935,0.0365,0.064,0.062,0.719,1
4546,2431.54,1947.1,18.2294,0.0021,1.441,1.112,0.449,0.008,0.008,0.03,0.2435,-7.438,2.352,0.1604,0.325,0.229,0.718,1
1596,2184.63,2118.9,15.5394,0.0005,2.297,1.9,1.32,0.004,0.006,0.023,0.1464,-5.453,0.708,0.0475,0.073,0.071,0.717,1
2526,2764.44,2185.56,16.9083,0.0009,1.367,1.01,0.636,0.006,0.005,0.013,0.2407,-7.064,1.028,0.0698,0.12,0.109,0.709,1
2829,3103.13,1775.68,17.2517,0.0009,1.137,0.917,0.265,0.004,0.004,0.026,0.4197,-8.963,1.788,0.0838,0.14,0.14,0.709,1
1246,2780.74,1741.09,15.2088,0.0004,2.255,1.932,1.726,0.003,0.004,0.024,0.3459,-9.177,2.187,0.0573,0.101,0.099,0.706,1
1496,2630.42,1798.92,16.1932,0.0011,0.984,0.836,0.196,0.003,0.003,0.005,0.5908,-6.532,0.682,0.0429,0.073,0.069,0.699,1
2240,2832.61,1324.05,16.8362,0.0009,1.05,0.822,0.164,0.004,0.003,0.013,0.3668,-6.637,1.55,0.0636,0.143,0.103,0.699,1
2036,2091.8,1869.31,16.6304,0.0008,1.102,0.845,0.239,0.004,0.004,0.008,0.4347,-6.284,1.803,0.0605,0.102,0.088,0.698,1
2260,2775.29,1481.57,16.8364,0.0009,1.067,0.841,0.152,0.004,0.003,0.018,0.4737,-8.459,1.28,0.0654,0.12,0.101,0.697,1
717,2129.27,1670.09,14.7654,0.0003,1.811,1.571,1.25,0.003,0.003,0.008,0.2091,-7.774,1.007,0.0252,0.042,0.041,0.691,1
52,2843.95,1406.67,12.5629,0.0009,0.249,0.191,-0.14,0.004,0.002,0.003,0.1306,-5.569,0.804,0.0573,0.097,0.098,0.686,1
652,2523.65,1645.2,14.3548,0.0003,2.214,1.641,0.636,0.003,0.003,0.012,0.0565,-6.592,1.617,0.029,0.048,0.048,0.68,1
2291,2381.17,1680.56,16.887,0.0014,1.211,1.052,0.52,0.004,0.006,0.023,0.6007,-6.565,0.877,0.0673,0.125,0.11,0.68,1
970,2260.96,1819.48,15.5311,0.0005,1.152,0.958,0.418,0.003,0.003,0.005,0.2885,-11.429,0.84,0.033,0.054,0.052,0.679,1
2761,2831.09,2157.9,17.0226,0.0011,1.505,0.927,0.792,0.013,0.019,0.028,0.3731,-11.543,1.763,0.0722,0.127,0.119,0.678,1
3045,2613.42,1986.65,17.2772,0.001,1.377,1.167,0.373,0.008,0.016,0.021,0.2327,-8.631,2.03,0.0904,0.158,0.135,0.678,1
3300,2163.47,1664.04,17.5995,0.0011,1.141,1.102,0.804,0.007,0.007,0.022,0.2599,-7.488,2.97,0.0977,0.15,0.152,0.675,1
2871,3007.06,1880.83,17.2959,0.001,1.076,0.985,0.547,0.004,0.005,0.012,0.3891,-6.811,2.298,0.0788,0.142,0.144,0.674,1
1713,2641.51,1787.67,16.3601,0.0009,1.21,0.885,0.49,0.006,0.004,0.007,0.0721,-5.622,0.672,0.0507,0.095,0.079,0.673,1
2181,2511.73,1766.44,16.7964,0.0009,1.017,0.922,0.455,0.006,0.004,0.008,0.4991,-8.365,1.196,0.0654,0.12,0.1,0.671,1
4219,2198.5,1712.43,17.9621,0.0015,1.515,1.185,0.458,0.006,0.011,0.028,0.4819,-6.648,1.798,0.1235,0.213,0.21,0.67,1
2790,2554.23,2221.89,17.0387,0.0016,1.337,1.109,0.571,0.004,0.005,0.012,0.3605,-6.588,0.631,0.0728,0.124,0.12,0.667,1
3065,2494.27,1605.45,17.3197,0.0012,1.3,1.013,0.558,0.006,0.008,0.02,0.1424,-7.088,1.396,0.0888,0.161,0.147,0.667,1
2361,2829.51,1819.12,16.9314,0.0018,1.222,1.032,0.514,0.003,0.004,0.01,0.2847,-6.564,0.839,0.0663,0.128,0.111,0.665,1
1252,2852.1,1966.28,15.9215,0.0018,1.234,0.933,0.546,0.006,0.004,0.007,0.3815,-6.867,2.323,0.0792,0.128,0.125,0.663,1
3511,2454.39,1833.59,17.7596,0.0016,1.205,1.027,0.621,0.007,0.006,0.018,0.6687,-6.362,1.858,0.1185,0.192,0.177,0.662,1
1702,2481.26,2014.56,16.4342,0.0008,0.928,0.694,0.317,0.005,0.008,0.01,0.3066,-6.502,2.203,0.0553,0.101,0.082,0.659,1
651,2905.03,1638.45,15.0842,0.0004,0.914,0.758,0.111,0.002,0.002,0.008,0.5486,-6.396,0.702,0.0258,0.044,0.045,0.656,1
156,2275.13,1427.92,13.106,0.0007,1.388,1.345,1.274,0.003,0.003,0.006,0.4533,-5.127,1.971,0.0224,0.036,0.036,0.654,1
2699,2580.92,1940.23,17.0355,0.0012,1.445,1.133,0.498,0.007,0.005,0.012,0.1224,-7.802,1.034,0.0839,0.145,0.129,0.653,1
1593,2245.06,1698.07,16.34,0.0008,0.991,0.832,0.235,0.003,0.003,0.005,0.6891,-6.591,0.883,0.0511,0.108,0.08,0.652,1
1605,2567.31,1594.41,16.0558,0.0012,1.598,1.218,0.638,0.003,0.004,0.026,0.2843,-6.913,1.275,0.0884,0.139,0.143,0.645,1
2850,2685.05,1168.28,17.1906,0.001,1.292,0.986,0.465,0.004,0.004,0.031,0.2484,-6.982,1.322,0.0763,0.129,0.117,0.642,1
2595,3003.27,1462.9,17.0581,0.001,1.158,1.011,0.5,0.005,0.005,0.029,0.6048,-4.492,2.354,0.0737,0.122,0.138,0.639,1
3263,3000.9,1729.83,17.5653,0.0011,1.124,1.032,0.657,0.004,0.005,0.021,0.5432,-11.877,5.53,0.0886,0.15,0.159,0.635,1
2421,2010.19,1537.49,16.838,0.0011,1.316,1.022,0.458,0.004,0.004,0.027,0.3337,-6.94,1.353,0.0734,0.121,0.108,0.634,1
2079,2859.29,1769.74,16.5822,0.0008,1.295,0.991,0.555,0.004,0.004,0.009,0.2105,-5.693,0.701,0.0553,0.108,0.092,0.633,1
497,2920.44,1276.48,14.8667,0.0004,0.588,0.487,0.259,0.003,0.002,0.007,0.3261,-6.234,0.622,0.0258,0.044,0.045,0.621,1
1201,3007.93,1451.65,15.9448,0.0005,0.931,0.785,0.136,0.003,0.002,0.011,0.6994,-4.662,1.935,0.0408,0.069,0.078,0.619,1
2128,2689.96,1728.9,16.4356,0.0009,1.625,1.263,0.583,0.003,0.004,0.011,0.2663,-7.311,2.867,0.0509,0.096,0.08,0.619,1
3098,3043.84,1904.54,17.3525,0.0011,1.304,1.047,0.447,0.004,0.005,0.016,0.1713,-6.82,1.146,0.0962,0.163,0.158,0.619,1
2365,2184.8,1350.96,16.7281,0.0009,1.479,1.159,0.603,0.003,0.003,0.031,0.1581,-5.936,0.837,0.0726,0.142,0.104,0.615,1
2942,2373.31,1958.44,17.3554,0.0012,1.042,0.914,0.379,0.005,0.005,0.01,0.5853,-7.636,1.348,0.0883,0.143,0.13,0.615,1
553,3088.2,1733.06,14.8299,0.0004,1.112,1.01,0.575,0.002,0.002,0.005,0.4596,-13.319,2.53,0.0244,0.041,0.043,0.612,1
2980,2154.63,1665.26,17.3009,0.0013,1.557,1.169,0.584,0.013,0.009,0.018,0.0652,-7.4,2.769,0.0855,0.14,0.133,0.612,1
1501,2046.51,1453.43,16.2459,0.0012,1.021,0.868,0.308,0.004,0.003,0.014,0.4428,-12.122,5.255,0.0721,0.115,0.097,0.608,1
1567,2327.29,1158.68,16.2203,0.0007,1.187,0.909,0.482,0.003,0.002,0.016,0.2658,-8.09,0.918,0.0457,0.073,0.072,0.606,1
1161,2602.13,1492.62,15.8495,0.0005,1.033,0.765,0.397,0.003,0.003,0.01,0.2275,-5.883,1.039,0.0374,0.061,0.059,0.605,1
2609,2956.65,1726.63,17.137,0.0009,0.987,0.842,0.243,0.003,0.003,0.008,0.5292,-10.488,1.741,0.0731,0.126,0.172,0.603,1
1251,2456.72,1610.17,15.9906,0.0011,0.972,0.727,0.452,0.004,0.003,0.011,0.6847,-6.371,1.625,0.1068,0.177,0.177,0.598,1
2369,2864.78,1210.92,16.8941,0.0009,1.155,0.867,0.459,0.005,0.004,0.029,0.2791,-5.522,0.731,0.0657,0.126,0.103,0.595,1
453,2524.11,1614.95,14.7342,0.0004,0.603,0.497,0.308,0.003,0.002,0.005,0.3665,-8.246,1.187,0.0262,0.044,0.044,0.593,1
3735,2775.17,1668.91,17.8309,0.0014,1.231,1.076,0.695,0.005,0.006,0.023,0.1834,-10.844,2.504,0.1069,0.182,0.199,0.591,1
2302,2670.23,2112.64,16.9097,0.0009,0.958,0.809,0.19,0.004,0.004,0.007,0.3165,-10.563,2.809,0.0736,0.136,0.113,0.588,1
2837,2710.94,1689.39,17.0147,0.0009,1.587,1.227,0.751,0.004,0.006,0.015,0.2665,-5.42,0.804,0.0677,0.118,0.116,0.588,1
3776,2986.17,1984.39,17.7056,0.0012,1.546,1.161,0.708,0.006,0.007,0.031,0.3721,-6.614,0.596,0.1146,0.19,0.204,0.587,1
3728,2188.7,1590.57,17.7466,0.0012,1.391,1.11,0.49,0.006,0.007,0.017,0.4197,-6.679,0.621,0.1091,0.173,0.172,0.583,1
233,2752.22,2228.77,12.7942,0.0003,2.488,1.908,1.284,0.003,0.003,0.004,0.0744,-5.982,1.273,0.0405,0.072,0.066,0.581,1
3806,2859.05,1868.27,17.9096,0.0014,1.219,1.086,0.641,0.005,0.012,0.022,0.5724,-13.904,2.286,0.1184,0.201,0.188,0.573,1
68,2650.51,1221.28,12.3746,0.0003,1.257,1.214,1.015,0.004,0.002,0.006,0.5432,-9.568,0.984,0.0287,0.049,0.047,0.571,1
1290,2519.26,1736.18,16.027,0.0009,1.08,0.891,0.377,0.008,0.005,0.008,0.2892,-9.876,4.367,0.0521,0.085,0.08,0.569,1
3482,2236.77,1776.74,17.6679,0.0013,1.244,1.127,0.761,0.007,0.007,0.023,0.3182,-11.125,0.827,0.1066,0.176,0.166,0.569,1
2155,2458.41,1252.69,16.6563,0.001,1.309,1.001,0.523,0.004,0.006,0.023,0.1822,-5.683,1.49,0.0601,0.115,0.09,0.568,1
106,2196.35,1289.61,13.0247,0.0004,0.728,0.608,0.223,0.003,0.002,0.003,0.6944,-13.304,4.777,0.0229,0.035,0.036,0.566,1
2008,2923.51,1664.4,16.6787,0.0008,0.976,0.821,0.197,0.004,0.004,0.014,0.4606,-10.479,1.408,0.0606,0.11,0.098,0.565,1
2586,2802.08,1348.87,16.9665,0.0009,1.354,1.038,0.567,0.006,0.006,0.035,0.2121,-5.943,0.74,0.0721,0.123,0.11,0.564,1
129,2856.36,1904.48,12.9111,0.0003,1.379,1.389,1.324,0.003,0.003,0.004,0.3927,-9.012,0.115,0.0317,0.054,0.054,0.563,1
2801,2098.77,1338.09,17.1451,0.0011,1.36,1.085,0.503,0.007,0.007,0.028,0.202,-6.704,0.682,0.0904,0.134,0.136,0.561,1
3148,2473.81,2237.85,17.4165,0.0012,1.445,1.075,0.631,0.016,0.015,0.036,0.2538,-6.442,1.358,0.0963,0.16,0.142,0.554,1
1603,2923.26,1955.87,16.3424,0.0008,0.931,0.748,0.165,0.003,0.003,0.005,0.3977,-8.316,0.863,0.052,0.106,0.089,0.548,1
3271,2907.17,1953.59,17.5669,0.0011,1.091,0.936,0.375,0.005,0.006,0.012,0.3189,-4.934,2.212,0.0985,0.176,0.17,0.548,1
4281,2582.08,1587.92,18.2209,0.0015,1.163,1.006,0.396,0.009,0.01,0.03,0.4067,-7.551,1.082,0.1465,0.239,0.236,0.548,1
4057,2744.35,1942.87,17.8857,0.0014,1.523,1.194,0.577,0.008,0.009,0.035,0.4833,-6.825,0.788,0.1224,0.214,0.201,0.546,1
3879,2601.84,2278.49,17.8458,0.0014,1.388,1.074,0.333,0.005,0.007,0.023,0.4056,-6.775,2.641,0.1142,0.186,0.178,0.541,1
1858,2427.19,1637.29,16.4319,0.0015,1.287,0.978,0.634,0.003,0.004,0.021,0.1175,-5.964,2.041,0.1555,0.293,0.242,0.54,1
3331,2507.24,1781.85,17.4198,0.0012,1.486,1.117,0.679,0.009,0.009,0.023,0.1302,-5.839,1.048,0.0888,0.147,0.136,0.538,1
4434,2576.71,1974.85,18.1136,0.0019,1.519,1.228,0.497,0.005,0.01,0.029,0.1451,-6.324,1.159,0.1396,0.285,0.21,0.535,1
1932,2762.38,1839.06,16.3715,0.0008,1.472,1.119,0.656,0.003,0.004,0.01,0.1657,-6.52,0.619,0.0552,0.108,0.094,0.531,1
3431,2892.43,1801.05,17.6593,0.0015,1.154,0.995,0.625,0.006,0.007,0.022,0.7414,-6.296,1.547,0.108,0.189,0.167,0.531,1
2663,1970.89,1913.96,17.1086,0.0011,1.107,0.86,0.239,0.004,0.004,0.009,0.3367,-4.975,1.896,0.0808,0.118,0.108,0.53,1
2125,2748.8,1878.8,16.584,0.0009,1.409,1.08,0.647,0.006,0.005,0.011,0.0642,-7.179,1.02,0.0601,0.114,0.099,0.529,1
3453,2562.83,1665.44,17.6918,0.0018,1.236,1.006,0.499,0.008,0.006,0.02,0.2139,-5.937,1.175,0.1045,0.174,0.176,0.528,1
285,2756.83,1895.64,13.7249,0.0002,1.527,1.383,1.088,0.004,0.003,0.004,0.3165,-9.979,0.797,0.0182,0.031,0.032,0.518,1
3136,2111.4,1871.96,17.3161,0.0012,1.394,1.059,0.44,0.004,0.006,0.015,0.2674,-5.493,1.417,0.0824,0.128,0.127,0.507,1
3236,2477.75,1874.65,17.4436,0.0011,1.323,1.017,0.414,0.006,0.006,0.013,0.5147,-5.643,1.539,0.0862,0.139,0.134,0.498,1
2626,2441.13,1686.88,17.1526,0.0013,1.108,0.867,0.125,0.006,0.004,0.021,0.1902,-4.121,2.008,0.0908,0.146,0.139,0.494,1
3069,2960.65,1689.92,17.4507,0.0011,1.066,0.92,0.336,0.004,0.005,0.02,0.6532,-11.08,1.604,0.0875,0.148,0.198,0.494,1
43,2530.97,1142.19,11.8302,0.0002,1.275,1.186,0.837,0.009,0.002,0.006,0.684,-14.296,2.78,0.0279,0.045,0.047,0.492,1
1426,2398.53,1281.3,16.1726,0.0007,0.97,0.801,0.191,0.003,0.003,0.01,0.519,-13.427,1.914,0.0465,0.082,0.076,0.492,1
893,2436.31,1484.64,15.5405,0.0005,0.899,0.711,-0.028,0.004,0.007,0.024,0.4325,-12.793,0.886,0.0333,0.053,0.052,0.49,1
4013,2758.16,2129.84,17.8331,0.0022,1.565,1.228,0.523,0.005,0.007,0.029,-0.2943,-6.083,0.671,0.1856,0.312,0.281,0.483,1
1597,2298.72,1439.25,16.2017,0.0009,1.264,0.972,0.753,0.006,0.005,0.028,0.0704,-5.203,1.249,0.0485,0.081,0.075,0.481,1
3019,2114.75,2127.41,17.3482,0.001,1.179,1.003,0.484,0.005,0.004,0.011,0.4431,-8.084,0.613,0.0869,0.135,0.128,0.471,1
2313,2640.33,1586.61,16.9075,0.0009,1.041,0.899,0.283,0.004,0.003,0.021,0.4374,-10.008,2.011,0.0686,0.13,0.108,0.47,1
1318,2892.32,1819.35,15.9623,0.0006,1.16,0.923,0.349,0.003,0.003,0.006,0.2967,-9.478,3.021,0.0401,0.067,0.066,0.468,1
2890,2906.21,1529.41,17.2832,0.001,1.194,0.933,0.259,0.004,0.004,0.031,0.2592,-5.942,2.707,0.0759,0.131,0.13,0.462,1
1645,2132.1,1539.23,16.3679,0.0009,0.954,0.747,0.154,0.004,0.003,0.008,0.4067,-8.101,2.855,0.0503,0.092,0.077,0.456,1
4450,2622.22,1949.2,18.1412,0.0018,1.475,1.182,0.452,0.007,0.009,0.036,0.2971,-5.481,0.885,0.1397,0.25,0.225,0.446,1
2597,2577.41,2219.07,17.1195,0.0009,0.986,0.855,0.3,0.004,0.004,0.01,0.3657,-9.743,1.822,0.0739,0.126,0.119,0.439,1
2471,2422.39,1747.26,16.9689,0.0011,1.098,0.932,0.393,0.004,0.004,0.007,0.4677,-7.818,0.942,0.0683,0.114,0.106,0.428,1
2000,2059.02,1923.38,16.6153,0.0008,1.064,0.813,0.497,0.004,0.003,0.009,0.2948,-5.385,1.055,0.0618,0.105,0.087,0.41,1
2059,2442.12,2201.31,16.6752,0.001,1.09,0.963,0.487,0.004,0.004,0.01,0.3259,-5.692,0.621,0.07,0.123,0.102,0.405,1
2228,2378.84,1752.02,16.8257,0.001,1.03,0.865,0.272,0.004,0.005,0.01,0.3909,-5.551,0.664,0.0755,0.136,0.111,0.392,1
3492,3015.04,1693.43,17.6749,0.0011,1.215,0.973,0.354,0.005,0.005,0.021,0.386,-3.666,2.527,0.0992,0.164,0.17,0.38,1
4483,2782.7,1947.63,18.4193,0.0073,1.52,1.162,0.415,0.021,0.018,0.032,-2.6789,-10.851,-11.104,0.4628,0.847,0.751,0.376,1
4479,2133.88,1923.35,18.2103,0.0019,1.363,1.073,0.51,0.006,0.009,0.026,0.3557,-8.985,0.534,0.1502,0.243,0.211,0.371,1
599,2411.28,2160.27,14.9752,0.0004,0.966,0.851,0.331,0.003,0.002,0.004,0.7264,-17.983,4.154,0.0294,0.045,0.043,0.354,1
4657,2420.09,2257.95,18.4479,0.0018,1.227,1.053,0.706,0.013,0.015,0.036,0.347,-10.537,6.516,0.1864,0.317,0.25,0.351,1
1764,2475.84,1463.2,16.4881,0.0014,0.986,0.811,0.116,0.004,0.003,0.013,0.3802,-5.911,0.876,0.0538,0.1,0.088,0.349,1
64,2626.0,1831.68,12.4662,0.0002,0.95,0.887,0.482,0.003,0.002,0.003,1.8809,0.925,7.551,0.0282,0.048,0.047,0.344,1
628,2953.53,2009.04,14.9952,0.0004,1.078,1.025,0.671,0.002,0.002,0.004,0.5934,-1.395,-1.831,0.0286,0.05,0.063,0.343,1
4575,2603.85,1996.84,18.2962,0.0021,1.303,1.056,0.453,0.006,0.008,0.027,0.5407,-7.454,0.578,0.1556,0.323,0.247,0.34,1
3500,2116.28,1991.81,17.7306,0.0012,1.097,1.007,0.591,0.006,0.006,0.019,0.5328,-9.669,2.362,0.1129,0.175,0.163,0.335,1
3612,2680.51,1278.85,17.7911,0.0014,1.111,0.88,0.066,0.007,0.006,0.028,0.6929,-6.911,11.523,0.1126,0.187,0.168,0.316,1
726,2724.85,1623.9,15.2703,0.0004,0.849,0.704,0.119,0.003,0.002,0.004,0.5921,-11.669,-0.056,0.0275,0.046,0.046,0.315,1
242,2146.45,1781.64,13.6786,0.0002,1.201,1.124,0.813,0.003,0.003,0.003,0.8652,6.638,1.9,0.0189,0.03,0.032,0.304,1
215,2845.57,1545.64,13.7126,0.0002,0.719,0.585,0.138,0.004,0.002,0.003,0.5865,-15.088,-2.681,0.0187,0.031,0.032,0.292,1
973,2739.85,1165.83,16.5828,0.0016,2.466,1.495,0.431,0.012,0.01,0.016,0.2756,-8.65,-0.565,0.1273,0.293,0.441,0.272,1
4227,2046.52,1828.07,18.0424,0.0018,1.384,1.08,0.436,0.006,0.007,0.026,0.1402,0.45,-4.445,0.1327,0.246,0.192,0.271,1
121,2175.73,2095.47,13.1473,0.0004,0.829,0.65,0.11,0.009,0.006,0.004,1.159,-6.697,-0.266,0.0181,0.029,0.029,0.268,1
286,2729.48,2188.34,13.6612,0.0005,1.609,1.479,1.269,0.007,0.003,0.004,0.3388,-4.943,0.828,0.0217,0.044,0.035,0.262,1
97,2725.3,2197.81,11.5818,0.0013,3.003,1.994,2.103,0.008,0.003,0.005,0.2607,-10.1,-0.346,0.0502,0.092,0.085,0.254,1
359,2278.15,1487.6,14.3879,0.0003,0.832,0.659,0.082,0.003,0.002,0.004,0.4734,-9.253,-0.303,0.024,0.039,0.038,0.227,1
551,2965.31,2082.69,14.6402,0.0003,1.472,1.414,1.359,0.002,0.002,0.006,0.3141,-6.995,0.125,0.0298,0.045,0.051,0.227,1
746,2731.15,1559.84,14.9846,0.0004,1.527,1.276,1.117,0.003,0.003,0.007,2.391,16.438,-20.796,0.0278,0.047,0.051,0.199,1
4285,2794.4,1685.52,18.1429,0.0017,1.223,1.016,0.396,0.008,0.01,0.024,0.3765,-6.647,-4.501,0.1245,0.221,0.217,0.185,1
1558,2936.54,1996.97,16.219,0.0007,1.123,1.039,0.676,0.003,0.003,0.009,0.8102,-20.903,-1.686,0.0475,0.085,0.097,0.179,1
3943,2424.74,1686.73,17.8357,0.0014,1.489,1.145,0.499,0.005,0.006,0.03,0.2194,-4.715,0.73,0.1081,0.183,0.172,0.145,1
205,2458.59,1650.27,13.576,0.0049,1.338,1.179,0.969,0.016,0.008,0.007,5.4719,2.492,-10.845,0.3584,0.588,0.534,0.109,1
3211,2280.47,1259.02,17.5376,0.001,1.094,0.894,0.178,0.005,0.005,0.029,0.513,-4.474,0.119,0.0917,0.146,0.145,0.059,1
4185,2883.62,1814.14,18.1096,0.0017,1.234,1.013,0.373,0.01,0.009,0.02,0.4835,-0.316,1.242,0.1361,0.234,0.215,0.058,1
210,2531.94,1986.02,13.5057,0.0002,1.193,1.1,0.652,0.004,0.003,0.003,0.4683,-5.064,-1.121,0.0185,0.035,0.03,0.046,1
1147,2747.46,2096.26,15.3048,0.0004,1.959,1.701,1.447,0.003,0.003,0.016,0.3062,-5.414,-0.695,0.0326,0.054,0.052,0.028,1
2479,2311.91,1919.12,16.9689,0.0009,1.104,1.025,0.637,0.004,0.004,0.011,0.365,-6.795,1.86,0.0744,0.132,0.118,0.719,0
332,2047.65,1789.26,13.5213,0.0003,2.142,1.927,2.054,0.003,0.003,0.012,0.1646,-6.231,0.781,0.0272,0.041,0.04,0.647,0
152,2964.24,1814.05,13.3739,0.0002,0.631,0.579,0.264,0.003,0.002,0.003,0.4882,-11.839,1.212,0.0182,0.031,0.041,0.636,0
243,2367.81,1693.55,13.9987,0.0003,0.283,0.274,0.111,0.003,0.002,0.003,0.4333,-7.207,1.014,0.0206,0.035,0.034,0.632,0
1078,2467.33,1394.13,15.8381,0.0005,0.791,0.64,0.271,0.003,0.003,0.009,0.3399,-7.732,2.916,0.0388,0.067,0.06,0.63,0
2524,2361.66,1317.15,17.0334,0.001,1.101,0.875,0.609,0.005,0.006,0.024,0.3057,-6.83,0.885,0.0773,0.135,0.111,0.623,0
200,2953.52,2058.46,13.6956,0.0002,0.577,0.491,0.259,0.003,0.002,0.002,0.3726,-7.035,3.124,0.0209,0.034,0.041,0.611,0
245,2765.24,1636.43,13.7821,0.0003,0.983,0.818,0.224,0.003,0.002,0.004,0.7808,-8.285,2.056,0.0188,0.031,0.034,0.55,0
3639,2529.47,1885.74,17.6544,0.0013,1.414,1.082,0.605,0.005,0.007,0.025,0.3534,-5.692,1.617,0.097,0.156,0.151,0.543,0
496,3107.4,1718.35,14.8755,0.0003,0.531,0.457,0.166,0.003,0.002,0.005,0.3691,-7.453,0.619,0.0245,0.042,0.044,0.521,0
2707,2633.84,2140.42,17.2576,0.0023,1.308,1.019,0.43,0.014,0.009,0.013,-0.2636,-5.728,2.259,0.1708,0.273,0.277,0.493,0
3297,2398.77,2110.93,17.2995,0.0032,1.662,1.246,0.67,0.004,0.005,0.018,0.2066,-5.225,1.085,0.0901,0.144,0.137,0.439,0
1695,2525.64,2209.52,16.4284,0.0009,0.924,0.788,0.216,0.004,0.003,0.006,0.4049,-6.029,1.227,0.0534,0.097,0.083,0.424,0
1880,2883.68,1787.09,16.6522,0.0027,1.267,1.073,0.707,0.014,0.009,0.012,2.1841,-11.215,7.018,0.1783,0.329,0.28,0.42,0
4015,2594.98,1690.05,17.8193,0.0016,1.671,1.308,0.616,0.009,0.008,0.031,0.3025,-7.254,0.643,0.1095,0.184,0.185,0.412,0
1210,1962.84,1568.6,15.9435,0.0006,0.916,0.71,0.352,0.003,0.003,0.009,0.3404,-4.927,1.235,0.0416,0.068,0.061,0.392,0
2682,2390.58,2130.93,17.1033,0.0009,1.142,1.03,0.634,0.005,0.004,0.012,0.5996,-8.564,0.163,0.0881,0.139,0.121,0.365,0
4095,2933.73,2034.63,17.8978,0.0016,1.526,1.089,0.565,0.005,0.008,0.035,0.1553,-5.739,0.329,0.117,0.205,0.22,0.342,0
1408,2930.73,2076.52,16.1091,0.0008,1.023,0.877,0.335,0.003,0.003,0.006,0.7113,-11.874,2.848,0.0514,0.078,0.086,0.335,0
1683,2080.38,1307.41,16.4155,0.0008,0.977,0.824,0.159,0.003,0.003,0.009,0.3983,-13.274,7.083,0.0538,0.094,0.082,0.332,0
2507,2579.17,2087.68,16.9146,0.0009,1.304,0.979,0.62,0.005,0.004,0.013,0.3079,-6.04,0.454,0.0695,0.126,0.112,0.33,0
2233,2989.11,1630.51,16.8504,0.0008,0.986,0.856,0.26,0.004,0.003,0.019,0.4234,-5.409,1.065,0.0657,0.124,0.128,0.328,0
2238,2696.68,1774.22,16.8344,0.0009,1.036,0.914,0.416,0.004,0.004,0.008,0.4773,-17.894,2.238,0.0674,0.133,0.116,0.323,0
1352,2314.91,1641.58,16.0944,0.0006,0.967,0.834,0.278,0.003,0.003,0.011,0.5389,-11.94,-0.465,0.0419,0.069,0.066,0.321,0
1746,2585.38,2204.59,16.425,0.0006,1.012,0.891,0.344,0.003,0.003,0.006,0.6399,-6.727,-0.243,0.055,0.101,0.09,0.32,0
3429,2861.11,2084.77,17.6581,0.0037,1.355,1.15,0.755,0.004,0.005,0.021,0.5817,-6.131,0.689,0.1034,0.172,0.162,0.32,0
2426,2310.51,1206.15,16.8657,0.001,1.335,1.168,0.812,0.004,0.004,0.043,0.5897,-1.714,-1.652,0.0997,0.178,0.151,0.317,0
1394,2251.36,1772.05,16.1349,0.0009,0.996,0.762,0.46,0.003,0.003,0.006,-0.1399,-5.432,0.371,0.0808,0.135,0.122,0.31,0
1843,2778.5,1969.35,16.5312,0.0007,0.99,0.882,0.334,0.004,0.004,0.006,0.3978,-10.112,-1.636,0.0555,0.105,0.09,0.307,0
762,2771.49,1576.29,15.275,0.0004,0.998,0.894,0.422,0.003,0.002,0.004,0.5909,-11.073,-3.259,0.0287,0.049,0.047,0.301,0
3468,2840.52,2087.21,17.7513,0.0015,1.192,1.122,0.699,0.015,0.012,0.031,0.3711,-5.026,1.222,0.1145,0.19,0.178,0.296,0
3681,2711.84,1937.08,17.8176,0.0026,1.412,1.22,1.053,0.01,0.01,0.041,0.768,-7.105,-0.355,0.1275,0.21,0.186,0.288,0
710,2131.75,1972.91,15.0761,0.0004,1.176,0.929,0.435,0.003,0.002,0.006,0.3427,-4.942,2.662,0.0288,0.047,0.046,0.286,0
3070,2699.98,1848.34,17.4295,0.0011,1.118,1.02,0.581,0.004,0.005,0.012,0.6792,-5.174,3.397,0.0843,0.144,0.144,0.279,0
1110,2020.27,2005.66,15.7746,0.0005,0.985,0.863,0.347,0.003,0.003,0.005,0.4646,-16.072,-0.264,0.0387,0.063,0.056,0.271,0
2740,2490.41,1987.78,17.1641,0.0011,1.171,0.965,0.484,0.005,0.004,0.012,0.473,-6.83,-1.348,0.0852,0.144,0.128,0.263,0
419,2505.83,2082.62,14.9572,0.0088,0.713,0.564,0.165,0.017,0.012,0.01,3.6006,-2.873,11.197,0.6699,1.081,1.035,0.251,0
2664,2906.93,1298.1,17.0802,0.0009,1.227,1.06,0.549,0.004,0.005,0.03,0.7393,-4.548,11.964,0.0698,0.122,0.112,0.25,0
2899,2857.44,1625.17,17.3577,0.0011,1.086,0.928,0.387,0.008,0.007,0.013,0.4731,-10.353,-1.382,0.0783,0.134,0.136,0.241,0
2082,1989.38,1849.24,16.6416,0.0008,1.173,1.039,0.634,0.004,0.004,0.011,0.747,-9.107,2.465,0.0647,0.106,0.088,0.232,0
1262,2904.41,1669.85,15.9896,0.0006,0.969,0.824,0.273,0.003,0.003,0.007,0.65,-3.883,0.944,0.0402,0.066,0.068,0.212,0
2356,2412.41,1648.24,16.8759,0.0042,1.324,1.053,0.561,0.005,0.005,0.031,0.7825,-11.389,-1.696,0.21,0.407,0.317,0.206,0
1107,2334.52,1661.63,15.716,0.0007,1.134,1.002,0.532,0.003,0.003,0.011,1.5482,-17.684,-1.93,0.0365,0.063,0.058,0.201,0
1919,2821.94,1712.32,16.4932,0.001,1.255,1.074,0.669,0.003,0.003,0.009,1.0704,-2.7,-1.593,0.1265,0.236,0.201,0.199,0
803,2727.82,1966.86,15.4031,0.0004,0.853,0.717,0.132,0.003,0.002,0.004,0.6606,-9.426,5.266,0.0312,0.055,0.053,0.19,0
1428,2724.89,2014.26,16.1565,0.0017,1.025,0.906,0.405,0.003,0.003,0.006,0.3705,-7.631,5.183,0.2413,0.414,0.424,0.177,0
2436,2737.03,1185.55,16.9369,0.0009,1.215,0.925,0.475,0.004,0.004,0.01,0.353,-6.024,0.237,0.0722,0.138,0.107,0.173,0
2966,2007.56,1861.41,17.2799,0.001,1.202,1.026,0.423,0.004,0.005,0.031,0.3214,-8.265,-0.35,0.08,0.128,0.122,0.172,0
2445,2202.07,1495.57,16.9486,0.0009,1.148,0.905,0.282,0.004,0.004,0.016,0.4111,-7.068,-0.602,0.0675,0.115,0.107,0.17,0
2330,2945.66,1822.12,16.9246,0.001,1.072,0.956,0.477,0.007,0.008,0.01,0.4228,-5.27,3.223,0.0831,0.176,0.189,0.163,0
2802,2649.56,1889.55,17.2249,0.0015,1.165,0.962,0.382,0.005,0.005,0.01,0.6332,-9.022,2.957,0.0874,0.149,0.147,0.163,0
1521,2670.0,1144.37,16.087,0.0006,1.36,1.014,0.591,0.003,0.003,0.017,0.2756,-5.104,0.456,0.0426,0.068,0.066,0.152,0
372,2078.59,1427.0,14.4415,0.0003,0.81,0.673,0.118,0.002,0.002,0.005,0.574,-7.885,-0.724,0.0259,0.04,0.04,0.149,0
2568,2182.24,1392.26,16.9837,0.0011,1.277,0.987,0.564,0.005,0.004,0.031,0.3029,-5.687,0.159,0.0835,0.146,0.118,0.147,0
1648,2373.37,2232.14,16.3308,0.0006,1.025,0.939,0.488,0.004,0.003,0.006,0.4604,-5.973,0.099,0.0505,0.082,0.073,0.14,0
2848,2656.53,1818.46,17.3192,0.001,1.025,0.856,0.294,0.005,0.004,0.01,0.5613,-5.236,0.526,0.0792,0.131,0.127,0.14,0
1561,2568.05,1559.38,16.3107,0.0006,0.946,0.817,0.264,0.003,0.003,0.01,0.3752,-6.443,-0.089,0.0518,0.095,0.083,0.139,0
641,2588.74,1706.1,15.0834,0.0004,0.915,0.771,0.207,0.003,0.002,0.005,0.8238,0.306,1.228,0.0306,0.048,0.046,0.123,0
2467,2646.61,1944.31,16.7985,0.0009,1.459,1.131,0.436,0.004,0.004,0.01,0.2544,-1.297,-0.795,0.0657,0.126,0.105,0.116,0
2867,2350.38,2048.29,17.2353,0.001,1.186,0.909,0.258,0.005,0.005,0.01,0.2737,0.923,0.031,0.08,0.126,0.117,0.114,0
2370,2059.24,1413.38,16.9376,0.0009,1.188,0.961,0.359,0.009,0.008,0.022,0.3424,-6.53,-0.41,0.0789,0.127,0.11,0.111,0
1378,2833.91,2169.69,15.9905,0.0006,1.229,1.144,0.951,0.003,0.003,0.009,1.3368,-4.218,-6.494,0.0407,0.071,0.068,0.109,0
2387,2487.29,1582.86,17.1343,0.0013,0.838,0.908,0.422,0.013,0.015,0.029,-0.0844,-6.199,-0.596,0.1056,0.213,0.18,0.096,0
1192,2687.78,1942.54,15.9071,0.0005,0.967,0.852,0.35,0.003,0.003,0.005,0.5728,-7.87,-1.098,0.041,0.069,0.068,0.088,0
1190,2937.97,1459.45,15.8068,0.0009,1.206,1.12,0.727,0.003,0.003,0.021,0.48,0.367,-1.245,0.0364,0.065,0.064,0.082,0
1188,2400.22,2147.58,15.8234,0.0009,1.111,0.783,0.381,0.003,0.003,0.005,0.3231,-4.557,0.158,0.0418,0.063,0.059,0.074,0
3725,2246.93,1907.57,17.744,0.0013,1.443,1.1,0.476,0.007,0.007,0.02,0.3197,-6.312,-1.547,0.1107,0.173,0.163,0.07,0
1741,2167.25,1651.17,16.4083,0.0007,1.071,1.012,0.62,0.003,0.003,0.018,0.5906,-5.13,0.142,0.0547,0.101,0.082,0.066,0
1996,2530.07,1596.88,16.4965,0.0009,1.316,1.145,1.042,0.004,0.004,0.039,1.2406,-36.721,19.056,0.0575,0.103,0.093,0.066,0
2380,2350.8,2192.72,16.9487,0.0008,0.993,0.851,0.276,0.004,0.004,0.009,0.5079,-4.555,-1.33,0.0719,0.116,0.104,0.06,0
894,2013.31,1628.33,15.4111,0.0005,1.155,1.06,0.721,0.003,0.003,0.009,1.5681,-6.28,-2.671,0.0347,0.054,0.058,0.047,0
3750,2534.44,2192.23,17.853,0.0014,1.222,1.006,0.4,0.007,0.006,0.017,0.4001,-5.442,-0.073,0.1092,0.182,0.177,0.043,0
3382,2568.3,2027.4,17.6772,0.0011,1.033,0.872,0.303,0.005,0.005,0.015,0.6436,-3.897,-0.585,0.1081,0.184,0.168,0.024,0
906,2513.87,1933.98,15.5483,0.0005,0.925,0.757,0.137,0.003,0.002,0.004,0.6561,-5.483,-5.436,0.0347,0.062,0.054,0.017,0
4462,2603.34,1560.36,18.2635,0.0018,1.338,1.185,0.506,0.01,0.01,0.043,0.4892,-4.913,-0.348,0.1422,0.241,0.221,0.015,0
1143,2424.53,2237.07,15.8513,0.0005,0.922,0.766,0.227,0.004,0.003,0.005,0.3447,-3.965,-0.368,0.04,0.064,0.061,0.009,0
2565,2495.95,1288.54,17.1098,0.001,0.998,0.814,0.134,0.004,0.003,0.024,0.339,-1.597,0.573,0.0846,0.141,0.129,0.009,0
2870,2484.18,1898.1,17.2493,0.001,1.185,1.063,0.638,0.004,0.004,0.017,0.6413,-1.94,1.778,0.0779,0.127,0.121,0.002,0
675,2109.5,1570.09,15.1285,0.0059,1.221,0.878,0.253,0.005,0.004,0.007,nan,nan,nan,nan,nan,nan,0.0,0
1647,2583.46,1760.98,16.0522,0.0028,1.687,1.271,0.772,0.003,0.004,0.01,nan,nan,nan,nan,nan,nan,0.0,0
1577,2890.04,1565.53,16.2903,0.008,1.363,1.012,0.608,0.003,0.003,0.016,nan,nan,nan,nan,nan,nan,0.0,0
2040,2817.15,1568.95,16.7182,0.0055,1.164,0.993,0.434,0.004,0.004,0.022,nan,nan,nan,nan,nan,nan,0.0,0
2390,2646.88,1927.57,16.7982,0.0009,1.346,1.047,0.427,0.004,0.004,0.009,0.1941,-3.847,-1.807,0.0653,0.124,0.105,0.0,0
3433,2535.9,1704.42,17.6699,0.0012,1.151,0.905,0.258,0.005,0.005,0.018,0.3042,-5.658,-3.585,0.1027,0.166,0.164,0.0,0
2,2370.31,1524.68,8.4474,0.0006,0.065,0.035,-0.997,0.018,0.009,0.047,0.4,-6.171,0.742,0.0466,0.074,0.073,0.489,0
808,2705.38,1134.27,15.4027,0.0004,0.929,0.757,nan,0.003,0.002,nan,0.6587,-13.12,-3.104,0.032,0.051,0.051,0.26,-1
811,2682.1,2255.71,15.4068,0.0004,0.877,0.73,nan,0.003,0.003,nan,0.5075,-8.719,2.288,0.0322,0.059,0.053,0.62,-1
877,2901.01,1227.9,15.5102,0.0005,0.896,0.725,nan,0.003,0.002,nan,0.3388,-7.07,1.629,0.0321,0.054,0.055,0.64,-1
1066,3002.33,1363.71,15.7547,0.0005,0.962,0.834,nan,0.004,0.003,nan,0.7586,-4.299,1.246,0.0379,0.066,0.075,0.34,-1
1156,3111.47,1613.31,15.9098,0.0006,0.874,0.688,nan,0.003,0.002,nan,0.3232,-5.345,0.323,0.0369,0.064,0.066,0.19,-1
1158,2993.73,1369.73,15.9499,0.0044,1.021,0.925,nan,0.004,0.003,nan,0.3812,-2.696,0.086,0.5994,1.03,1.215,0.07,-1
1281,2424.37,1440.1,15.7082,0.0005,1.561,1.157,nan,0.003,0.003,nan,0.1183,-5.754,0.693,0.035,0.058,0.059,0.76,-1
1517,2398.63,1706.39,15.499,0.0005,2.235,1.991,nan,0.003,0.004,nan,0.165,-7.949,1.511,0.0423,0.069,0.067,0.74,-1
1646,2869.56,1537.63,15.5301,0.0005,2.378,2.068,nan,0.003,0.005,nan,0.1633,-4.565,-0.393,0.0429,0.072,0.072,0.02,-1
1699,2807.42,1167.82,16.3297,0.0009,1.216,1.101,nan,0.006,0.004,nan,0.2106,-9.505,2.389,0.0487,0.098,0.083,0.66,-1
1925,2845.84,1303.86,16.5346,0.0009,1.172,1.058,nan,0.004,0.003,nan,0.9332,-13.346,0.739,0.0543,0.11,0.087,0.22,-1
2042,2889.94,1676.16,15.8304,0.0005,2.434,2.047,nan,0.003,0.011,nan,0.1802,-10.909,4.367,0.0458,0.078,0.081,0.63,-1
2120,1940.93,1679.04,16.1645,0.0005,1.994,1.713,nan,0.003,0.005,nan,0.2082,-8.021,-0.873,0.0434,0.067,0.063,0.2,-1
2133,2347.3,1426.26,16.0863,0.0007,2.179,1.892,nan,0.005,0.008,nan,0.0732,-8.126,1.876,0.05,0.082,0.079,0.66,-1
2153,2504.82,1228.97,15.5389,0.0006,2.903,2.471,nan,0.003,0.008,nan,0.0144,-8.821,1.798,0.0574,0.098,0.089,0.73,-1
2237,2701.7,1252.09,16.8277,0.0009,1.065,0.921,nan,0.004,0.003,nan,0.5793,-8.955,0.287,0.0686,0.137,0.112,0.43,-1
2362,2479.58,1612.78,15.9994,0.0007,2.487,2.178,nan,0.004,0.009,nan,0.1441,-6.736,1.953,0.0478,0.078,0.077,0.59,-1
2655,3042.99,1499.98,16.5419,0.0008,2.123,1.823,nan,0.004,0.008,nan,0.2839,-8.922,2.458,0.0629,0.124,0.107,0.87,-1
2701,1973.42,1562.79,17.2081,0.0021,1.352,1.1,nan,0.015,0.013,nan,0.5777,-10.951,3.302,0.1106,0.181,0.153,0.55,-1
2714,2486.17,1616.63,16.4235,0.0008,2.322,2.027,nan,0.004,0.014,nan,0.0889,-4.388,0.785,0.0614,0.113,0.094,0.26,-1
2733,2257.99,1284.12,17.1057,0.001,1.314,1.216,nan,0.005,0.006,nan,0.821,-7.732,5.042,0.0737,0.119,0.115,0.2,-1
2742,2448.05,1419.18,16.0594,0.0007,2.83,2.451,nan,0.004,0.012,nan,-0.0157,-6.535,0.131,0.0598,0.114,0.093,0.24,-1
2918,2329.43,2102.1,17.1836,0.0009,1.353,1.231,nan,0.005,0.006,nan,0.8768,-0.364,-0.374,0.0794,0.129,0.124,0.24,-1
2934,3000.86,1489.8,17.283,0.0009,1.255,1.069,nan,0.004,0.004,nan,0.661,-16.106,4.716,0.0793,0.13,0.15,0.26,-1
2946,2367.47,1610.01,17.5222,0.0012,0.96,0.842,nan,0.013,0.02,nan,0.3751,-11.572,5.376,0.0887,0.143,0.138,0.59,-1
2969,2318.82,1987.43,16.1204,0.0006,2.928,2.505,nan,0.004,0.013,nan,0.0893,-5.863,0.745,0.0651,0.106,0.103,0.68,-1
2971,2865.97,1218.22,17.2661,0.0013,1.329,1.017,nan,0.005,0.006,nan,0.3432,-8.147,1.883,0.0757,0.128,0.123,0.67,-1
2973,2325.82,1144.96,17.0934,0.0009,1.66,1.302,nan,0.008,0.008,nan,0.0469,-7.933,1.093,0.0796,0.124,0.124,0.68,-1
2978,2708.45,1124.82,17.2925,0.0011,1.29,0.993,nan,0.007,0.006,nan,0.4225,-6.359,0.862,0.0819,0.131,0.125,0.56,-1
3016,2388.33,1314.17,16.9579,0.0011,1.931,1.579,nan,0.004,0.007,nan,1.7883,-28.193,3.402,0.0714,0.127,0.109,0.08,-1
3058,2000.06,1521.61,17.169,0.001,1.619,1.257,nan,0.004,0.006,nan,0.1064,-5.739,0.045,0.0846,0.135,0.126,0.18,-1
3140,2169.31,1515.72,17.4439,0.0009,1.166,0.972,nan,0.004,0.004,nan,0.1583,-9.533,0.744,0.0853,0.136,0.136,0.55,-1
3180,2315.85,1798.49,16.9222,0.001,2.134,1.504,nan,0.004,0.006,nan,2.3384,-22.448,9.819,0.0732,0.132,0.108,0.38,-1
3228,2524.4,1328.42,17.1514,0.0013,1.857,1.54,nan,0.004,0.007,nan,1.6537,-6.997,-6.713,0.0789,0.129,0.13,0.09,-1
3264,2816.46,1318.44,17.6051,0.0017,1.314,1.201,nan,0.019,0.017,nan,0.9329,1.019,-0.046,0.1028,0.179,0.162,0.18,-1
3345,2649.71,1331.4,16.9512,0.001,2.259,1.917,nan,0.004,0.009,nan,0.1648,-6.322,0.861,0.0894,0.158,0.13,0.57,-1
3377,2733.08,2061.8,16.7404,0.0008,2.552,2.164,nan,0.004,0.013,nan,0.1353,-6.314,2.036,0.0727,0.139,0.117,0.53,-1
3423,2162.98,1222.63,17.5163,0.0012,1.48,1.126,nan,0.004,0.006,nan,0.0065,-6.216,0.547,0.0993,0.148,0.146,0.46,-1
3455,2074.29,1625.83,17.6066,0.0025,1.461,1.227,nan,0.005,0.006,nan,0.5462,-6.397,1.525,0.1085,0.175,0.169,0.61,-1
3474,2881.61,1356.09,17.62,0.0014,1.617,1.28,nan,0.015,0.013,nan,0.1447,-3.103,-0.728,0.0929,0.16,0.151,0.0,-1
3548,2485.05,1413.73,17.529,0.0013,1.595,1.176,nan,0.004,0.009,nan,-0.0211,-8.869,1.702,0.1007,0.159,0.165,0.72,-1
3580,2763.29,1388.39,17.5335,0.0012,1.586,1.245,nan,0.006,0.008,nan,0.3197,-4.4,0.741,0.088,0.148,0.144,0.11,-1
3583,2408.02,2229.33,16.7527,0.0007,2.665,2.121,nan,0.005,0.014,nan,0.0831,-5.339,0.698,0.0751,0.128,0.106,0.56,-1
3602,2946.46,1297.43,17.7846,0.0013,1.174,1.059,nan,0.008,0.006,nan,0.3619,-6.413,0.381,0.1215,0.198,0.211,0.42,-1
3609,2413.61,1228.16,17.7297,0.0023,1.404,1.087,nan,0.005,0.008,nan,-0.3795,-7.4,-0.987,0.183,0.291,0.271,0.18,-1
3673,2473.46,1473.86,17.7049,0.0012,1.447,1.083,nan,0.005,0.006,nan,0.3267,-7.237,2.007,0.1,0.165,0.173,0.74,-1
3726,2886.1,1830.69,17.575,0.0014,1.681,1.289,nan,0.005,0.007,nan,0.2506,-7.019,1.485,0.094,0.154,0.153,0.64,-1
3760,2652.89,2243.63,17.8049,0.0016,1.266,1.02,nan,0.006,0.007,nan,-0.0128,-5.45,-0.049,0.1311,0.23,0.189,0.12,-1
3774,2608.69,1594.18,17.9738,0.0015,1.232,1.089,nan,0.02,0.011,nan,0.3235,-4.452,0.51,0.1234,0.197,0.198,0.08,-1
3787,2376.11,1395.06,17.7954,0.0014,1.566,1.119,nan,0.013,0.018,nan,0.1789,-6.777,-2.297,0.1063,0.177,0.165,0.04,-1
3821,2008.31,1426.29,17.9451,0.0016,1.25,1.143,nan,0.013,0.01,nan,0.472,-8.635,-0.073,0.1513,0.245,0.204,0.34,-1
3822,2556.41,1752.7,17.819,0.0014,1.337,1.183,nan,0.007,0.009,nan,0.6015,-7.006,-0.147,0.1061,0.172,0.167,0.22,-1
3835,2778.41,1152.72,17.7332,0.0015,1.581,1.208,nan,0.006,0.007,nan,0.4277,-6.477,1.737,0.1015,0.175,0.163,0.69,-1
3840,2506.66,1197.35,17.8679,0.0015,1.28,1.187,nan,0.007,0.008,nan,0.4063,-7.11,0.739,0.1225,0.189,0.183,0.47,-1
3847,3039.44,1449.18,17.9131,0.0014,1.28,1.148,nan,0.006,0.007,nan,0.6103,-7.873,1.803,0.1211,0.194,0.195,0.61,-1
3857,2303.86,1618.49,17.7744,0.0013,1.463,1.368,nan,0.006,0.009,nan,0.6129,-11.099,3.024,0.1055,0.177,0.163,0.5,-1
3859,2201.04,1414.47,17.7221,0.0013,1.646,1.315,nan,0.005,0.007,nan,0.339,-8.557,-0.168,0.1026,0.165,0.161,0.26,-1
3863,2499.78,1561.18,17.803,0.0014,1.445,1.294,nan,0.006,0.009,nan,0.4675,-10.334,4.743,0.1252,0.201,0.205,0.19,-1
3878,2003.71,1532.74,17.9725,0.0057,1.381,1.173,nan,0.006,0.008,nan,-5.2102,4.121,-7.791,0.7157,1.076,1.028,0.24,-1
3881,2805.83,1671.44,18.3292,0.0049,1.604,1.202,nan,0.019,0.015,nan,-0.7902,-7.763,-6.353,0.3866,0.703,0.715,0.14,-1
3886,2271.99,2023.44,17.6927,0.0014,1.638,1.254,nan,0.006,0.008,nan,0.3572,-4.469,1.46,0.1064,0.174,0.167,0.18,-1
3913,2575.12,1549.85,18.2415,0.003,1.437,1.237,nan,0.027,0.019,nan,0.3756,-6.757,0.185,0.2166,0.37,0.321,0.29,-1
3920,2437.21,1401.15,17.9254,0.0015,1.24,1.107,nan,0.007,0.009,nan,0.7013,-10.802,0.754,0.1222,0.192,0.182,0.23,-1
3958,3033.78,1678.77,17.7895,0.0013,1.581,1.384,nan,0.005,0.008,nan,0.7353,-12.346,2.835,0.1012,0.171,0.176,0.33,-1
3960,2772.58,1233.78,17.8779,0.0016,1.472,1.147,nan,0.005,0.008,nan,0.4244,-6.0,1.035,0.1131,0.184,0.175,0.37,-1
3981,2678.96,2163.88,18.0063,0.0016,1.255,1.146,nan,0.008,0.007,nan,0.7012,-13.215,2.901,0.1262,0.222,0.202,0.22,-1
3986,2578.98,1117.23,18.0035,0.0015,1.267,1.154,nan,0.007,0.006,nan,0.5732,-18.908,-0.947,0.1289,0.214,0.215,0.3,-1
3995,2229.02,1453.02,17.9629,0.0018,1.381,1.154,nan,0.005,0.007,nan,0.2857,-4.492,2.097,0.1455,0.232,0.224,0.53,-1
3999,2457.62,1542.15,17.8694,0.0014,1.494,1.161,nan,0.006,0.007,nan,0.2134,-6.989,-0.797,0.133,0.241,0.237,0.11,-1
4014,2195.37,1459.38,17.9058,0.0016,1.402,1.296,nan,0.006,0.008,nan,0.6885,-9.162,3.035,0.1279,0.214,0.201,0.19,-1
4017,2807.75,1574.28,17.8905,0.0014,1.443,1.268,nan,0.007,0.01,nan,0.4883,-14.415,6.363,0.1091,0.185,0.19,0.5,-1
4030,2864.21,1476.83,17.5579,0.0012,2.027,1.545,nan,0.005,0.012,nan,0.1783,-7.215,1.86,0.1001,0.172,0.175,0.71,-1
4047,2641.95,1299.52,18.0575,0.0017,1.186,0.993,nan,0.007,0.007,nan,0.5142,-4.474,-0.456,0.1407,0.231,0.214,0.03,-1
4054,2953.95,1560.17,17.9496,0.0014,1.446,1.134,nan,0.006,0.009,nan,0.3499,-9.744,3.632,0.1326,0.212,0.232,0.44,-1
4065,2805.63,1249.09,17.1903,0.0012,2.569,2.172,nan,0.005,0.019,nan,0.0672,-7.365,1.646,0.0947,0.16,0.146,0.76,-1
4068,2179.36,2052.76,17.6505,0.0014,1.896,1.526,nan,0.007,0.011,nan,1.1626,-16.782,-1.264,0.1028,0.165,0.146,0.27,-1
4077,2384.73,1959.22,17.8352,0.0013,1.583,1.22,nan,0.005,0.008,nan,0.2268,-7.261,1.699,0.1208,0.192,0.175,0.69,-1
4102,2689.91,1251.96,17.9851,0.0046,1.7,1.341,nan,0.015,0.017,nan,-1.5423,-10.368,-4.705,0.2851,0.458,0.463,0.36,-1
4107,2680.57,2194.64,18.0997,0.0018,1.315,1.09,nan,0.013,0.009,nan,0.3299,-7.028,1.237,0.132,0.246,0.213,0.65,-1
4110,2687.79,1508.0,17.6736,0.0014,1.902,1.483,nan,0.006,0.011,nan,-0.028,-4.106,1.282,0.0916,0.154,0.153,0.35,-1
4115,2088.49,1875.81,18.0911,0.002,1.169,1.073,nan,0.007,0.011,nan,0.4686,-8.357,1.751,0.1367,0.236,0.202,0.64,-1
4139,2069.62,1377.4,18.0705,0.0017,1.289,1.074,nan,0.006,0.008,nan,0.3371,-4.701,0.307,0.153,0.233,0.204,0.06,-1
4151,3065.91,1706.57,17.8504,0.0018,1.877,1.665,nan,0.023,0.018,nan,0.2139,-2.697,0.618,0.1575,0.258,0.484,0.0,-1
4163,2140.05,1568.54,17.8482,0.0014,1.691,1.389,nan,0.005,0.01,nan,0.2959,-8.492,0.771,0.1163,0.192,0.182,0.48,-1
4175,2695.27,1278.44,17.8744,0.0015,1.642,1.304,nan,0.006,0.008,nan,0.4421,-6.3,-2.04,0.1253,0.213,0.2,0.06,-1
4183,2360.5,1731.56,18.0465,0.0017,1.292,1.185,nan,0.007,0.008,nan,0.2681,-6.528,2.295,0.1299,0.22,0.204,0.63,-1
4196,2278.58,1716.29,18.0724,0.0016,1.281,1.164,nan,0.006,0.007,nan,0.5832,-6.007,1.951,0.1277,0.211,0.2,0.57,-1
4198,2835.12,1250.31,17.9259,0.0015,1.595,1.261,nan,0.006,0.009,nan,0.1587,-8.368,1.724,0.1237,0.208,0.202,0.7,-1
4205,2615.48,1649.75,17.8625,0.0014,1.713,1.25,nan,0.005,0.009,nan,0.0451,-6.085,0.689,0.115,0.203,0.184,0.55,-1
4237,2699.34,2148.21,17.8485,0.0014,1.794,1.383,nan,0.007,0.01,nan,-0.0243,-7.955,1.104,0.1107,0.19,0.181,0.66,-1
4239,2183.12,1316.6,18.0519,0.0018,1.494,1.141,nan,0.005,0.011,nan,0.3629,-7.093,2.064,0.1362,0.224,0.224,0.72,-1
4242,2246.16,2087.96,17.9723,0.0015,1.531,1.169,nan,0.007,0.008,nan,0.0297,-5.5,1.803,0.126,0.202,0.196,0.49,-1
4258,2662.44,1504.96,18.0119,0.0015,1.504,1.384,nan,0.006,0.011,nan,0.405,-10.16,-2.374,0.1164,0.196,0.191,0.2,-1
4277,2615.31,1206.63,18.1124,0.0017,1.451,1.174,nan,0.007,0.01,nan,0.3181,-9.56,1.262,0.1425,0.249,0.219,0.48,-1
4303,2348.69,2131.01,17.9246,0.0046,1.887,1.437,nan,0.009,0.011,nan,-1.1548,-7.582,-0.309,0.4435,0.661,0.594,0.34,-1
4304,2537.25,2149.68,18.1198,0.0018,1.313,1.206,nan,0.006,0.009,nan,0.5449,-5.002,4.24,0.1413,0.246,0.218,0.26,-1
4320,2951.85,1951.77,17.1519,0.0009,2.789,2.406,nan,0.007,0.028,nan,0.0616,-6.701,1.296,0.0817,0.142,0.164,0.56,-1
4323,3034.94,1601.78,18.1725,0.0015,1.285,1.172,nan,0.006,0.008,nan,0.6183,-11.49,1.698,0.1283,0.227,0.251,0.59,-1
4332,2099.31,2087.68,18.0967,0.0016,1.394,1.171,nan,0.007,0.007,nan,0.2333,-11.471,1.155,0.1357,0.214,0.197,0.62,-1
4343,2421.12,1615.35,17.0163,0.001,2.945,2.539,nan,0.007,0.039,nan,-0.0275,-5.141,1.641,0.0822,0.136,0.137,0.48,-1
4374,2508.39,1908.86,17.935,0.0015,1.705,1.335,nan,0.008,0.011,nan,0.1429,-9.149,2.472,0.1214,0.213,0.182,0.79,-1
4380,2675.21,1198.66,18.0892,0.0018,1.634,1.277,nan,0.006,0.012,nan,0.5622,-6.524,2.113,0.167,0.285,0.247,0.66,-1
4384,2846.79,2019.9,18.2203,0.0021,1.226,1.127,nan,0.007,0.009,nan,0.2793,-10.814,3.189,0.1466,0.259,0.274,0.64,-1
4412,2783.19,1349.88,18.2528,0.0016,1.26,1.082,nan,0.008,0.008,nan,0.4828,-5.643,0.166,0.1435,0.251,0.244,0.11,-1
4419,2081.14,1530.76,18.2672,0.0021,1.195,1.06,nan,0.008,0.009,nan,0.4385,-4.6,0.566,0.1479,0.24,0.236,0.08,-1
4458,2735.91,1539.82,18.3038,0.0025,1.291,1.12,nan,0.007,0.008,nan,0.3976,-5.616,1.057,0.1417,0.248,0.229,0.39,-1
4463,2553.29,1292.57,18.2344,0.0018,1.328,1.22,nan,0.006,0.011,nan,0.6164,-8.259,2.332,0.1511,0.256,0.243,0.46,-1
4466,2640.64,1646.42,18.09,0.0016,1.656,1.286,nan,0.01,0.013,nan,0.2487,-6.644,0.551,0.1271,0.224,0.208,0.53,-1
4481,2805.5,1595.56,18.3186,0.0018,1.246,1.126,nan,0.012,0.01,nan,0.4597,-6.752,1.56,0.144,0.256,0.241,0.63,-1
4492,2015.79,1931.23,18.0452,0.0019,1.692,1.399,nan,0.006,0.011,nan,0.7719,-7.926,3.188,0.1329,0.217,0.205,0.3,-1
4507,2464.9,1188.49,18.0129,0.0018,1.75,1.41,nan,0.007,0.011,nan,0.2462,-7.326,1.069,0.1282,0.199,0.19,0.63,-1
4519,2561.02,1747.8,18.1863,0.0019,1.49,1.209,nan,0.009,0.014,nan,0.3766,-9.476,2.041,0.149,0.251,0.227,0.57,-1
4563,2175.86,1368.33,18.2352,0.0017,1.454,1.216,nan,0.007,0.019,nan,0.2629,-7.795,0.858,0.1566,0.263,0.22,0.51,-1
4566,2554.93,2101.69,18.1245,0.0018,1.633,1.256,nan,0.01,0.011,nan,0.1734,-5.641,1.101,0.1421,0.246,0.223,0.49,-1
4570,2458.92,1364.8,18.0945,0.0016,1.735,1.365,nan,0.007,0.014,nan,0.368,-4.481,-0.432,0.1357,0.238,0.205,0.01,-1
4582,2291.62,2118.13,17.2274,0.001,2.86,2.415,nan,0.006,0.027,nan,0.1097,-6.21,3.389,0.0872,0.138,0.132,0.18,-1
4602,2950.28,1918.73,18.1146,0.0018,1.701,1.282,nan,0.006,0.013,nan,0.141,-4.977,1.114,0.139,0.259,0.267,0.34,-1
4622,2752.36,1397.48,18.2316,0.0017,1.509,1.168,nan,0.007,0.008,nan,0.0554,-8.546,2.539,0.1401,0.238,0.223,0.62,-1
4634,2160.11,2034.36,18.1668,0.0018,1.617,1.27,nan,0.007,0.011,nan,0.5669,-5.859,1.052,0.163,0.273,0.229,0.33,-1
4640,2568.32,1767.3,18.1374,0.0017,1.676,1.287,nan,0.008,0.011,nan,0.409,-7.846,1.435,0.1294,0.217,0.202,0.67,-1
4646,2922.26,1317.42,18.1205,0.0016,1.813,1.455,nan,0.006,0.013,nan,0.13,-7.63,2.313,0.1271,0.222,0.222,0.75,-1
4673,2315.67,1760.84,18.2429,0.0018,1.549,1.209,nan,0.006,0.011,nan,0.4154,-4.183,0.48,0.139,0.233,0.217,0.07,-1
4681,2078.27,1413.98,18.4175,0.0026,1.245,1.072,nan,0.009,0.017,nan,1.5941,-1.756,0.524,0.2494,0.402,0.308,0.09,-1
4685,2564.13,2060.87,18.2459,0.0018,1.612,1.204,nan,0.008,0.015,nan,0.7175,-8.337,0.976,0.145,0.253,0.236,0.55,-1
4690,2757.84,1728.42,18.41,0.0019,1.278,1.187,nan,0.008,0.011,nan,0.4961,-5.957,-0.116,0.1642,0.285,0.273,0.08,-1
4692,2601.77,1905.54,18.4198,0.0022,1.254,1.096,nan,0.008,0.009,nan,0.1466,-5.894,-0.233,0.1761,0.305,0.263,0.09,-1
4702,2470.56,1562.44,18.2399,0.0021,1.684,1.357,nan,0.013,0.018,nan,0.3547,-5.513,0.575,0.1707,0.288,0.286,0.33,-1
4704,2027.5,1453.24,18.2275,0.0017,1.616,1.401,nan,0.007,0.012,nan,0.2925,-7.472,-1.371,0.1565,0.259,0.225,0.12,-1
4706,2777.03,1184.81,18.3439,0.0018,1.399,1.135,nan,0.009,0.011,nan,0.2781,-3.819,-1.177,0.1444,0.267,0.236,0.0,-1
4716,2580.15,1375.52,18.3591,0.0029,1.577,1.306,nan,0.013,0.013,nan,-0.8082,-7.577,0.815,0.2028,0.359,0.329,0.52,-1
4718,2497.15,1297.25,18.0936,0.0018,1.855,1.407,nan,0.008,0.018,nan,0.4003,-6.399,1.728,0.1341,0.22,0.208,0.67,-1
4721,2881.8,1705.83,18.2902,0.0017,1.611,1.231,nan,0.009,0.013,nan,0.0964,-7.271,1.433,0.1401,0.247,0.251,0.71,-1
4725,2780.87,1544.29,18.3696,0.0019,1.374,1.249,nan,0.014,0.017,nan,0.2767,-4.445,-3.998,0.1507,0.256,0.242,0.04,-1
4736,2820.9,1461.72,18.1874,0.0017,1.775,1.376,nan,0.006,0.012,nan,0.2128,-3.824,2.744,0.1363,0.233,0.217,0.38,-1
4747,2305.43,1900.97,18.2735,0.0021,1.605,1.211,nan,0.008,0.011,nan,0.5446,-6.711,1.114,0.1802,0.376,0.295,0.52,-1
4751,2453.84,1580.78,18.3529,0.0018,1.295,1.107,nan,0.013,0.013,nan,0.0922,-4.027,1.524,0.1641,0.285,0.283,0.34,-1
4754,2511.31,2047.18,18.2459,0.0017,1.649,1.297,nan,0.007,0.01,nan,0.4577,-6.684,1.465,0.1437,0.251,0.221,0.6,-1
4765,2577.0,1877.27,18.2149,0.0018,1.674,1.433,nan,0.008,0.016,nan,0.1768,-8.03,2.598,0.1473,0.256,0.235,0.6,-1
4775,2660.46,2161.24,18.1081,0.002,1.936,1.506,nan,0.007,0.018,nan,0.1593,-4.367,1.75,0.1793,0.314,0.3,0.39,-1
4786,2820.02,1380.12,18.4726,0.002,1.342,1.203,nan,0.007,0.018,nan,0.3077,-5.193,1.817,0.1617,0.268,0.258,0.45,-1
4796,2729.49,1445.36,18.3254,0.0017,1.607,1.23,nan,0.007,0.014,nan,0.26,-6.105,1.733,0.1395,0.245,0.228,0.6,-1
4797,2574.67,1571.3,18.305,0.0017,1.638,1.402,nan,0.007,0.015,nan,0.4674,-12.828,1.922,0.15,0.245,0.225,0.36,-1
4800,2677.97,1504.43,18.3178,0.0017,1.73,1.383,nan,0.012,0.014,nan,0.2639,-9.312,1.44,0.1388,0.241,0.227,0.59,-1
4802,3021.44,1810.51,18.4231,0.002,1.442,1.118,nan,0.008,0.011,nan,0.2233,-8.156,3.516,0.1761,0.317,0.291,0.43,-1
4807,2281.39,1969.68,18.3169,0.0019,1.589,1.181,nan,0.008,0.009,nan,0.3144,-4.457,2.14,0.1753,0.287,0.256,0.52,-1
4813,2633.84,1922.07,18.5925,0.0032,1.198,1.208,nan,0.016,0.017,nan,0.0366,-3.056,-1.084,0.2148,0.375,0.341,0.0,-1
4833,2214.88,1542.03,18.6432,0.0041,1.486,1.25,nan,0.008,0.011,nan,0.4071,-7.205,-0.466,0.438,0.752,0.691,0.22,-1
4843,2457.57,1721.91,18.4786,0.0018,1.343,1.24,nan,0.008,0.014,nan,0.1063,-4.403,1.969,0.1639,0.273,0.253,0.48,-1
4847,2890.38,1256.48,18.3546,0.0018,1.605,1.331,nan,0.007,0.012,nan,0.2868,-8.93,0.911,0.1721,0.301,0.265,0.42,-1
4853,2715.47,1400.94,18.5217,0.002,1.289,1.067,nan,0.007,0.013,nan,0.2787,-6.88,2.64,0.1685,0.289,0.27,0.58,-1
4860,2330.33,1797.72,18.5013,0.0027,1.512,1.335,nan,0.02,0.017,nan,0.189,-5.676,0.199,0.1898,0.32,0.271,0.2,-1
4870,2679.79,1537.68,18.4184,0.0031,1.773,1.43,nan,0.011,0.015,nan,-0.7361,-7.622,-0.397,0.2152,0.373,0.345,0.37,-1
4892,2741.41,1402.05,18.4413,0.0019,1.498,1.329,nan,0.008,0.017,nan,0.3883,-12.933,1.458,0.162,0.276,0.261,0.4,-1
4894,2527.64,1689.51,18.2987,0.0017,1.742,1.37,nan,0.007,0.011,nan,0.5583,-6.973,1.818,0.1483,0.247,0.233,0.65,-1
4897,2392.62,1192.3,18.4171,0.0026,1.526,1.327,nan,0.008,0.013,nan,0.4674,-7.109,1.177,0.1842,0.302,0.258,0.57,-1
4919,2405.9,1289.78,18.4653,0.0027,1.588,1.176,nan,0.008,0.015,nan,-0.8952,-8.125,1.248,0.2288,0.398,0.33,0.48,-1
4939,2955.56,1897.64,18.5545,0.0035,1.514,1.275,nan,0.008,0.019,nan,0.5293,-6.531,5.175,0.3648,0.645,0.769,0.23,-1
4944,2930.24,2004.9,18.5213,0.002,1.405,1.279,nan,0.011,0.017,nan,0.2679,-8.231,-5.694,0.1856,0.366,0.427,0.13,-1
4949,3100.33,1756.22,18.5867,0.0021,1.348,1.195,nan,0.008,0.011,nan,0.4998,-6.678,1.086,0.1741,0.297,0.296,0.53,-1
4954,2741.16,1243.22,18.5782,0.0021,1.466,1.251,nan,0.012,0.013,nan,0.4926,-10.481,6.512,0.1706,0.291,0.268,0.32,-1
4974,2225.8,1975.5,18.935,0.0071,1.689,1.303,nan,0.018,0.018,nan,6.1012,-0.147,3.353,0.6982,1.119,0.942,0.25,-1
4975,2266.89,1150.64,18.5252,0.0022,1.55,1.375,nan,0.014,0.019,nan,0.7752,-16.919,3.318,0.1828,0.301,0.287,0.07,-1
4978,2883.25,2001.56,18.2144,0.0019,1.999,1.631,nan,0.006,0.017,nan,1.0326,-9.344,3.584,0.1485,0.264,0.237,0.27,-1
4979,2463.06,2103.3,18.2648,0.002,1.901,1.429,nan,0.008,0.013,nan,0.2677,-5.166,1.194,0.1589,0.266,0.232,0.37,-1
4983,2543.07,1300.84,18.2492,0.0017,1.927,1.533,nan,0.007,0.016,nan,0.1676,-6.657,1.313,0.1511,0.259,0.241,0.6,-1
4984,2730.34,2095.21,18.4889,0.002,1.491,1.261,nan,0.009,0.013,nan,-0.0257,-10.315,0.779,0.1757,0.302,0.269,0.4,-1
4986,2152.73,1558.94,18.4029,0.002,1.662,1.261,nan,0.007,0.015,nan,0.2772,-5.354,1.36,0.1592,0.267,0.248,0.42,-1
5002,2507.52,1182.15,18.5665,0.0022,1.459,1.218,nan,0.009,0.016,nan,0.1773,-6.426,2.157,0.2121,0.339,0.302,0.61,-1
5014,2844.94,2158.54,18.565,0.0021,1.484,1.225,nan,0.007,0.014,nan,0.2984,-9.209,0.561,0.1775,0.313,0.279,0.43,-1
5019,2425.96,1702.97,18.3423,0.0019,1.92,1.621,nan,0.01,0.019,nan,0.2702,-7.258,0.705,0.1561,0.263,0.246,0.45,-1
5036,2258.16,1331.43,18.7066,0.0025,1.489,1.14,nan,0.01,0.028,nan,0.8274,-8.449,4.825,0.2031,0.357,0.329,0.14,-1
5037,2224.8,1563.82,18.2766,0.0018,2.03,1.439,nan,0.008,0.018,nan,0.3651,-6.528,1.558,0.1834,0.305,0.268,0.62,-1
5038,2334.22,1689.91,18.5022,0.002,1.597,1.162,nan,0.008,0.016,nan,0.318,-7.393,0.503,0.1689,0.283,0.259,0.33,-1
5040,2290.84,1254.21,18.3101,0.0018,1.965,1.618,nan,0.007,0.016,nan,0.8562,-7.931,-4.573,0.1492,0.246,0.232,0.12,-1
5046,2257.64,1892.32,18.3715,0.0022,1.87,1.516,nan,0.015,0.025,nan,1.4218,-3.396,-4.318,0.1744,0.351,0.263,0.07,-1
5051,2575.11,2246.56,18.503,0.002,1.653,1.292,nan,0.008,0.016,nan,0.1716,-6.007,2.214,0.1948,0.327,0.277,0.56,-1
5058,2996.69,1438.37,18.6906,0.0026,1.55,1.267,nan,0.017,0.016,nan,0.2653,-6.189,1.71,0.2147,0.332,0.355,0.58,-1
5071,2067.95,1807.76,18.5871,0.0026,1.562,1.215,nan,0.011,0.013,nan,0.2348,-10.022,0.173,0.2037,0.356,0.296,0.22,-1
5080,2190.39,1579.76,18.6499,0.0021,1.407,1.138,nan,0.011,0.014,nan,0.383,-7.55,-3.192,0.1935,0.319,0.296,0.12,-1
5099,2358.08,2259.41,18.431,0.0019,1.769,1.274,nan,0.008,0.013,nan,0.0636,-7.286,1.163,0.2316,0.351,0.271,0.63,-1
5100,2413.36,2177.74,18.3086,0.0017,1.941,1.437,nan,0.009,0.017,nan,0.223,-6.313,1.273,0.1662,0.267,0.223,0.53,-1
5106,2465.19,1246.67,18.5175,0.0024,1.682,1.332,nan,0.009,0.023,nan,0.0994,-4.878,0.508,0.1677,0.29,0.251,0.17,-1
5124,2557.12,1759.58,18.5163,0.0024,1.652,1.274,nan,0.01,0.016,nan,0.8916,-4.205,0.605,0.1779,0.312,0.278,0.17,-1
5129,3005.08,1389.34,18.7188,0.0022,1.402,1.212,nan,0.01,0.013,nan,0.4429,-4.309,2.009,0.2067,0.343,0.376,0.41,-1
5136,2706.69,1579.15,18.489,0.0018,1.752,1.401,nan,0.008,0.018,nan,0.1252,-7.896,0.371,0.1593,0.278,0.257,0.31,-1
5146,2925.1,1742.62,18.5145,0.0023,1.721,1.465,nan,0.009,0.02,nan,0.2514,-6.495,1.435,0.178,0.285,0.278,0.59,-1
5148,2113.02,1601.55,18.6525,0.0022,1.448,1.328,nan,0.009,0.028,nan,0.3714,-10.487,2.066,0.183,0.308,0.283,0.6,-1
5153,3065.59,1472.42,18.7616,0.0022,1.397,1.164,nan,0.011,0.097,nan,0.2562,-8.053,7.127,0.2034,0.353,0.359,0.11,-1
5159,2565.18,1975.25,18.562,0.0024,1.672,1.304,nan,0.009,0.016,nan,0.3358,-7.867,1.384,0.1867,0.381,0.284,0.69,-1
5163,2712.2,2215.12,18.6898,0.003,2.208,1.326,nan,0.055,0.025,nan,-0.1658,-7.591,1.642,0.2605,0.498,0.37,0.69,-1
5164,2482.44,1454.74,18.6039,0.0026,1.64,1.253,nan,0.009,0.019,nan,-0.6221,-7.217,1.207,0.1863,0.32,0.325,0.57,-1
5180,2452.11,1322.05,18.6684,0.0024,1.5,1.223,nan,0.007,0.015,nan,-0.0098,-6.001,1.46,0.2165,0.361,0.316,0.54,-1
5185,2259.32,1270.17,18.7138,0.0025,1.48,1.214,nan,0.011,0.016,nan,0.4788,-6.494,0.895,0.191,0.31,0.296,0.52,-1
5201,2344.69,1300.53,18.5104,0.0021,1.835,1.402,nan,0.007,0.02,nan,0.4765,-7.27,3.439,0.187,0.323,0.29,0.45,-1
5234,2979.1,1359.4,18.5709,0.0019,1.774,1.397,nan,0.01,0.019,nan,0.097,-6.336,1.029,0.1707,0.3,0.299,0.54,-1
5236,3046.17,1522.46,18.7535,0.0021,1.427,1.223,nan,0.012,0.017,nan,0.5177,-6.761,-1.276,0.1872,0.328,0.337,0.18,-1
5244,2833.25,1902.46,18.8868,0.003,1.67,1.406,nan,0.026,0.024,nan,0.4279,-9.485,1.445,0.2423,0.428,0.447,0.53,-1
5248,2784.13,1403.76,18.7244,0.0021,1.5,1.208,nan,0.009,0.016,nan,-0.0049,-4.664,-0.06,0.179,0.31,0.294,0.04,-1
5255,2407.27,2198.58,18.5103,0.0021,1.806,1.409,nan,0.01,0.019,nan,0.218,-7.625,0.265,0.1784,0.285,0.252,0.23,-1
5266,2278.11,1890.8,18.6504,0.0025,1.637,1.275,nan,0.008,0.016,nan,0.247,-5.989,1.02,0.1919,0.382,0.292,0.49,-1
5282,2315.52,1580.8,18.7055,0.0024,1.525,1.034,nan,0.012,0.029,nan,0.3115,-5.296,3.892,0.2011,0.33,0.319,0.19,-1
5283,2786.64,2199.27,18.7429,0.0025,1.754,1.262,nan,0.02,0.022,nan,0.2097,-6.12,1.194,0.2024,0.351,0.318,0.51,-1
5301,2390.97,1774.0,18.8081,0.0029,1.371,1.221,nan,0.014,0.018,nan,0.314,-13.949,4.89,0.1972,0.33,0.348,0.54,-1
5303,2183.51,1601.37,18.7482,0.0024,1.497,1.26,nan,0.012,0.015,nan,0.274,-8.584,2.065,0.1961,0.325,0.307,0.72,-1
5305,2645.15,1811.2,18.7769,0.0028,1.62,1.208,nan,0.014,0.026,nan,0.4884,-5.748,1.618,0.2487,0.433,0.378,0.48,-1
5316,2519.31,1254.66,18.7583,0.0026,1.575,1.308,nan,0.009,0.018,nan,0.6398,-5.547,-0.059,0.2013,0.348,0.356,0.07,-1
5327,2257.86,1850.16,18.6897,0.0024,1.661,1.255,nan,0.008,0.016,nan,0.4401,-8.079,1.055,0.1994,0.327,0.295,0.61,-1
5333,2805.99,2114.3,18.7345,0.0028,1.534,1.213,nan,0.011,0.015,nan,0.349,-4.612,1.312,0.2437,0.36,0.331,0.22,-1
5338,2614.36,1467.32,18.3295,0.002,2.219,1.713,nan,0.01,0.022,nan,0.273,-7.761,0.094,0.1546,0.268,0.233,0.17,-1
5343,2472.23,1500.45,18.333,0.0017,2.234,1.618,nan,0.009,0.028,nan,0.0559,-5.374,0.887,0.1603,0.272,0.272,0.48,-1
5358,2543.71,2171.56,18.6672,0.0023,1.7,1.3,nan,0.011,0.017,nan,0.3162,-7.415,1.588,0.1955,0.361,0.317,0.69,-1
5362,2715.36,1264.72,18.7184,0.0023,1.656,1.258,nan,0.011,0.016,nan,0.0828,-7.548,0.711,0.2162,0.374,0.316,0.47,-1
5367,3018.53,1509.74,18.4987,0.0024,2.319,1.745,nan,0.017,0.027,nan,0.5165,-5.584,1.407,0.1699,0.295,0.31,0.4,-1
5369,2180.44,1631.33,18.6661,0.0026,1.761,1.394,nan,0.009,0.018,nan,0.6941,-8.404,1.157,0.2049,0.364,0.35,0.57,-1
5378,2930.36,1815.0,18.9217,0.0035,1.499,1.158,nan,0.029,0.024,nan,0.4474,-9.443,3.843,0.2207,0.446,0.404,0.43,-1
5386,2645.98,2254.61,18.795,0.0053,1.738,1.365,nan,0.01,0.017,nan,-0.8293,-10.324,4.611,0.4273,0.774,0.613,0.53,-1
5391,2834.4,1998.52,18.7621,0.0036,1.642,1.422,nan,0.017,0.017,nan,-0.47,-8.21,0.308,0.2268,0.383,0.353,0.43,-1
5393,2575.57,1340.41,18.7783,0.0024,1.556,1.221,nan,0.009,0.017,nan,0.1679,-5.381,0.714,0.2192,0.364,0.336,0.37,-1
5394,2596.03,2033.13,18.7592,0.0024,1.62,1.265,nan,0.01,0.017,nan,0.3918,-6.821,-0.138,0.21,0.369,0.337,0.19,-1
5402,2471.95,1567.74,18.7868,0.0047,1.475,1.41,nan,0.019,0.04,nan,0.6351,-2.745,-0.532,0.2274,0.423,0.351,0.01,-1
5417,2880.27,2054.34,18.6471,0.0024,1.813,1.517,nan,0.009,0.019,nan,1.0048,-14.873,8.067,0.1909,0.39,0.304,0.07,-1
5419,2327.08,1786.22,18.7748,0.0025,1.722,1.394,nan,0.011,0.016,nan,0.443,-6.789,3.794,0.2214,0.366,0.332,0.3,-1
5420,2704.86,2106.53,18.4491,0.0021,2.073,1.645,nan,0.008,0.024,nan,0.4388,-6.051,1.418,0.1757,0.303,0.277,0.51,-1
5426,2476.94,1595.48,18.6657,0.0023,1.736,1.432,nan,0.012,0.041,nan,0.3957,-6.464,1.097,0.2151,0.384,0.361,0.52,-1
5429,2572.65,1640.89,18.5858,0.002,1.92,1.547,nan,0.011,0.024,nan,0.425,-5.544,0.903,0.1965,0.348,0.329,0.36,-1
5431,2023.46,1889.1,18.4999,0.0021,2.067,1.628,nan,0.008,0.023,nan,0.114,-5.349,-0.107,0.1689,0.271,0.245,0.06,-1
5433,2349.48,1934.16,18.759,0.0024,1.652,1.279,nan,0.01,0.017,nan,0.1691,-6.078,0.711,0.2127,0.349,0.312,0.48,-1
5438,2733.07,1702.28,18.796,0.0027,1.669,1.322,nan,0.012,0.018,nan,0.4366,-5.451,-0.826,0.2185,0.392,0.376,0.02,-1
5450,2129.18,1682.59,18.7547,0.0033,1.804,1.436,nan,0.04,0.023,nan,0.2171,-9.2,-3.896,0.2083,0.359,0.381,0.09,-1
5458,2569.52,1398.75,18.7837,0.0021,1.693,1.354,nan,0.01,0.018,nan,-0.1686,-8.869,1.567,0.2089,0.34,0.321,0.7,-1
5460,2765.81,1212.59,18.784,0.0026,1.685,1.31,nan,0.012,0.024,nan,0.1882,-7.654,1.637,0.1929,0.329,0.317,0.73,-1
5461,2677.2,1948.94,18.8285,0.0043,1.792,1.349,nan,0.014,0.026,nan,-0.8845,-4.013,-0.647,0.3287,0.577,0.515,0.04,-1
5462,2952.74,1362.35,18.9544,0.0027,1.381,1.171,nan,0.012,0.015,nan,0.4154,-4.22,2.176,0.2224,0.364,0.401,0.43,-1
5476,2507.41,1849.7,18.8492,0.0029,1.524,1.298,nan,0.016,0.019,nan,0.3506,-5.833,0.488,0.2092,0.346,0.318,0.33,-1
5479,2103.08,1850.75,18.7226,0.0026,1.749,1.461,nan,0.009,0.021,nan,0.856,-9.081,3.785,0.2193,0.403,0.313,0.3,-1
5480,2278.79,1594.27,18.855,0.0032,1.591,1.25,nan,0.01,0.02,nan,-0.347,-6.729,1.124,0.232,0.387,0.356,0.53,-1
5496,3007.0,1638.81,18.2271,0.0019,2.488,1.981,nan,0.008,0.034,nan,0.125,-6.134,1.533,0.1444,0.255,0.261,0.57,-1
5499,2864.39,1300.21,18.6257,0.0024,1.96,1.601,nan,0.011,0.025,nan,0.0618,-7.921,2.714,0.1725,0.297,0.28,0.62,-1
5501,2342.32,1760.53,18.7519,0.0026,1.743,1.342,nan,0.01,0.02,nan,0.2072,-7.185,2.771,0.194,0.321,0.33,0.63,-1
5516,3005.53,1744.8,18.9277,0.0025,1.453,1.328,nan,0.009,0.021,nan,0.4665,-8.59,-2.173,0.213,0.37,0.378,0.06,-1
5523,2568.89,1245.36,18.9555,0.003,1.461,1.325,nan,0.01,0.018,nan,-0.1558,-8.969,3.324,0.2526,0.42,0.422,0.49,-1
5527,2864.25,2021.65,18.7638,0.0027,1.76,1.384,nan,0.01,0.022,nan,0.4214,-5.981,1.343,0.2083,0.365,0.34,0.48,-1
5529,2140.63,1244.79,18.9784,0.0033,1.436,1.105,nan,0.013,0.03,nan,1.479,-5.139,-0.126,0.312,0.496,0.441,0.06,-1
5541,1938.07,1579.75,18.8959,0.0027,1.577,1.219,nan,0.009,0.018,nan,0.2552,-5.707,1.011,0.2294,0.368,0.333,0.45,-1
5543,2330.66,2258.75,18.6945,0.0024,1.864,1.422,nan,0.009,0.017,nan,0.5383,-8.135,2.0,0.2451,0.402,0.315,0.62,-1
5546,2411.33,1417.18,18.9563,0.0027,1.308,1.054,nan,0.02,0.02,nan,0.3489,-11.544,-0.374,0.2498,0.366,0.34,0.25,-1
5564,3020.95,1775.43,18.474,0.0023,2.239,1.745,nan,0.009,0.029,nan,0.0614,-6.665,1.69,0.1912,0.305,0.288,0.63,-1
5568,2450.37,1768.9,18.8507,0.0028,1.646,1.378,nan,0.011,0.021,nan,0.5756,-6.555,0.335,0.2133,0.346,0.348,0.36,-1
5573,2455.77,2207.57,18.8598,0.0025,1.641,1.331,nan,0.01,0.018,nan,0.7395,-8.405,1.993,0.2233,0.369,0.338,0.52,-1
5577,2685.33,2090.59,19.0488,0.0029,1.335,1.128,nan,0.017,0.019,nan,0.5169,-10.103,2.529,0.2521,0.458,0.398,0.4,-1
5580,2264.77,1361.36,18.9603,0.0028,1.558,1.165,nan,0.012,0.018,nan,0.2877,-7.953,2.692,0.2835,0.478,0.442,0.63,-1
5590,2084.64,1453.6,18.9309,0.003,1.652,1.412,nan,0.009,0.02,nan,0.4625,-8.472,0.584,0.2303,0.366,0.352,0.43,-1
5595,2128.56,1840.49,18.5841,0.0024,2.113,1.624,nan,0.008,0.029,nan,0.122,-6.408,-0.479,0.2038,0.383,0.292,0.1,-1
5600,2763.72,1365.13,18.8199,0.0024,1.829,1.384,nan,0.008,0.021,nan,0.4196,-6.46,0.961,0.2125,0.35,0.329,0.52,-1
5601,2666.17,2249.27,18.8701,0.0028,1.707,1.283,nan,0.013,0.028,nan,-0.2216,-4.921,1.721,0.2501,0.441,0.364,0.44,-1
5609,2608.29,1529.48,18.6909,0.0022,2.036,1.573,nan,0.01,0.031,nan,0.1389,-6.258,2.147,0.1957,0.327,0.305,0.59,-1
5618,2859.04,1742.73,19.0067,0.0039,1.789,1.362,nan,0.024,0.028,nan,0.8158,-3.786,3.943,0.2568,0.5,0.473,0.24,-1
5620,2254.06,1193.31,19.0484,0.003,1.437,1.217,nan,0.01,0.017,nan,0.4632,-0.887,-0.607,0.2447,0.483,0.376,0.11,-1
5632,2847.99,1677.58,19.0094,0.0028,1.509,1.365,nan,0.011,0.021,nan,0.7508,0.235,-0.138,0.2491,0.439,0.405,0.18,-1
5638,2851.02,1243.16,18.7553,0.0024,1.967,1.545,nan,0.01,0.028,nan,0.2687,-6.376,1.79,0.209,0.361,0.319,0.62,-1
5641,2015.22,1589.27,18.8685,0.0024,1.765,1.322,nan,0.01,0.019,nan,0.0298,-6.083,0.806,0.2297,0.362,0.326,0.5,-1
5643,2584.85,1341.95,18.8045,0.0023,1.93,1.51,nan,0.013,0.027,nan,0.2578,-6.075,0.701,0.2067,0.363,0.316,0.46,-1
5648,2302.55,1605.86,18.9917,0.003,1.511,1.216,nan,0.015,0.019,nan,0.2868,-6.032,1.962,0.2353,0.406,0.368,0.58,-1
5650,2425.75,1895.32,19.0309,0.0028,1.517,1.39,nan,0.011,0.021,nan,0.0539,-8.45,0.966,0.2904,0.468,0.47,0.58,-1
5652,2722.34,1880.17,18.9647,0.0029,1.629,1.316,nan,0.014,0.022,nan,0.4228,-7.497,1.882,0.2366,0.412,0.404,0.68,-1
5665,2532.35,1755.13,18.9581,0.0029,1.66,1.174,nan,0.014,0.028,nan,0.3431,-6.379,1.493,0.2217,0.368,0.351,0.57,-1
5680,3051.52,1827.03,18.6675,0.0021,2.189,1.714,nan,0.009,0.03,nan,1.0724,-14.39,-4.624,0.1791,0.314,0.302,0.1,-1
5686,2321.59,1661.19,18.9428,0.0028,1.583,1.299,nan,0.015,0.028,nan,0.3768,-5.896,2.319,0.2182,0.358,0.337,0.55,-1
5693,2479.08,1274.79,19.0121,0.003,1.574,1.301,nan,0.012,0.022,nan,0.593,-6.175,-0.574,0.2328,0.421,0.364,0.08,-1
5696,2029.99,2020.04,18.5539,0.0025,2.262,1.718,nan,0.01,0.03,nan,0.2897,-5.156,2.122,0.2042,0.337,0.28,0.49,-1
5700,2197.94,2038.31,18.8587,0.0028,1.831,1.369,nan,0.009,0.021,nan,0.2905,-6.358,1.544,0.257,0.425,0.36,0.58,-1
5701,2423.34,2191.18,19.079,0.0029,1.417,1.329,nan,0.012,0.023,nan,0.6022,-6.565,-0.511,0.2585,0.405,0.373,0.15,-1
5709,2715.28,1601.45,18.8055,0.0022,1.929,1.49,nan,0.011,0.032,nan,-0.0109,-5.877,0.357,0.2,0.347,0.328,0.38,-1
5724,2889.21,1361.29,19.0621,0.0027,1.697,1.323,nan,0.022,0.031,nan,0.5876,-10.968,-0.378,0.2376,0.434,0.393,0.17,-1
5730,1982.28,1883.21,19.0026,0.0031,1.724,1.327,nan,0.019,0.021,nan,0.2964,-8.378,2.193,0.2321,0.364,0.338,0.68,-1
5731,2596.42,1215.89,19.1139,0.0035,1.579,1.375,nan,0.013,0.025,nan,0.1668,-4.996,-0.108,0.2645,0.578,0.412,0.07,-1
5737,2063.11,1633.5,19.097,0.0036,1.582,1.373,nan,0.011,0.026,nan,0.3321,-11.362,1.927,0.2668,0.45,0.414,0.69,-1
5742,2692.13,1349.0,18.9833,0.0026,1.709,1.477,nan,0.013,0.023,nan,0.0681,-5.82,-0.586,0.2308,0.366,0.353,0.06,-1
5748,3063.31,1832.3,18.8891,0.0028,1.897,1.438,nan,0.01,0.025,nan,0.0714,-6.95,1.14,0.2081,0.361,0.346,0.59,-1
5754,2482.02,1300.15,19.3011,0.0064,1.927,1.498,nan,0.017,0.025,nan,-2.1161,-15.336,-8.534,0.7767,1.375,1.281,0.25,-1
5758,2760.34,1677.91,18.9824,0.0029,1.937,1.447,nan,0.023,0.029,nan,0.3565,-6.496,1.479,0.2263,0.385,0.399,0.58,-1
5763,2560.01,2032.89,18.9081,0.0029,1.811,1.263,nan,0.02,0.025,nan,0.4747,-7.5,1.47,0.2212,0.391,0.339,0.63,-1
5765,2456.98,2076.79,18.7715,0.0027,2.088,1.546,nan,0.012,0.031,nan,0.3946,-6.06,0.472,0.2411,0.403,0.321,0.35,-1
5767,2141.17,1650.56,19.1437,0.0029,1.493,1.23,nan,0.014,0.021,nan,0.4963,-6.625,1.68,0.2585,0.46,0.4,0.6,-1
5777,2439.47,1105.46,19.0903,0.0037,1.629,1.304,nan,0.042,0.05,nan,0.605,-4.833,0.647,0.3955,0.631,0.516,0.17,-1
5792,2637.17,1350.94,19.1188,0.0036,1.744,1.389,nan,0.017,0.023,nan,1.3006,-4.808,2.573,0.2585,0.482,0.435,0.18,-1
5802,2822.24,1900.89,19.0282,0.0028,1.852,1.401,nan,0.017,0.025,nan,-0.4088,-5.723,-0.26,0.2492,0.45,0.495,0.22,-1
5809,2055.2,1560.07,18.8785,0.0025,1.937,1.559,nan,0.011,0.031,nan,0.3957,-5.515,0.244,0.221,0.365,0.339,0.16,-1
5812,2065.02,1847.58,19.1061,0.0041,2.051,1.591,nan,0.025,0.035,nan,-0.0802,-6.294,1.217,0.3245,0.57,0.474,0.52,-1
5817,2352.45,2027.36,18.9879,0.0028,1.768,1.461,nan,0.019,0.027,nan,1.53,0.784,-3.819,0.2609,0.418,0.369,0.16,-1
5819,2584.23,1848.62,19.0511,0.0031,1.657,1.374,nan,0.016,0.025,nan,0.2333,-5.421,1.62,0.2315,0.399,0.369,0.45,-1
5823,2715.46,1566.17,18.773,0.0023,2.091,1.669,nan,0.011,0.04,nan,-0.2609,-5.54,0.542,0.2141,0.372,0.347,0.42,-1
5835,2478.81,2001.02,19.2199,0.0036,1.438,1.21,nan,0.016,0.029,nan,0.7756,-5.079,1.186,0.304,0.507,0.429,0.26,-1
5839,2046.07,2010.87,19.1128,0.0033,1.755,1.342,nan,0.022,0.027,nan,-0.0442,-5.826,0.975,0.3089,0.489,0.423,0.46,-1
5850,2594.61,2020.65,19.7944,0.0095,2.056,1.526,nan,0.024,0.037,nan,nan,nan,nan,nan,nan,nan,0.0,-1
5868,2228.81,1956.58,18.9889,0.0031,1.831,1.369,nan,0.011,0.026,nan,0.6072,-4.934,1.523,0.2589,0.402,0.365,0.3,-1
5870,2454.92,1290.17,19.1096,0.0033,1.6,1.305,nan,0.016,0.027,nan,0.2471,-6.566,-0.193,0.2801,0.543,0.414,0.18,-1
5871,2556.82,1270.85,18.7625,0.0031,2.27,1.651,nan,0.011,0.032,nan,0.8734,-7.783,2.513,0.1996,0.338,0.38,0.35,-1
5875,2008.35,1488.07,18.8949,0.0026,1.996,1.668,nan,0.01,0.037,nan,-0.044,-7.058,1.629,0.2191,0.344,0.349,0.66,-1
5881,2612.35,1622.35,18.8784,0.0024,2.025,1.551,nan,0.012,0.029,nan,0.3509,-8.071,1.19,0.2093,0.352,0.332,0.64,-1
5887,2773.4,1706.13,19.169,0.0029,1.509,1.357,nan,0.016,0.026,nan,0.4054,-13.921,4.754,0.2553,0.495,0.428,0.51,-1
5891,2848.9,2140.4,19.0491,0.003,1.779,1.269,nan,0.01,0.025,nan,0.2546,-7.802,-1.608,0.2524,0.421,0.386,0.11,-1
5897,2624.43,2241.04,19.2252,0.0035,1.644,1.378,nan,0.028,0.035,nan,0.3144,-7.331,0.528,0.317,0.643,0.479,0.4,-1
5898,2537.77,1497.77,19.2758,0.0041,1.405,1.212,nan,0.015,0.023,nan,-0.0337,-9.736,0.226,0.3186,0.576,0.467,0.37,-1
5899,2551.25,1772.4,18.9702,0.0031,1.87,1.444,nan,0.012,0.03,nan,-0.0715,-6.746,-0.216,0.2159,0.343,0.344,0.16,-1
5900,2518.44,1561.44,19.0999,0.0027,1.602,1.499,nan,0.012,0.034,nan,-0.0188,-5.602,0.375,0.2617,0.459,0.394,0.31,-1
5902,2584.47,1789.59,19.1017,0.0035,1.98,1.721,nan,0.023,0.034,nan,0.6191,-9.148,0.981,0.2468,0.449,0.39,0.42,-1
5910,2374.58,1943.0,19.2375,0.0033,1.489,1.268,nan,0.012,0.018,nan,0.2965,-7.697,1.043,0.3012,0.513,0.432,0.56,-1
5930,2310.82,1655.15,19.1099,0.0031,1.718,1.53,nan,0.018,0.041,nan,-0.0216,-8.666,0.575,0.2685,0.49,0.426,0.46,-1
5933,2306.56,1706.2,19.2623,0.0035,1.383,1.204,nan,0.014,0.022,nan,1.0838,-6.185,-1.152,0.2979,0.521,0.452,0.1,-1
5935,2291.66,1581.73,18.9688,0.003,1.864,1.267,nan,0.021,0.031,nan,0.5905,-5.774,0.343,0.2368,0.409,0.356,0.2,-1
5936,2842.6,2112.22,19.2124,0.0034,1.746,1.413,nan,0.015,0.027,nan,-0.3704,-5.991,1.885,0.3204,0.632,0.493,0.54,-1
5940,2930.96,1806.32,19.325,0.0034,1.6,1.214,nan,0.042,0.05,nan,0.4863,-5.228,0.527,0.3189,0.693,0.56,0.21,-1
5941,2494.19,2212.72,19.0657,0.003,1.881,1.342,nan,0.012,0.024,nan,-0.3272,-8.325,3.336,0.2442,0.42,0.394,0.43,-1
5955,2940.34,1486.94,19.0812,0.0028,1.893,1.45,nan,0.013,0.033,nan,0.4627,-5.239,2.148,0.2497,0.455,0.452,0.44,-1
5956,2377.99,2093.25,19.0672,0.0029,1.8,1.414,nan,0.014,0.026,nan,0.3985,-6.647,1.28,0.2656,0.431,0.365,0.56,-1
5964,2691.72,2114.62,19.211,0.0039,1.651,1.311,nan,0.017,0.028,nan,-0.0534,-5.388,1.572,0.3287,0.592,0.496,0.45,-1
5966,2787.07,2063.26,19.1763,0.003,1.696,1.338,nan,0.014,0.027,nan,-0.2991,-7.026,1.652,0.287,0.486,0.423,0.62,-1
5972,2219.81,1844.03,19.1439,0.0031,1.817,1.22,nan,0.014,0.025,nan,0.4809,-2.257,3.19,0.3017,0.574,0.486,0.04,-1
5973,2652.27,1500.9,19.0943,0.0025,1.808,1.318,nan,0.013,0.024,nan,0.4509,-6.442,0.503,0.2646,0.473,0.408,0.39,-1
5975,3032.94,1717.36,19.2497,0.0031,nan,1.432,nan,nan,0.031,nan,-0.2429,-4.451,1.04,0.303,0.534,0.486,0.26,-1
5977,2070.49,1551.07,19.2584,0.0033,1.588,1.326,nan,0.015,0.024,nan,0.7364,-9.879,3.539,0.3104,0.548,0.469,0.34,-1
5978,2856.97,1360.67,19.2955,0.0034,1.562,1.282,nan,0.011,0.024,nan,1.0888,-4.874,-0.176,0.2868,0.556,0.465,0.06,-1
5990,2516.44,1659.9,18.9482,0.0029,1.992,1.557,nan,0.022,0.036,nan,-0.22,-5.709,1.006,0.2435,0.403,0.383,0.49,-1
5992,2200.99,1484.23,19.0385,0.0029,1.888,1.415,nan,0.014,0.034,nan,-0.0299,-6.589,1.612,0.2603,0.436,0.412,0.6,-1
5993,2651.12,1696.07,19.2551,0.0034,1.621,1.463,nan,0.014,0.025,nan,0.3993,-4.894,2.96,0.2766,0.6,0.445,0.36,-1
5996,2534.0,2078.74,19.2012,0.0033,nan,1.365,nan,nan,0.029,nan,0.072,-7.204,1.221,0.3127,0.547,0.459,0.59,-1
5997,2209.27,1610.35,18.9376,0.0026,2.063,1.651,nan,0.011,0.033,nan,-0.1438,-3.844,-0.013,0.22,0.358,0.346,0.03,-1
6006,2389.19,2195.82,18.9486,0.0028,2.047,1.534,nan,0.013,0.034,nan,0.9358,-6.906,1.117,0.2316,0.359,0.333,0.42,-1
6008,2794.05,1341.1,19.3275,0.0038,1.739,1.436,nan,0.027,0.029,nan,1.3635,-7.234,0.33,0.2857,0.551,0.464,0.17,-1
6016,2499.23,1997.87,19.144,0.0032,1.77,1.422,nan,0.015,0.031,nan,0.3402,-8.528,-0.721,0.2886,0.508,0.428,0.2,-1
6017,2933.45,1426.88,19.2837,0.0032,1.612,1.415,nan,0.014,0.03,nan,0.6165,-4.606,1.176,0.2871,0.537,0.499,0.21,-1
6018,2474.62,1317.58,18.8556,0.0027,2.237,1.779,nan,0.015,0.039,nan,0.2737,-8.164,2.804,0.2183,0.361,0.315,0.56,-1
6026,2615.64,2100.98,19.0902,0.0031,1.9,1.414,nan,0.013,0.033,nan,-0.194,-5.968,1.6,0.2746,0.486,0.413,0.54,-1
6038,2823.69,2086.12,18.9038,0.0036,2.095,1.644,nan,0.013,0.032,nan,0.3824,-5.636,0.724,0.2346,0.391,0.363,0.35,-1
6039,2433.7,1840.82,19.2768,0.0037,1.687,1.388,nan,0.012,0.025,nan,0.5242,-7.623,2.048,0.3437,0.622,0.532,0.64,-1
6046,2066.57,1459.11,19.3097,0.0037,1.643,1.446,nan,0.016,0.036,nan,0.2433,-7.211,2.604,0.305,0.518,0.448,0.64,-1
6050,2423.03,1306.21,19.3047,0.0036,1.764,1.457,nan,0.018,0.033,nan,0.8493,-6.761,1.864,0.3322,0.634,0.497,0.55,-1
6052,2777.89,2100.38,19.3002,0.0041,1.651,1.386,nan,0.014,0.026,nan,-0.0798,-2.804,-0.101,0.346,0.571,0.485,0.01,-1
6054,2721.61,1482.71,19.2867,0.0037,1.737,1.285,nan,0.015,0.025,nan,0.0151,-7.576,1.215,0.2809,0.54,0.453,0.62,-1
6055,2188.57,1332.83,19.4022,0.0041,1.507,1.261,nan,0.016,0.029,nan,0.2683,-8.127,2.166,0.3128,0.574,0.498,0.68,-1
6058,2515.33,1438.72,19.178,0.0027,1.826,1.498,nan,0.015,0.036,nan,0.5466,-7.507,1.42,0.2702,0.482,0.417,0.6,-1
6060,2307.6,1984.68,19.2189,0.0035,1.756,1.363,nan,0.013,0.025,nan,-0.1434,-5.253,0.363,0.3186,0.522,0.472,0.24,-1
6062,2097.15,1747.02,19.2856,0.0033,1.757,1.467,nan,0.024,0.034,nan,0.6515,-4.675,0.538,0.2975,0.517,0.466,0.12,-1
6087,2592.12,1563.54,19.2806,0.003,1.661,1.389,nan,0.016,0.032,nan,0.7591,-6.142,1.694,0.2868,0.522,0.436,0.51,-1
6092,2226.49,1998.48,19.5027,0.0065,1.744,1.463,nan,0.015,0.031,nan,0.9528,-6.442,-1.458,0.5651,0.931,0.777,0.1,-1
6094,2298.42,2076.92,19.316,0.0036,1.674,1.352,nan,0.013,0.029,nan,0.3565,-7.052,1.41,0.3551,0.576,0.484,0.58,-1
6097,2488.65,1925.59,19.3022,0.0035,1.759,1.443,nan,0.015,0.035,nan,0.8248,-12.604,3.43,0.3409,0.599,0.486,0.29,-1
6100,2227.48,1437.35,19.4667,0.004,1.568,1.251,nan,0.013,0.029,nan,0.3295,-5.302,1.334,0.3484,0.673,0.515,0.38,-1
6105,2415.55,1188.56,19.1814,0.003,1.937,1.58,nan,0.014,0.043,nan,0.134,-6.851,1.456,0.2673,0.527,0.411,0.61,-1
6107,2195.19,1692.99,19.4224,0.0034,1.489,1.36,nan,0.016,0.024,nan,0.6508,-1.4,-1.392,0.3135,0.554,0.482,0.18,-1
6111,2329.06,1343.41,19.1708,0.0034,2.007,1.519,nan,0.013,0.035,nan,0.5777,-7.934,0.903,0.2972,0.581,0.423,0.5,-1
6114,2549.17,1903.49,18.7992,0.0032,2.547,1.952,nan,0.014,0.043,nan,0.662,-6.582,1.865,0.2669,0.499,0.404,0.6,-1
6118,2871.32,1287.79,19.1645,0.0034,2.041,1.686,nan,0.013,0.053,nan,0.193,-5.141,1.09,0.2601,0.495,0.41,0.35,-1
6119,1988.11,1752.65,19.1814,0.0031,1.924,1.502,nan,0.014,0.039,nan,0.0961,-7.426,1.258,0.2656,0.449,0.388,0.63,-1
6125,2825.7,2072.44,19.3025,0.0034,1.769,1.398,nan,0.013,0.031,nan,0.5808,-5.174,0.704,0.3179,0.533,0.464,0.22,-1
6132,2711.24,2168.3,19.4188,0.0041,2.24,1.47,nan,0.043,0.035,nan,-0.2103,-6.079,0.734,0.3289,0.574,0.506,0.44,-1
6133,2769.66,1450.28,19.4199,0.0033,1.644,1.509,nan,0.016,0.037,nan,0.3715,-11.026,3.331,0.335,0.6,0.514,0.51,-1
6134,2796.56,1191.13,19.3523,0.0042,1.723,1.45,nan,0.017,0.035,nan,0.1757,-7.271,-0.154,0.2946,0.564,0.48,0.22,-1
6143,2798.6,2005.41,19.3605,0.0041,1.714,1.376,nan,0.015,0.034,nan,-0.0407,-8.162,3.229,0.3557,0.592,0.518,0.56,-1
6146,2679.33,1339.68,19.3481,0.0035,nan,1.383,nan,nan,0.037,nan,0.0785,-8.021,2.268,0.3158,0.536,0.459,0.7,-1
6147,2741.46,1201.69,19.5346,0.0087,1.935,1.407,nan,0.022,0.038,nan,1.9348,0.955,9.626,0.6223,1.198,0.934,0.25,-1
6153,2573.37,1737.23,19.3031,0.0031,1.871,1.559,nan,0.016,0.04,nan,0.0889,-8.987,0.296,0.3142,0.554,0.475,0.4,-1
6159,2338.78,2133.32,19.2696,0.0035,1.917,1.437,nan,0.015,0.038,nan,-0.1199,-5.901,-0.986,0.3208,0.5,0.425,0.05,-1
6166,2544.42,1838.52,19.435,0.0045,1.668,1.207,nan,0.016,0.032,nan,0.1169,-6.343,0.54,0.3323,0.575,0.487,0.39,-1
6167,2285.35,1984.42,19.4827,0.0038,1.687,1.266,nan,0.015,0.029,nan,0.5348,-16.958,1.806,0.3685,0.6,0.552,0.2,-1
6178,2075.64,2005.82,19.3301,0.0044,1.828,1.293,nan,0.015,0.039,nan,0.2034,-10.401,2.47,0.3403,0.539,0.464,0.54,-1
6179,2439.34,2162.56,19.317,0.0034,2.004,1.677,nan,0.016,0.046,nan,-0.4372,-7.226,0.496,0.36,0.563,0.484,0.43,-1
6193,2881.1,1737.46,19.535,0.004,1.67,1.52,nan,0.016,0.043,nan,0.5875,-6.459,-0.761,0.3637,0.63,0.571,0.12,-1
6196,2156.02,1231.42,19.4962,0.0045,1.682,1.352,nan,0.018,0.041,nan,0.9024,-5.998,0.375,0.3935,0.733,0.607,0.24,-1
6198,2513.5,1864.06,19.4899,0.0043,1.766,1.511,nan,0.019,0.042,nan,0.4624,-8.11,-0.201,0.3465,0.651,0.573,0.26,-1
6203,2316.72,1769.54,19.4322,0.004,1.932,1.459,nan,0.02,0.038,nan,0.32,-5.35,1.327,0.322,0.569,0.494,0.38,-1
6206,2533.44,1427.81,20.0872,0.0066,nan,0.074,-0.66,nan,0.016,0.021,2.7585,-24.999,3.66,0.6281,1.021,1.156,0.25,-1
6208,2624.81,1573.82,19.5354,0.0036,1.687,1.379,nan,0.015,0.039,nan,0.0286,-8.734,5.499,0.3365,0.6,0.523,0.17,-1
6210,1996.03,1587.53,19.5467,0.0039,1.659,1.457,nan,0.018,0.042,nan,0.2115,-4.591,3.129,0.3794,0.655,0.541,0.34,-1
6211,2277.43,1657.43,19.5336,0.0046,1.743,1.442,nan,0.021,0.045,nan,0.8226,-7.729,2.468,0.4058,0.901,0.61,0.55,-1
6214,2474.75,2183.18,19.5602,0.0044,1.822,1.473,nan,0.013,0.034,nan,-0.3504,-3.612,2.651,0.3889,0.679,0.552,0.34,-1
6215,2273.18,1628.91,19.6392,0.0062,1.751,1.204,nan,0.021,0.031,nan,-0.1697,-0.029,-2.156,0.5986,1.211,1.0,0.25,-1
6216,2285.43,1364.35,19.4969,0.0046,1.88,1.4,nan,0.016,0.039,nan,-0.1698,-12.347,-0.156,0.3893,0.766,0.601,0.24,-1
6217,2411.46,1898.65,19.5191,0.0042,1.862,1.49,nan,0.017,0.04,nan,0.4052,-5.813,1.262,0.3786,0.672,0.556,0.43,-1
6218,2765.53,1943.29,19.5476,0.0043,1.688,1.525,nan,0.023,0.059,nan,0.2198,-10.508,2.048,0.3571,0.64,0.553,0.59,-1
6220,2668.39,2222.46,19.4517,0.0037,1.822,1.312,nan,0.025,0.044,nan,0.5068,-6.603,0.57,0.3907,0.632,0.527,0.38,-1
6221,2759.81,2041.02,19.7035,0.0045,1.695,1.481,nan,0.017,0.045,nan,0.8584,-4.642,0.785,0.4245,0.77,0.661,0.17,-1
6223,2415.52,1867.43,19.577,0.0046,1.827,1.432,nan,0.017,0.034,nan,0.2769,-6.216,1.785,0.3894,0.626,0.548,0.54,-1
6227,2533.4,1869.16,19.7881,0.005,1.71,1.503,nan,0.024,0.06,nan,1.4635,-9.39,3.979,0.4345,0.741,0.638,0.19,-1
