ID,x,y,Gmag,e_Gmag,VI,BV,UB,VIerr,BVerr,UBerr,Plx,pmRA,pmDE,e_Plx,e_pmRA,e_pmDE,MP,sel
23,989.604,1054.37,13.5453,0.0009,0.532,0.437,0.15,0.005,0.005,0.005,0.697,-5.721,-1.121,0.0212,0.027,0.024,0.858,1
5,699.954,1032.71,11.0609,0.0009,2.399,1.717,1.999,0.006,0.003,0.013,0.4774,-4.187,-1.904,0.0522,0.067,0.054,0.818,1
258,1181.31,1006.63,16.565,0.0006,0.998,0.874,0.446,0.013,0.012,0.056,0.2764,-5.742,-0.09,0.0644,0.079,0.061,0.77,1
284,957.289,992.147,16.7775,0.0006,0.819,0.679,0.371,0.021,0.018,0.063,0.2624,-6.304,0.423,0.0697,0.089,0.068,0.77,1
134,627.591,893.687,15.5644,0.0004,1.174,1.044,0.708,0.011,0.012,0.049,0.324,-6.987,-2.524,0.0376,0.048,0.038,0.74,1
49,1162.02,1111.23,14.2227,0.0002,1.195,1.101,0.792,0.006,0.006,0.016,0.1449,-6.587,0.005,0.0221,0.028,0.025,0.731,1
144,929.715,1021.37,15.8201,0.0004,0.831,0.719,0.201,0.008,0.007,0.023,0.4514,-5.407,-0.062,0.0424,0.053,0.043,0.728,1
277,995.555,865.762,16.5753,0.0005,1.115,0.944,0.58,0.016,0.017,0.101,0.1324,-7.115,1.003,0.0599,0.074,0.062,0.726,1
168,669.281,1103.55,15.9851,0.0005,0.795,0.682,0.178,0.009,0.008,0.026,0.4102,-5.226,1.042,0.045,0.057,0.046,0.711,1
68,1110.71,1135.51,14.6007,0.0003,1.374,1.359,1.459,0.005,0.006,0.057,0.1797,-7.689,1.148,0.0246,0.031,0.026,0.682,1
10,1046.76,1316.73,13.0532,0.0003,0.36,0.304,0.26,0.006,0.006,0.004,0.684,-1.239,-1.799,0.0201,0.025,0.022,0.546,1
292,732.22,1213.81,16.9428,0.0008,0.728,0.617,0.064,0.027,0.023,0.041,0.3467,-5.542,1.654,0.0813,0.1,0.083,0.542,1
16,918.396,905.256,13.1477,0.0096,0.698,0.718,0.24,0.008,0.006,0.006,2.8078,-7.07,-14.603,0.0222,0.028,0.024,0.51,1
13,849.321,1142.23,12.9482,0.0003,1.203,1.134,0.957,0.005,0.005,0.008,0.346,-7.894,-0.813,0.0247,0.031,0.026,0.505,1
64,729.779,951.422,14.2543,0.0006,1.867,1.39,1.207,0.013,0.009,0.037,4.0671,-41.711,4.03,0.0247,0.031,0.025,0.423,1
54,596.979,958.846,14.428,0.0003,1.137,1.017,0.671,0.01,0.01,0.018,0.4716,-24.782,-2.488,0.0254,0.03,0.026,0.353,1
43,1024.38,1026.39,14.0349,0.0002,1.325,1.253,1.232,0.005,0.005,0.026,0.2017,-6.019,2.252,0.0233,0.029,0.024,0.344,1
98,1194.86,899.66,15.2684,0.0003,0.904,0.846,0.526,0.011,0.01,0.03,0.7953,4.718,-0.076,0.033,0.042,0.035,0.327,1
55,664.909,994.988,14.567,0.0002,0.903,0.808,0.346,0.005,0.004,0.01,1.6736,0.032,-2.999,0.0257,0.032,0.027,0.282,1
8,654.906,1176.15,12.7848,0.0002,0.615,0.527,0.062,0.004,0.004,0.004,1.317,-25.788,2.13,0.0276,0.035,0.031,0.267,1
44,1161.77,1050.38,14.2814,0.0002,0.831,0.714,0.206,0.005,0.004,0.008,0.8102,-21.611,7.793,0.023,0.03,0.025,0.245,1
77,918.346,1285.96,15.5742,0.0009,1.11,1.079,0.759,0.04,0.037,0.036,0.4281,-17.178,-1.615,0.0704,0.38,0.07,0.207,1
6,1160.02,955.636,12.1958,0.0001,1.067,1.04,0.866,0.006,0.004,0.006,1.0297,5.608,-3.681,0.0327,0.04,0.036,0.172,1
220,822.082,1189.98,16.1697,0.0005,1.276,1.12,1.043,0.01,0.012,0.111,1.2473,-27.098,-5.113,0.0481,0.059,0.049,0.127,1
311,597.954,845.519,16.8541,0.0006,0.899,0.728,0.195,0.016,0.016,0.047,0.1823,-6.108,-2.873,0.0711,0.089,0.069,0.757,0
335,1312.73,1151.01,16.9853,0.0007,0.93,0.831,0.307,0.016,0.016,0.072,0.2181,-3.711,-2.924,0.0728,0.093,0.074,0.655,0
147,897.878,818.299,15.8221,0.0004,0.761,0.601,0.107,0.012,0.009,0.022,0.3336,-7.661,0.378,0.043,0.054,0.045,0.601,0
72,988.098,963.881,14.8844,0.0003,0.801,0.704,0.226,0.01,0.009,0.014,0.7823,-7.077,7.244,0.0286,0.035,0.031,0.599,0
133,1190.12,1011.71,15.7082,0.0004,0.929,0.851,0.381,0.009,0.009,0.028,0.2621,-7.412,1.589,0.0392,0.048,0.041,0.554,0
174,847.155,1340.02,16.0311,0.0005,0.877,0.777,0.324,0.009,0.009,0.032,0.3131,-7.985,-0.226,0.044,0.057,0.046,0.505,0
404,1043.3,833.138,17.244,0.0007,0.832,0.712,0.115,0.023,0.02,0.059,0.236,-8.509,0.154,0.0858,0.108,0.085,0.485,0
74,752.738,669.198,14.8978,0.0003,0.794,0.676,0.163,0.013,0.011,0.013,0.6542,-6.093,-5.302,0.0328,0.041,0.033,0.48,0
231,848.776,1350.68,16.4465,0.0005,0.811,0.706,0.139,0.012,0.012,0.035,0.293,-8.137,-0.19,0.053,0.068,0.056,0.479,0
462,728.756,1147.39,17.5248,0.0008,0.706,0.566,-0.003,0.025,0.019,0.064,0.2558,0.176,-3.817,0.099,0.126,0.098,0.424,0
154,1233.7,993.2,15.898,0.0004,0.753,0.613,0.119,0.011,0.009,0.019,0.3896,-3.164,1.036,0.0443,0.054,0.047,0.395,0
117,869.294,1285.56,15.56,0.0004,0.82,0.684,0.144,0.008,0.008,0.017,0.3063,-1.102,-0.81,0.035,0.044,0.038,0.382,0
92,840.996,1231.92,15.0218,0.0003,1.25,1.124,0.849,0.007,0.007,0.033,0.1815,-6.449,1.933,0.0306,0.043,0.033,0.308,0
151,1023.57,1247.63,15.8616,0.0004,0.764,0.618,0.083,0.008,0.008,0.021,0.3924,-8.79,1.039,0.0418,0.054,0.047,0.266,0
50,766.717,969.007,14.365,0.0002,0.839,0.747,0.265,0.01,0.009,0.01,0.6142,-15.516,-4.209,0.0239,0.03,0.026,0.229,0
212,714.16,996.75,16.2955,0.0005,0.942,0.821,0.281,0.022,0.009,0.039,0.3148,-11.915,-0.493,0.0537,0.069,0.053,0.205,0
140,1213.99,969.709,15.7715,0.0004,0.817,0.688,0.15,0.012,0.012,0.024,0.538,-12.453,15.006,0.0398,0.05,0.043,0.201,0
413,797.649,1200.84,17.2734,0.0008,0.967,0.801,0.051,0.017,0.019,0.064,0.3128,-10.42,0.195,0.0865,0.111,0.086,0.2,0
243,939.03,945.416,16.467,0.0005,0.865,0.737,0.28,0.016,0.013,0.061,0.3757,-15.594,0.62,0.0569,0.072,0.059,0.151,0
22,846.959,922.477,13.2651,0.0002,1.265,1.237,1.18,0.007,0.007,0.013,0.3085,-9.614,2.02,0.02,0.024,0.021,0.04,0
31,765.688,937.617,13.922,0.0002,0.825,0.695,0.184,0.013,0.011,0.009,0.5588,-9.489,2.878,0.0219,0.027,0.024,0.016,0
20,691.822,1184.94,13.4171,0.0002,0.745,0.686,0.269,0.005,0.005,0.005,0.9592,-14.914,1.266,0.0191,0.023,0.021,0.014,0
247,872.838,979.032,16.4773,0.0005,0.875,0.729,0.253,0.015,0.015,0.041,0.4758,-9.62,0.327,0.0613,0.078,0.058,0.005,0
131,934.304,922.745,15.3422,0.0004,1.561,1.278,nan,0.012,0.012,nan,2.8171,-6.681,-13.95,0.0333,0.041,0.036,0.37,-1
171,759.634,715.674,15.844,0.0005,1.189,1.107,nan,0.011,0.011,nan,0.3629,-5.029,2.348,0.0422,0.053,0.043,0.4,-1
184,826.192,847.814,15.9089,0.0004,1.272,1.229,nan,0.012,0.013,nan,0.0651,-7.181,0.748,0.0428,0.053,0.044,0.79,-1
219,938.025,1033.35,16.3195,0.0023,1.147,1.03,nan,0.011,0.012,nan,1.3305,-6.777,-1.791,0.142,0.176,0.171,0.75,-1
285,856.541,1132.31,16.6915,0.0013,1.068,0.964,nan,0.017,0.015,nan,-0.0082,-13.807,-0.392,0.1176,0.154,0.119,0.29,-1
291,1087.94,673.27,16.8091,0.0006,0.879,0.779,nan,0.016,0.015,nan,0.3829,-22.263,-0.893,0.0724,0.09,0.069,0.35,-1
295,935.726,753.247,16.752,0.0006,1.043,0.894,nan,0.018,0.018,nan,0.5016,-10.445,0.389,0.0727,0.09,0.073,0.19,-1
305,596.602,983.513,16.7658,0.0006,1.005,0.933,nan,0.02,0.019,nan,0.6593,-13.092,2.847,0.0696,0.084,0.066,0.0,-1
339,655.099,1189.8,16.8868,0.0007,0.945,0.804,nan,0.017,0.021,nan,0.1865,-4.744,-0.399,0.0686,0.09,0.069,0.58,-1
353,1013.02,1329.78,16.999,0.0007,0.932,0.765,nan,0.015,0.016,nan,0.0582,-5.326,1.449,0.0722,0.095,0.078,0.75,-1
357,843.355,1242.1,16.8833,0.0007,1.218,1.075,nan,0.015,0.019,nan,-0.0173,-3.408,-0.868,0.0705,0.097,0.071,0.6,-1
384,857.693,955.87,17.1409,0.0008,0.932,0.889,nan,0.02,0.02,nan,0.4081,-5.4,2.405,0.0844,0.105,0.084,0.33,-1
403,987.644,660.636,17.2012,0.0007,0.992,0.888,nan,0.026,0.022,nan,0.2784,-10.187,0.857,0.0932,0.121,0.09,0.12,-1
419,838.637,614.679,17.2704,0.0008,0.954,0.891,nan,0.021,0.023,nan,0.2377,-10.255,5.492,0.0947,0.121,0.095,0.03,-1
429,1033.86,1044.69,17.2729,0.0007,1.001,0.824,nan,0.023,0.024,nan,0.2379,-9.04,5.466,0.0923,0.119,0.09,0.22,-1
431,765.97,1236.19,17.1567,0.0007,1.285,1.071,nan,0.018,0.024,nan,0.5305,-3.731,-1.94,0.0779,0.101,0.081,0.77,-1
457,1018.78,1046.98,17.443,0.0008,0.918,0.742,nan,0.021,0.02,nan,0.1227,-5.736,2.406,0.0959,0.124,0.094,0.39,-1
458,1117.87,726.663,17.3564,0.0008,1.047,0.982,nan,0.023,0.025,nan,0.2728,-9.176,1.139,0.09,0.111,0.089,0.15,-1
463,1302.01,921.757,17.4116,0.0008,0.929,0.803,nan,0.023,0.03,nan,0.151,-6.417,1.344,0.0933,0.118,0.095,0.62,-1
468,1101.3,828.027,17.3124,0.0008,1.176,1.013,nan,0.023,0.025,nan,0.088,-7.492,1.271,0.0969,0.119,0.094,0.69,-1
473,675.452,1027.65,17.5521,0.0013,1.082,0.847,nan,0.04,0.022,nan,0.3874,-8.36,1.249,0.1209,0.137,0.116,0.27,-1
482,971.836,1108.68,17.4947,0.0008,1.011,0.919,nan,0.021,0.023,nan,0.431,-7.119,0.765,0.0949,0.124,0.095,0.78,-1
487,1196.24,718.698,17.516,0.0008,0.951,0.85,nan,0.027,0.028,nan,0.4803,-4.728,-1.749,0.0982,0.131,0.105,0.78,-1
509,1121.66,1000.89,17.7012,0.0009,0.783,0.608,nan,0.03,0.022,nan,0.2536,-7.45,2.307,0.1283,0.154,0.129,0.28,-1
533,810.73,756.1,17.4558,0.0009,1.316,1.17,nan,0.026,0.034,nan,0.825,-14.945,1.946,0.0956,0.119,0.094,0.0,-1
540,894.415,824.157,17.7623,0.0013,0.811,0.652,nan,0.042,0.035,nan,0.7866,-6.328,-0.205,0.1242,0.154,0.114,0.77,-1
541,876.538,1280.72,17.6812,0.001,0.995,0.839,nan,0.024,0.03,nan,0.4875,-6.882,0.737,0.1087,0.141,0.122,0.78,-1
564,947.311,1065.49,17.8525,0.0011,0.833,0.779,nan,0.05,0.049,nan,0.3542,-1.206,-0.003,0.1255,0.152,0.125,0.15,-1
570,735.394,872.804,17.7884,0.0032,1.029,0.856,nan,0.03,0.037,nan,-0.8822,-6.677,1.359,0.4292,0.574,0.411,0.54,-1
576,904.616,967.987,17.6982,0.001,0.996,0.895,nan,0.032,0.028,nan,0.4513,-4.753,-2.997,0.116,0.148,0.11,0.79,-1
577,1143.42,1169.58,17.7922,0.001,0.936,0.777,nan,0.028,0.028,nan,0.257,-6.547,1.197,0.1135,0.146,0.112,0.63,-1
585,1105.49,1037.22,17.8409,0.0011,0.932,0.747,nan,0.027,0.027,nan,0.1101,-6.189,0.469,0.1196,0.161,0.126,0.8,-1
588,1053.24,960.604,17.7565,0.0009,0.974,0.874,nan,0.033,0.041,nan,0.4468,-1.661,-1.565,0.1206,0.152,0.118,0.59,-1
594,664.278,885.902,17.759,0.001,0.974,0.322,nan,0.032,0.066,nan,0.196,-8.71,2.601,0.1231,0.158,0.118,0.02,-1
596,955.935,715.35,17.8186,0.001,0.95,0.715,nan,0.032,0.034,nan,0.0348,-7.229,2.083,0.1208,0.152,0.12,0.42,-1
600,986.815,1294.98,17.7785,0.0011,1.095,0.943,nan,0.028,0.032,nan,0.5047,-5.4,-4.91,0.1133,0.149,0.116,0.3,-1
601,944.508,1302.92,17.7687,0.001,1.082,0.994,nan,0.029,0.032,nan,0.279,-10.939,2.153,0.1119,0.149,0.12,0.0,-1
608,1104.28,1243.65,17.7862,0.001,1.178,0.976,nan,0.028,0.031,nan,0.5398,-6.557,-3.422,0.1107,0.141,0.115,0.68,-1
622,1238.79,947.414,17.9045,0.0011,0.861,0.673,nan,0.037,0.029,nan,0.095,-1.365,4.377,0.1239,0.155,0.126,0.37,-1
632,861.842,791.388,17.906,0.001,0.992,0.922,nan,0.032,0.033,nan,-0.0502,-8.218,0.397,0.1254,0.156,0.123,0.55,-1
639,1035.08,701.052,17.9233,0.001,0.975,0.94,nan,0.042,0.042,nan,0.1411,-5.434,1.089,0.1294,0.167,0.126,0.76,-1
643,626.075,832.672,17.9636,0.0011,0.903,0.883,nan,0.035,0.039,nan,-0.1217,-9.76,-0.55,0.1303,0.17,0.132,0.27,-1
650,1111.73,1123.52,17.8765,0.001,1.156,1.057,nan,0.028,0.038,nan,0.1243,-6.025,0.422,0.1278,0.16,0.126,0.8,-1
665,757.435,899.402,17.7342,0.0009,1.45,1.15,nan,0.044,0.046,nan,0.3531,-8.414,-3.625,0.122,0.155,0.119,0.27,-1
669,795.209,1123.48,18.0495,0.0012,0.936,0.761,nan,0.033,0.035,nan,0.3395,-6.891,2.57,0.1393,0.181,0.136,0.41,-1
670,1090.26,770.894,17.9979,0.0012,0.989,0.87,nan,0.037,0.039,nan,0.1985,-8.203,0.323,0.1512,0.194,0.151,0.58,-1
678,698.29,705.84,17.9698,0.0011,1.006,0.861,nan,0.034,0.034,nan,0.2269,-11.99,1.204,0.1323,0.162,0.128,0.06,-1
695,1117.52,1130.02,17.8395,0.0012,1.413,1.3,nan,0.031,0.043,nan,0.4737,6.031,0.833,0.1256,0.169,0.125,0.13,-1
700,951.579,1183.98,18.1379,0.002,1.11,0.909,nan,0.044,0.053,nan,-0.607,-8.908,-0.278,0.165,0.233,0.17,0.27,-1
704,1325.73,938.337,18.1219,0.0012,0.948,0.907,nan,0.045,0.054,nan,0.022,-4.259,1.076,0.1455,0.182,0.145,0.65,-1
706,852.363,1092.59,18.1348,0.0013,0.999,0.952,nan,0.035,0.038,nan,0.2063,-7.883,-0.695,0.1557,0.197,0.142,0.55,-1
708,1008.17,1281.0,17.9908,0.0011,1.26,1.038,nan,0.032,0.043,nan,0.2304,-4.507,0.863,0.1244,0.161,0.133,0.65,-1
720,1158.2,789.628,18.1692,0.0013,0.864,0.667,nan,0.047,0.043,nan,-0.257,-5.403,2.44,0.1559,0.198,0.155,0.48,-1
730,1291.08,982.927,18.1524,0.0013,0.914,0.692,nan,0.045,0.048,nan,0.526,-3.773,-0.204,0.145,0.193,0.148,0.52,-1
734,1329.87,907.966,18.1186,0.0013,0.979,0.955,nan,0.041,0.061,nan,-0.0988,-9.199,-1.176,0.1495,0.187,0.15,0.38,-1
741,1335.91,1032.92,18.2079,0.0014,0.941,0.686,nan,0.041,0.036,nan,0.247,-13.367,-0.789,0.1498,0.205,0.153,0.33,-1
742,1242.91,1120.44,18.1881,0.0012,1.037,0.997,nan,0.037,0.043,nan,0.1179,-6.894,-0.552,0.1569,0.201,0.15,0.84,-1
743,1193.56,1203.68,18.0792,0.0012,1.215,1.004,nan,0.034,0.043,nan,0.1353,-8.225,1.33,0.1342,0.175,0.134,0.26,-1
749,1052.69,638.472,18.1695,0.0014,0.988,0.785,nan,0.037,0.051,nan,-0.2908,-7.213,0.407,0.1692,0.219,0.16,0.73,-1
758,636.072,752.058,18.261,0.0014,0.705,0.614,nan,0.044,0.043,nan,-0.1721,-8.288,2.294,0.1651,0.209,0.157,0.07,-1
770,950.95,649.415,17.6814,0.0009,1.998,1.479,nan,0.038,0.061,nan,1.2712,-18.062,0.317,0.1186,0.148,0.113,0.16,-1
786,747.525,947.086,18.2024,0.0015,0.98,0.817,nan,0.05,0.05,nan,-0.0221,-5.889,0.677,0.1687,0.213,0.164,0.77,-1
787,1217.15,1131.18,18.1707,0.0013,1.192,1.032,nan,0.038,0.043,nan,-0.0176,-4.545,0.811,0.1518,0.191,0.151,0.68,-1
795,719.624,711.866,18.2238,0.0013,0.919,0.747,nan,0.045,0.039,nan,0.1834,-5.917,1.972,0.1633,0.207,0.155,0.34,-1
801,1199.58,889.359,18.0777,0.0013,1.229,1.129,nan,0.047,0.06,nan,0.607,-5.993,3.915,0.1621,0.215,0.155,0.38,-1
803,1106.96,867.97,18.2909,0.0014,0.963,0.898,nan,0.043,0.043,nan,0.2587,-6.329,0.622,0.1651,0.207,0.158,0.75,-1
810,745.64,1231.41,18.2396,0.0013,1.008,0.766,nan,0.046,0.049,nan,0.0104,-8.636,0.961,0.1494,0.194,0.149,0.33,-1
819,1303.6,1124.11,18.3012,0.0015,1.009,0.773,nan,0.044,0.042,nan,0.2082,-7.836,1.712,0.1563,0.205,0.157,0.27,-1
823,1056.64,777.889,18.2692,0.0013,nan,0.772,nan,nan,0.051,nan,0.0074,-7.239,-0.733,0.1615,0.2,0.154,0.76,-1
837,786.474,627.636,18.761,0.0021,0.716,0.797,nan,0.069,0.071,nan,-0.1704,-5.95,-0.671,0.2256,0.291,0.216,0.73,-1
838,844.52,1107.82,18.369,0.0023,1.097,0.828,nan,0.041,0.042,nan,0.9209,-6.705,1.45,0.3959,0.503,0.376,0.51,-1
839,901.093,853.652,18.1297,0.0012,1.345,1.078,nan,0.052,0.053,nan,0.4499,1.707,-1.816,0.1497,0.184,0.143,0.39,-1
842,605.29,1056.25,18.2942,0.0014,1.127,0.985,nan,0.041,0.048,nan,0.431,-4.239,5.101,0.1666,0.207,0.158,0.25,-1
851,977.513,694.182,18.363,0.0013,0.811,0.595,nan,0.05,0.043,nan,0.5054,-5.3,1.27,0.1791,0.231,0.17,0.58,-1
859,1152.41,1213.43,18.4872,0.004,1.033,0.971,nan,0.046,0.053,nan,1.3734,-11.758,-0.689,0.4856,0.651,0.481,0.41,-1
862,910.354,673.565,18.0763,0.0012,1.521,1.293,nan,0.047,0.061,nan,0.6697,-7.427,-0.252,0.1551,0.187,0.142,0.61,-1
880,1053.29,1167.45,18.5348,0.0019,0.904,0.841,nan,0.046,0.045,nan,0.1197,-5.298,0.951,0.1805,0.247,0.194,0.75,-1
886,931.306,985.711,18.2945,0.0014,1.056,0.966,nan,0.058,0.059,nan,0.0538,-4.756,0.58,0.1814,0.228,0.172,0.67,-1
891,956.433,1208.18,18.3701,0.0014,1.142,0.899,nan,0.04,0.049,nan,0.0438,-9.13,-1.89,0.1662,0.216,0.166,0.42,-1
901,818.385,1277.84,18.5223,0.0016,0.944,0.801,nan,0.048,0.045,nan,0.026,-7.841,0.905,0.1866,0.243,0.181,0.49,-1
902,1071.89,871.848,18.4271,0.0014,0.98,0.859,nan,0.047,0.073,nan,0.4349,-7.615,1.599,0.1805,0.229,0.171,0.42,-1
909,808.635,1278.82,18.5058,0.0015,0.87,0.717,nan,0.048,0.044,nan,0.1477,-9.772,1.317,0.1792,0.234,0.175,0.1,-1
918,1017.11,918.126,18.416,0.0014,0.98,0.89,nan,0.06,0.064,nan,0.2208,-3.93,0.821,0.1741,0.221,0.17,0.46,-1
928,1095.01,807.612,18.1947,0.0014,1.436,1.233,nan,0.042,0.076,nan,0.2996,-4.921,-3.234,0.1632,0.213,0.159,0.79,-1
932,1021.34,1238.62,18.5454,0.0019,0.96,0.851,nan,0.049,0.055,nan,0.3341,-5.754,0.987,0.2115,0.276,0.217,0.66,-1
942,800.474,781.461,18.3851,0.0015,1.173,0.929,nan,0.044,0.048,nan,0.1463,-4.407,1.914,0.1825,0.23,0.174,0.56,-1
952,802.768,1243.96,18.5993,0.0018,0.81,0.665,nan,0.053,0.051,nan,0.4378,-6.355,0.787,0.2068,0.27,0.199,0.68,-1
956,636.297,787.045,18.3854,0.0014,1.236,1.022,nan,0.044,0.064,nan,0.4836,-4.589,-2.302,0.1699,0.217,0.166,0.8,-1
961,1219.87,1159.2,18.6923,0.0018,0.864,0.739,nan,0.057,0.05,nan,-0.2647,-5.996,1.157,0.2021,0.262,0.203,0.68,-1
963,1040.94,979.414,18.4388,0.0015,1.027,0.942,nan,0.056,0.056,nan,-0.1766,-5.67,0.997,0.1806,0.228,0.172,0.77,-1
964,916.746,797.876,18.4958,0.0017,1.117,0.998,nan,0.059,0.056,nan,0.0353,-4.62,1.278,0.1963,0.258,0.188,0.63,-1
977,1226.04,1148.76,18.5917,0.0018,0.91,0.798,nan,0.056,0.056,nan,0.2279,-6.856,0.826,0.1939,0.242,0.191,0.71,-1
992,1146.44,1074.75,18.522,0.0015,1.237,0.964,nan,0.048,0.062,nan,0.1686,-2.45,-2.637,0.191,0.247,0.187,0.53,-1
997,764.101,1058.7,18.4952,0.0016,1.274,1.031,nan,0.06,0.07,nan,0.7849,-4.9,0.426,0.1852,0.234,0.176,0.66,-1
998,830.049,735.491,18.7978,0.0028,0.973,1.065,nan,0.066,0.061,nan,0.8746,-6.923,-2.615,0.409,0.417,0.545,0.48,-1
0,1091.3,1192.51,18.7812,0.0018,0.885,1.061,nan,0.059,0.066,nan,0.3732,-5.854,1.469,0.2143,0.291,0.209,0.5,-1
1006,1008.46,656.471,18.7052,0.0018,0.74,0.729,nan,0.073,0.053,nan,0.1431,-6.976,0.292,0.2147,0.271,0.207,0.72,-1
1016,897.311,889.779,18.4864,0.0015,1.165,0.934,nan,0.064,0.068,nan,0.1659,-3.91,0.982,0.1894,0.23,0.181,0.5,-1
1018,604.803,1078.84,18.678,0.0019,1.207,1.043,nan,0.053,0.064,nan,0.1281,-5.743,0.832,0.2172,0.281,0.208,0.74,-1
1037,774.37,907.983,18.2567,0.0016,1.669,1.469,nan,0.042,0.089,nan,0.7263,-1.771,1.608,0.1723,0.22,0.155,0.06,-1
1040,644.524,1199.38,18.8513,0.0025,0.678,0.508,nan,0.077,0.058,nan,-0.0215,-5.56,-0.403,0.221,0.288,0.216,0.7,-1
1067,916.28,1262.37,18.8139,0.0022,0.81,0.728,nan,0.056,0.056,nan,0.3419,-6.524,-0.447,0.2172,0.294,0.214,0.79,-1
1089,826.789,1307.68,18.4843,0.0015,1.503,1.199,nan,0.053,0.086,nan,0.6594,-19.268,1.132,0.175,0.241,0.173,0.02,-1
1118,1243.61,1035.94,18.9196,0.0024,0.916,0.693,nan,0.076,0.062,nan,1.4389,-6.766,0.71,0.2784,0.37,0.279,0.88,-1
1128,983.896,1311.07,18.8497,0.0022,0.899,0.756,nan,0.067,0.066,nan,0.1136,-5.52,-0.88,0.2334,0.318,0.237,0.73,-1
1140,709.356,1074.1,18.9202,0.002,1.095,0.657,nan,0.062,0.059,nan,-0.0628,0.313,-0.812,0.2483,0.309,0.231,0.27,-1
1147,987.66,1020.65,18.8679,0.002,1.009,0.66,nan,0.065,0.068,nan,-0.4954,-4.916,-0.801,0.2659,0.332,0.252,0.76,-1
1157,1059.53,1016.23,18.9512,0.0021,0.912,0.619,nan,0.063,0.066,nan,0.2179,-5.622,-0.106,0.2563,0.317,0.236,0.71,-1
1158,701.42,1215.92,18.7787,0.0022,1.229,0.796,nan,0.056,0.071,nan,-0.5287,-5.547,0.356,0.2363,0.303,0.222,0.79,-1
1163,1265.22,1022.54,18.7587,0.0018,1.378,1.087,nan,0.052,0.079,nan,0.3126,-0.819,-3.799,0.2168,0.282,0.213,0.41,-1
1164,991.35,943.918,18.7901,0.0018,1.042,0.636,nan,0.076,0.062,nan,0.3714,-5.857,0.113,0.2383,0.298,0.233,0.72,-1
1171,1096.04,1239.45,19.0542,0.0023,0.688,0.55,nan,0.085,0.067,nan,0.0395,-5.598,0.179,0.2418,0.302,0.243,0.78,-1
1174,1209.88,1054.92,18.8691,0.0021,1.109,0.921,nan,0.064,0.076,nan,0.2545,-6.766,0.892,0.2333,0.29,0.222,0.67,-1
1175,793.297,950.115,18.8879,0.0021,0.758,0.511,nan,0.071,0.065,nan,-0.0111,-3.118,0.764,0.2434,0.305,0.231,0.36,-1
1181,735.078,1163.45,18.8619,0.002,1.031,0.897,nan,0.079,0.08,nan,0.2529,-5.513,-0.78,0.2308,0.305,0.229,0.69,-1
1193,1333.09,816.132,18.9234,0.0022,0.994,0.893,nan,0.072,0.09,nan,0.0298,-4.539,1.748,0.2536,0.311,0.246,0.62,-1
1195,819.93,687.007,18.9426,0.0019,0.883,0.802,nan,0.069,0.092,nan,0.2278,-9.409,1.81,0.2484,0.307,0.24,0.04,-1
1199,1237.12,1064.78,18.9633,0.0021,1.097,0.9,nan,0.063,0.071,nan,0.6118,-4.114,5.023,0.2488,0.312,0.247,0.3,-1
1200,893.755,985.555,18.8675,0.002,nan,0.624,nan,nan,0.064,nan,0.4556,-6.939,0.344,0.2405,0.307,0.227,0.73,-1
1202,906.487,1018.6,19.0136,0.0024,0.988,0.875,nan,0.078,0.077,nan,-0.0159,-6.432,1.038,0.2922,0.332,0.282,0.6,-1
1209,1226.38,1208.94,18.9847,0.0022,0.951,0.86,nan,0.08,0.081,nan,0.3414,-6.341,-0.752,0.2572,0.329,0.245,0.78,-1
1215,1301.79,761.223,18.9514,0.002,0.946,0.563,nan,0.083,0.079,nan,0.104,-3.696,-0.077,0.2549,0.331,0.257,0.49,-1
1217,1192.58,919.643,18.7013,0.0017,1.404,1.093,nan,0.072,0.096,nan,0.3363,-6.038,-2.431,0.2089,0.261,0.2,0.78,-1
1219,1049.87,1098.8,19.0448,0.0023,0.984,0.725,nan,0.078,0.074,nan,0.2218,-5.905,-1.65,0.2457,0.315,0.251,0.69,-1
1228,1038.67,1067.94,19.0004,0.0021,1.108,1.191,nan,0.069,0.096,nan,-0.0217,-6.311,-1.639,0.2357,0.297,0.25,0.79,-1
1241,797.842,1061.56,19.0066,0.0021,1.197,0.958,nan,0.067,0.081,nan,0.0357,-7.899,4.35,0.2644,0.328,0.254,0.32,-1
1243,816.61,718.643,18.9928,0.002,nan,0.913,nan,nan,0.096,nan,0.5967,-9.931,1.502,0.2558,0.32,0.256,0.07,-1
1259,904.912,715.447,18.8542,0.002,1.262,1.075,nan,0.071,0.094,nan,0.3621,-11.264,0.516,0.2509,0.312,0.228,0.14,-1
1280,649.701,869.499,19.0791,0.0024,nan,0.755,nan,nan,0.077,nan,0.458,-6.56,1.861,0.2774,0.342,0.256,0.35,-1
1285,1182.42,743.075,19.0971,0.0023,nan,0.576,nan,nan,0.095,nan,0.414,-7.79,0.663,0.2726,0.346,0.298,0.59,-1
1289,931.344,880.104,19.0607,0.002,nan,0.639,nan,nan,0.091,nan,-0.0057,-5.372,1.71,0.2642,0.321,0.255,0.55,-1
1307,704.829,845.993,19.1129,0.0022,1.148,0.707,nan,0.073,0.095,nan,-0.0664,-7.04,0.106,0.2691,0.329,0.258,0.71,-1
1320,790.252,1320.29,19.2586,0.0027,nan,0.74,nan,nan,0.089,nan,-0.6043,-6.85,-0.574,0.2918,0.371,0.297,0.8,-1
1328,659.379,1015.25,19.4954,0.0033,nan,0.413,nan,nan,0.081,nan,0.0166,-3.345,-0.182,0.3539,0.43,0.343,0.45,-1
892,705.792,702.528,18.464,0.0014,0.841,0.763,nan,0.053,0.046,nan,0.3854,-7.708,-2.178,0.1884,0.238,0.175,0.56,-1
