ID,x,y,Gmag,e_Gmag,VI,BV,UB,VIerr,BVerr,UBerr,Plx,pmRA,pmDE,e_Plx,e_pmRA,e_pmDE,MP,sel
160,1304.82,986.675,15.1759,0.0004,1.356,1.074,0.903,0.013,0.013,0.058,0.1475,-4.417,3.304,0.0288,0.052,0.048,0.999,1
149,1176.42,1183.84,15.2425,0.0005,1.165,0.908,0.395,0.006,0.007,0.025,0.1433,-4.428,3.242,0.0289,0.051,0.044,0.999,1
36,1064.6,1361.33,12.5472,0.0003,2.472,2.122,1.612,0.006,0.007,0.045,0.1565,-4.531,3.211,0.0299,0.052,0.046,0.998,1
30,1420.68,1056.85,13.0308,0.0003,1.451,1.312,0.87,0.006,0.006,0.012,0.4709,-4.248,2.64,0.0206,0.038,0.031,0.998,1
95,917.758,1055.86,14.8437,0.0003,0.817,0.66,0.529,0.005,0.005,0.017,0.38,-3.884,3.033,0.0271,0.049,0.043,0.998,1
123,1375.74,1600.46,14.9879,0.0004,1.227,0.934,0.556,0.009,0.008,0.023,0.2283,-4.502,3.324,0.0267,0.046,0.04,0.998,1
143,1105.01,1387.01,15.1316,0.0004,1.292,0.99,0.615,0.008,0.007,0.031,0.1861,-4.495,3.238,0.028,0.05,0.042,0.998,1
135,1274.99,1289.8,15.1372,0.0004,1.11,0.85,0.367,0.007,0.007,0.023,0.1326,-4.431,3.296,0.0285,0.049,0.043,0.998,1
141,1101.06,1101.77,15.1705,0.0004,1.153,0.887,0.379,0.006,0.006,0.025,0.1915,-4.401,3.128,0.0293,0.052,0.048,0.998,1
168,981.329,1490.19,15.1993,0.0004,1.425,1.097,0.769,0.021,0.007,0.049,0.1509,-4.537,3.157,0.0275,0.049,0.044,0.997,1
164,1158.42,1376.68,15.2509,0.0004,1.303,1.021,0.566,0.008,0.009,0.04,0.1032,-4.387,3.193,0.0304,0.052,0.047,0.997,1
204,785.492,1377.92,15.636,0.0006,1.187,0.943,0.417,0.009,0.009,0.036,0.1062,-4.385,3.164,0.034,0.062,0.055,0.997,1
280,1140.03,1671.1,16.0864,0.0006,1.217,0.918,0.524,0.01,0.01,0.06,0.1963,-4.187,3.519,0.0464,0.085,0.072,0.995,1
214,1020.1,1605.45,15.7158,0.0005,1.053,0.817,0.11,0.01,0.01,0.027,0.5206,-4.539,2.315,0.0348,0.063,0.056,0.988,1
142,1225.46,1156.92,15.1392,0.0005,1.227,0.945,-0.038,0.007,0.006,0.015,0.0565,-4.193,2.67,0.03,0.055,0.045,0.984,1
236,802.245,1355.38,15.8032,0.0012,1.273,0.979,0.36,0.01,0.01,0.049,0.1451,-4.589,3.474,0.0368,0.067,0.06,0.98,1
150,719.132,1166.8,15.2131,0.0004,1.203,0.979,0.394,0.006,0.006,0.028,0.3204,-6.288,2.374,0.029,0.055,0.051,0.979,1
245,1199.46,947.162,15.9203,0.0007,1.092,0.852,0.325,0.014,0.014,0.052,0.2962,-7.032,4.23,0.0437,0.078,0.068,0.979,1
87,1024.21,1635.98,14.4584,0.0003,1.454,1.327,0.881,0.01,0.007,0.035,0.3829,-5.249,2.087,0.0229,0.041,0.036,0.972,1
257,765.748,1251.59,16.0218,0.0007,1.068,0.835,0.492,0.009,0.01,0.046,0.2,-6.504,3.772,0.0472,0.086,0.074,0.938,1
31,1114.67,931.095,13.326,0.0003,1.006,0.906,0.484,0.01,0.01,0.01,3.1929,-2.628,-0.927,0.0172,0.031,0.028,0.928,1
279,899.797,1345.45,16.0116,0.0007,1.339,1.032,0.392,0.01,0.011,0.062,0.1707,-5.669,4.04,0.0424,0.078,0.071,0.913,1
324,784.245,1169.74,16.3806,0.0009,1.091,0.964,0.534,0.01,0.01,0.079,0.7234,-13.01,5.63,0.0476,0.092,0.085,0.886,1
7,1029.44,1121.11,11.7387,0.0003,0.542,0.451,-0.05,0.004,0.004,0.004,1.244,-10.471,7.827,0.0285,0.058,0.049,0.871,1
8,1363.46,1427.43,11.1105,0.0005,2.031,1.829,1.557,0.007,0.005,0.008,0.2836,-6.955,5.416,0.0386,0.066,0.051,0.848,1
274,704.909,1368.92,16.1163,0.0011,1.204,0.896,0.614,0.015,0.01,0.065,0.1799,-4.495,4.174,0.054,0.102,0.09,0.815,1
435,1175.63,1685.69,16.665,0.0007,1.33,1.055,0.254,0.015,0.017,0.094,0.3342,-10.816,3.278,0.0545,0.1,0.084,0.76,1
187,994.631,1371.78,15.406,0.0005,1.398,1.075,0.466,0.008,0.008,0.044,0.1426,-4.35,3.409,0.032,0.059,0.051,0.998,0
136,1114.34,1484.19,14.9445,0.0004,1.496,1.301,0.832,0.007,0.007,0.047,0.452,-5.29,3.415,0.0253,0.046,0.042,0.995,0
154,1451.29,1152.04,15.4114,0.0005,0.889,0.745,0.507,0.008,0.008,0.025,0.3399,-6.947,4.17,0.0304,0.058,0.046,0.983,0
243,1163.1,1580.08,15.8304,0.0006,1.204,0.924,0.434,0.011,0.01,0.047,0.2006,-4.49,3.631,0.0361,0.066,0.057,0.965,0
217,1160.45,1114.97,15.8136,0.0006,1.002,0.783,0.228,0.01,0.009,0.027,0.488,-6.83,3.379,0.0397,0.076,0.062,0.908,0
284,957.066,908.734,16.1804,0.0006,1.0,0.803,0.232,0.013,0.013,0.052,0.3226,-7.26,3.843,0.0456,0.087,0.08,0.895,0
240,817.15,1182.27,15.9621,0.0006,0.924,0.825,0.179,0.009,0.01,0.039,0.7105,-8.009,4.564,0.0429,0.081,0.076,0.888,0
46,736.499,1161.17,13.6801,0.0003,1.466,1.264,0.688,0.004,0.004,0.013,0.5463,-1.387,-2.516,0.019,0.035,0.033,0.884,0
20,1340.12,1454.62,12.5964,0.0002,0.658,0.549,-0.076,0.007,0.005,0.004,1.532,-3.098,4.617,0.036,0.059,0.051,0.874,0
320,1174.94,1706.6,16.3569,0.0007,1.005,0.806,0.002,0.013,0.012,0.041,0.5218,-6.03,2.917,0.0499,0.087,0.075,0.858,0
51,1006.35,1193.58,14.1249,0.0003,0.644,0.481,0.26,0.006,0.005,0.007,0.3518,-5.669,3.145,0.0231,0.043,0.038,0.847,0
246,1175.13,1221.69,15.9305,0.0006,1.094,0.909,0.263,0.01,0.01,0.042,0.3967,-10.45,4.466,0.0431,0.075,0.065,0.847,0
301,1242.51,1316.45,16.2658,0.0007,1.127,0.866,0.38,0.014,0.014,0.061,0.4821,0.901,-0.649,0.0487,0.082,0.07,0.838,0
112,1140.15,1423.79,14.8435,0.0004,1.255,0.948,0.617,0.007,0.006,0.024,0.0208,-4.102,3.239,0.0315,0.053,0.044,0.835,0
176,1412.65,1045.08,15.4357,0.0005,1.123,0.894,0.241,0.007,0.007,0.027,0.3692,-5.052,5.508,0.0317,0.057,0.048,0.829,0
78,1443.1,1470.0,14.4831,0.0002,0.874,0.744,0.177,0.007,0.007,0.01,0.6677,-7.295,8.013,0.0241,0.041,0.035,0.816,0
145,1361.06,992.655,15.3297,0.0004,0.879,0.739,0.078,0.013,0.011,0.018,0.6452,0.875,5.487,0.0317,0.055,0.047,0.802,0
182,771.874,1581.97,15.5421,0.0006,1.01,0.815,0.183,0.01,0.009,0.023,0.4787,-8.249,4.467,0.0323,0.059,0.055,0.8,0
423,1327.77,1562.99,16.7144,0.0007,1.134,0.857,0.102,0.053,0.044,0.075,0.1883,-9.677,7.588,0.0571,0.103,0.085,0.661,0
107,839.552,1414.37,14.9513,0.0005,0.852,0.715,0.395,0.007,0.006,0.016,0.3504,-6.566,5.33,0.1379,0.256,0.23,0.652,0
159,897.562,1594.8,15.3912,0.0005,0.925,0.742,0.22,0.009,0.007,0.021,0.4652,-7.414,4.894,0.03,0.054,0.046,0.595,0
226,978.78,1715.05,15.8722,0.0018,1.178,0.914,0.493,0.039,0.032,0.056,-0.0564,-4.378,3.855,0.1199,0.215,0.187,0.592,0
195,747.688,1120.57,15.6189,0.0006,1.134,1.003,0.458,0.008,0.008,0.04,0.9162,-20.349,15.696,0.0353,0.076,0.062,0.356,0
39,1093.71,996.163,12.8585,0.0004,2.313,2.032,nan,0.006,0.01,nan,0.2362,-4.29,3.31,0.0321,0.059,0.049,1.0,-1
44,1018.17,1296.88,12.8298,0.0004,2.596,2.208,nan,0.013,0.025,nan,0.1794,-4.618,3.245,0.0359,0.064,0.059,1.0,-1
56,959.652,1522.87,13.156,0.0004,2.574,2.28,nan,0.007,0.007,nan,0.1417,-4.432,3.146,0.0345,0.061,0.053,1.0,-1
81,956.72,1294.24,13.6854,0.0003,2.381,2.094,nan,0.006,0.006,nan,0.2031,-4.674,3.287,0.0272,0.05,0.045,1.0,-1
82,1505.05,1436.0,13.8394,0.0003,2.22,1.982,nan,0.007,0.007,nan,0.1699,-6.108,6.243,0.0266,0.046,0.04,0.48,-1
98,967.98,1633.38,13.9678,0.0003,2.417,2.074,nan,0.01,0.009,nan,0.152,-4.39,3.212,0.0289,0.051,0.045,1.0,-1
719,1161.78,1303.57,17.4475,0.001,1.29,0.998,nan,0.022,0.031,nan,0.2602,-4.113,3.176,0.0873,0.155,0.135,0.99,-1
125,1042.57,1323.6,14.6528,0.0003,1.842,1.625,nan,0.006,0.008,nan,0.3201,-4.092,2.717,0.0261,0.047,0.043,0.99,-1
132,965.186,1135.09,14.3738,0.0004,2.366,2.03,nan,0.006,0.01,nan,0.1642,-4.42,3.18,0.0314,0.061,0.051,1.0,-1
133,996.894,1452.68,14.3075,0.0004,2.426,1.968,nan,0.007,0.009,nan,0.21,-4.207,3.396,0.0368,0.066,0.058,1.0,-1
175,1155.97,890.676,15.1771,0.0004,1.592,1.406,nan,0.012,0.012,nan,0.3345,-7.927,6.385,0.0291,0.051,0.046,0.88,-1
199,1096.55,1126.86,15.4977,0.0007,1.405,1.191,nan,0.008,0.01,nan,2.0557,-3.352,-6.692,0.034,0.066,0.054,0.58,-1
234,871.958,1091.27,15.7569,0.0005,1.329,1.09,nan,0.008,0.009,nan,0.3504,-4.228,2.403,0.0364,0.068,0.06,1.0,-1
237,991.816,1399.51,15.6643,0.0006,1.515,1.181,nan,0.008,0.01,nan,0.145,-4.368,3.14,0.0364,0.065,0.057,1.0,-1
249,1360.61,1307.36,15.8283,0.0006,1.342,1.039,nan,0.009,0.01,nan,0.0828,-4.467,2.373,0.0362,0.065,0.056,0.97,-1
251,962.119,1307.83,15.8206,0.0006,1.295,0.983,nan,0.009,0.01,nan,0.2045,-4.445,3.431,0.0363,0.068,0.059,1.0,-1
256,1012.84,1364.44,15.848,0.0006,1.393,1.082,nan,0.009,0.01,nan,0.2008,-4.436,3.189,0.0414,0.074,0.063,1.0,-1
277,1336.99,1385.03,16.1137,0.0009,1.291,0.991,nan,0.031,0.029,nan,0.04,-3.903,3.001,0.0531,0.094,0.081,0.82,-1
282,1057.84,1247.83,16.0396,0.0007,1.374,1.07,nan,0.009,0.012,nan,0.2646,-4.463,3.265,0.0407,0.075,0.066,1.0,-1
293,1227.01,1256.78,16.1813,0.0006,1.126,0.885,nan,0.011,0.012,nan,0.129,-4.276,3.293,0.0441,0.079,0.068,1.0,-1
296,1366.67,1467.48,16.1697,0.0047,1.377,1.124,nan,0.011,0.013,nan,2.7189,-8.325,-8.591,0.4143,0.756,0.679,0.56,-1
297,1083.79,1544.94,16.0643,0.0007,1.339,1.035,nan,0.01,0.011,nan,0.1872,-4.483,3.253,0.0414,0.075,0.065,1.0,-1
302,728.097,1353.19,16.067,0.0007,1.439,1.086,nan,0.01,0.013,nan,0.1906,-4.634,2.912,0.0454,0.084,0.073,0.99,-1
305,817.447,1173.16,16.1115,0.0007,1.456,1.127,nan,0.01,0.013,nan,0.1685,-5.215,4.075,0.046,0.087,0.081,0.8,-1
306,835.236,1502.75,16.142,0.0007,1.303,1.039,nan,0.011,0.013,nan,0.3659,-3.395,2.195,0.0456,0.083,0.07,0.97,-1
310,1036.9,1359.36,16.1379,0.0007,1.412,1.076,nan,0.01,0.012,nan,0.1429,-4.347,3.073,0.0509,0.091,0.08,1.0,-1
317,1357.94,1373.86,16.1866,0.0007,1.435,1.108,nan,0.013,0.014,nan,0.1632,-5.226,3.363,0.0428,0.077,0.066,0.86,-1
326,1227.58,1219.04,16.2907,0.0008,1.325,1.02,nan,0.011,0.015,nan,0.0559,-4.039,2.852,0.0804,0.146,0.132,0.9,-1
338,917.747,1170.33,16.3511,0.0006,1.362,1.268,nan,0.032,0.033,nan,0.1344,-4.503,3.116,0.0461,0.086,0.075,1.0,-1
340,1269.36,1189.25,15.3395,0.0005,2.818,2.459,nan,0.01,0.027,nan,0.0878,-4.432,2.808,0.0521,0.09,0.079,0.98,-1
361,1340.29,1205.13,16.4895,0.0007,1.155,0.92,nan,0.014,0.014,nan,0.1741,-4.472,3.232,0.051,0.091,0.077,1.0,-1
375,956.175,1388.2,16.449,0.0007,1.323,1.066,nan,0.012,0.015,nan,0.1237,-4.296,3.229,0.0488,0.092,0.085,1.0,-1
380,1133.62,1367.46,16.4946,0.001,1.264,1.02,nan,0.012,0.016,nan,0.2928,-4.604,3.337,0.0974,0.172,0.155,0.99,-1
384,892.047,1206.61,16.5532,0.0009,1.207,0.963,nan,0.012,0.014,nan,0.5167,-7.364,4.267,0.1159,0.213,0.186,0.95,-1
388,1234.07,1415.17,16.5483,0.0006,1.249,1.017,nan,0.013,0.015,nan,0.1937,-4.189,3.324,0.0505,0.092,0.079,1.0,-1
1037,1246.63,1348.41,18.0561,0.0039,1.367,1.006,nan,0.038,0.06,nan,0.038,-4.416,3.455,0.138,0.269,0.23,0.92,-1
394,1096.82,1479.03,16.4777,0.0007,1.399,1.097,nan,0.013,0.016,nan,0.28,-4.323,3.156,0.0515,0.093,0.077,1.0,-1
397,1173.25,1429.66,16.4875,0.0007,1.389,1.122,nan,0.013,0.016,nan,0.1448,-4.476,3.271,0.0528,0.093,0.084,1.0,-1
400,1346.25,1600.07,16.6118,0.0007,1.127,0.887,nan,0.012,0.015,nan,0.2094,-4.338,3.236,0.0566,0.103,0.089,1.0,-1
404,991.057,1542.63,16.5223,0.0007,1.315,1.022,nan,0.013,0.014,nan,0.1838,-4.329,3.157,0.0524,0.097,0.085,1.0,-1
413,1201.2,1282.77,16.6982,0.0007,1.117,0.854,nan,0.013,0.014,nan,0.1815,-4.512,3.011,0.0623,0.105,0.089,0.99,-1
415,1185.98,1708.06,15.8586,0.0009,2.461,2.1,nan,0.013,0.026,nan,0.0844,-7.223,4.613,0.0553,0.086,0.075,0.8,-1
416,897.135,1406.07,16.6315,0.0007,1.317,1.026,nan,0.013,0.016,nan,0.2867,-4.521,3.286,0.0528,0.099,0.087,1.0,-1
419,1235.99,1134.08,16.7154,0.0007,1.16,0.88,nan,0.015,0.015,nan,0.1797,-4.484,3.265,0.0594,0.107,0.087,1.0,-1
421,1192.83,1228.09,16.5652,0.0008,1.474,1.133,nan,0.013,0.019,nan,0.0144,-5.28,3.558,0.0591,0.107,0.092,0.76,-1
422,898.761,1142.61,16.7442,0.0008,1.216,1.057,nan,0.019,0.019,nan,1.0768,-8.489,1.12,0.0661,0.133,0.107,0.91,-1
424,1266.42,1346.74,16.7512,0.0008,1.141,0.94,nan,0.015,0.019,nan,0.5579,-8.332,3.673,0.0567,0.104,0.089,0.85,-1
438,955.834,991.962,16.7665,0.0008,1.193,0.938,nan,0.016,0.017,nan,0.2314,-5.531,3.431,0.0614,0.118,0.108,0.9,-1
439,735.556,1209.15,17.1907,0.0015,1.284,1.156,nan,0.027,0.031,nan,0.12,-4.873,2.772,0.0837,0.162,0.149,0.97,-1
445,1357.55,1184.42,16.7828,0.0007,1.236,1.012,nan,0.013,0.018,nan,0.2025,-4.135,2.885,0.0599,0.109,0.093,0.98,-1
447,1292.07,1423.72,16.7487,0.0008,1.277,1.04,nan,0.016,0.018,nan,0.2895,-7.951,6.258,0.0677,0.123,0.106,0.84,-1
450,1037.49,1271.81,16.7378,0.0008,1.383,1.095,nan,0.015,0.016,nan,0.1887,-4.392,3.286,0.0639,0.109,0.094,1.0,-1
463,953.619,1341.49,16.8407,0.0008,1.233,0.952,nan,0.017,0.021,nan,0.0958,-4.481,3.266,0.0649,0.12,0.101,0.99,-1
471,1265.62,920.338,16.8582,0.0008,1.164,0.914,nan,0.02,0.019,nan,0.3608,-7.237,4.245,0.0638,0.121,0.102,0.97,-1
475,1282.62,1164.72,16.8633,0.0008,1.205,0.959,nan,0.013,0.017,nan,0.3148,-7.288,3.728,0.0602,0.117,0.094,0.9,-1
478,1335.91,1494.08,16.8164,0.0008,1.275,0.949,nan,0.016,0.018,nan,0.1293,-4.406,3.276,0.0613,0.112,0.096,1.0,-1
479,865.925,961.793,16.7822,0.0007,1.318,1.136,nan,0.019,0.022,nan,0.4028,-4.217,5.318,0.0621,0.123,0.106,0.86,-1
480,978.712,1440.53,16.664,0.0008,1.576,1.194,nan,0.016,0.021,nan,0.1085,-4.429,3.319,0.0603,0.109,0.098,0.99,-1
485,1082.87,1344.6,16.79,0.0007,1.392,1.107,nan,0.014,0.021,nan,0.186,-4.812,3.306,0.062,0.111,0.094,0.98,-1
492,1372.3,1028.19,16.8142,0.0009,1.402,1.039,nan,0.015,0.02,nan,0.0441,-4.818,3.402,0.0893,0.16,0.134,0.87,-1
495,686.794,1375.61,16.1738,0.0008,2.401,2.046,nan,0.014,0.035,nan,0.0362,-5.546,4.642,0.0664,0.124,0.114,0.62,-1
499,1280.44,1714.66,17.9792,0.0018,1.269,1.117,nan,0.042,0.035,nan,0.6499,-5.864,3.639,0.1812,0.47,0.475,0.91,-1
500,1061.4,938.203,16.8117,0.0009,1.397,1.092,nan,0.021,0.026,nan,0.2699,-6.653,2.271,0.0826,0.154,0.138,0.96,-1
504,1309.48,1492.86,17.0725,0.0017,1.143,1.005,nan,0.032,0.043,nan,0.7356,-5.162,3.027,0.1828,0.343,0.299,0.95,-1
505,904.004,1463.13,16.8881,0.0009,1.37,1.058,nan,0.019,0.024,nan,0.0994,-4.581,3.267,0.07,0.139,0.128,0.99,-1
507,1107.79,1403.74,16.8331,0.0009,1.417,1.191,nan,0.014,0.023,nan,0.2153,-5.447,3.172,0.0683,0.119,0.098,0.82,-1
508,897.669,1375.31,16.8707,0.0008,1.389,1.098,nan,0.014,0.022,nan,0.1347,-4.275,3.368,0.0602,0.116,0.106,0.99,-1
512,1399.85,1417.24,16.9687,0.0009,1.266,1.086,nan,0.015,0.019,nan,0.9334,-6.536,4.741,0.085,0.15,0.133,0.97,-1
516,914.689,1500.65,16.8813,0.0008,1.382,1.047,nan,0.017,0.022,nan,0.1826,-4.493,3.127,0.0651,0.119,0.102,1.0,-1
518,1057.03,1374.18,17.0765,0.0014,1.335,0.961,nan,0.051,0.075,nan,0.2776,-4.407,3.065,0.0799,0.142,0.121,0.99,-1
525,1003.0,988.83,16.9177,0.0008,1.177,0.95,nan,0.019,0.021,nan,0.2279,-4.442,3.336,0.0675,0.123,0.105,1.0,-1
527,1035.88,1422.03,16.9377,0.0007,1.336,1.049,nan,0.016,0.02,nan,0.224,-4.267,3.52,0.0635,0.117,0.1,0.99,-1
530,1462.74,1447.62,17.002,0.0007,1.23,0.947,nan,0.018,0.02,nan,0.2194,-3.148,0.228,0.0645,0.119,0.101,0.85,-1
538,1049.67,1184.87,16.9885,0.0008,1.323,1.044,nan,0.015,0.019,nan,0.2088,-4.461,3.277,0.0652,0.125,0.114,1.0,-1
540,995.771,1250.03,16.9636,0.0008,1.391,1.043,nan,0.016,0.022,nan,0.1048,-4.401,3.427,0.0658,0.123,0.11,0.98,-1
543,1102.03,1207.67,17.0622,0.003,1.301,1.019,nan,0.016,0.022,nan,1.0408,-1.785,6.493,0.4733,0.887,0.791,0.57,-1
555,1089.14,1098.36,17.0902,0.0008,1.222,0.969,nan,0.018,0.021,nan,0.0683,-4.234,3.415,0.0765,0.153,0.141,0.95,-1
561,1293.9,1619.08,17.112,0.0007,1.207,1.008,nan,0.018,0.022,nan,0.1108,-4.327,2.945,0.0683,0.128,0.111,0.99,-1
566,1276.14,1539.19,17.109,0.0008,1.206,0.941,nan,0.017,0.023,nan,0.2915,-4.299,3.09,0.0741,0.149,0.119,0.99,-1
574,1476.88,1146.95,16.6799,0.0009,2.034,1.572,nan,0.013,0.033,nan,0.2636,-6.138,3.308,0.054,0.103,0.084,0.95,-1
575,1357.9,1279.12,17.1567,0.0007,1.235,0.997,nan,0.021,0.02,nan,0.4631,-6.022,4.44,0.0708,0.13,0.11,0.88,-1
576,1496.63,1406.4,17.9975,0.0014,1.357,1.075,nan,0.049,0.041,nan,0.278,-4.374,2.946,0.1366,0.299,0.25,0.98,-1
577,1067.98,1543.96,17.0888,0.0011,1.267,0.987,nan,0.019,0.021,nan,0.351,-5.0,3.893,0.0711,0.126,0.105,0.86,-1
581,1096.85,1749.47,17.0243,0.0008,1.431,1.09,nan,0.019,0.025,nan,0.2406,-4.062,3.091,0.0661,0.123,0.11,0.99,-1
598,1148.07,1675.54,17.2028,0.0051,1.312,1.036,nan,0.019,0.024,nan,0.2559,3.825,10.978,0.2924,0.525,0.461,0.22,-1
600,1059.56,1465.68,17.0961,0.0008,1.417,1.073,nan,0.019,0.026,nan,0.0408,-4.484,3.575,0.0773,0.141,0.122,0.87,-1
604,1229.88,1145.5,17.2643,0.0009,1.191,1.011,nan,0.019,0.024,nan,0.4745,-4.554,3.735,0.0803,0.145,0.117,0.95,-1
605,1007.04,907.053,17.0291,0.0008,1.545,1.138,nan,0.024,0.029,nan,0.1323,-4.643,3.644,0.0726,0.131,0.117,0.87,-1
617,1228.33,1451.96,17.2287,0.0008,1.257,1.015,nan,0.019,0.023,nan,0.1257,-4.786,3.392,0.0717,0.133,0.115,0.95,-1
622,1261.53,975.448,17.1725,0.0042,1.478,1.105,nan,0.023,0.028,nan,-0.4064,-6.839,3.197,0.4803,0.896,0.812,0.56,-1
625,1108.83,1264.64,17.1158,0.0009,1.537,1.227,nan,0.02,0.028,nan,0.2128,-6.441,4.608,0.0772,0.134,0.123,0.82,-1
629,1207.74,898.222,16.619,0.0008,2.325,1.956,nan,0.022,0.049,nan,0.1835,-3.979,2.072,0.0666,0.122,0.105,0.87,-1
630,1481.12,1423.64,17.1988,0.0009,1.442,1.107,nan,0.017,0.024,nan,-0.1151,-5.021,3.139,0.1056,0.191,0.165,0.67,-1
645,1496.31,1282.22,17.1039,0.0008,1.614,1.262,nan,0.02,0.029,nan,0.1624,-6.927,4.602,0.0672,0.124,0.106,0.8,-1
649,1084.26,1404.03,17.25,0.0009,1.355,1.05,nan,0.021,0.025,nan,0.1299,-4.698,3.36,0.0774,0.142,0.117,0.98,-1
650,1118.29,982.841,17.321,0.0008,1.225,1.032,nan,0.024,0.03,nan,0.1884,-4.484,3.251,0.0782,0.148,0.126,1.0,-1
655,1366.87,1497.77,17.1677,0.0008,1.589,1.272,nan,0.02,0.03,nan,0.3331,-6.982,5.116,0.0727,0.13,0.11,0.72,-1
656,727.712,1226.58,17.2694,0.001,1.353,1.076,nan,0.019,0.025,nan,0.031,-4.277,3.41,0.0801,0.154,0.136,0.94,-1
664,689.47,1295.14,17.2507,0.0008,1.454,1.13,nan,0.02,0.027,nan,0.088,-4.514,3.226,0.0751,0.141,0.122,0.99,-1
666,1336.22,1645.65,17.1538,0.0008,1.624,1.397,nan,0.022,0.035,nan,1.2856,-18.371,10.32,0.0715,0.13,0.11,0.67,-1
668,1369.37,1199.63,17.2501,0.0036,1.455,0.719,nan,0.028,0.05,nan,-0.879,-9.61,2.344,0.6231,1.174,1.008,0.55,-1
669,985.732,1729.06,17.3278,0.0009,1.238,0.966,nan,0.022,0.027,nan,0.1836,-4.419,3.103,0.0749,0.138,0.118,1.0,-1
673,1118.96,1299.73,17.2943,0.0009,1.437,1.179,nan,0.022,0.028,nan,0.2256,-4.379,3.373,0.082,0.142,0.126,1.0,-1
677,751.279,1272.71,17.1143,0.0008,1.756,1.426,nan,0.02,0.034,nan,0.1053,-6.396,3.507,0.0729,0.141,0.12,0.91,-1
678,830.416,1278.04,17.3732,0.0009,1.286,1.076,nan,0.022,0.027,nan,0.2951,-3.462,1.497,0.082,0.153,0.129,0.77,-1
679,1044.14,1261.22,17.4249,0.0069,1.484,1.124,nan,0.02,0.031,nan,0.4797,-0.723,6.017,0.4832,0.907,0.805,0.57,-1
691,1245.65,1193.85,16.6953,0.0008,2.413,2.119,nan,0.019,0.061,nan,0.1387,-3.293,1.434,0.0584,0.104,0.089,0.9,-1
692,841.62,1534.86,17.426,0.0014,1.262,1.031,nan,0.021,0.026,nan,0.6425,-7.003,3.732,0.0849,0.162,0.14,0.96,-1
693,881.144,1678.42,17.456,0.001,1.28,0.99,nan,0.025,0.029,nan,0.1268,-4.47,3.202,0.0872,0.161,0.136,0.99,-1
694,1147.61,1411.32,17.303,0.0009,1.484,1.293,nan,0.022,0.033,nan,0.2589,-10.252,6.938,0.0776,0.138,0.117,0.67,-1
700,817.314,1548.48,17.3612,0.0009,1.389,1.167,nan,0.019,0.027,nan,0.2234,-4.476,3.139,0.0799,0.146,0.127,1.0,-1
707,974.227,1379.84,17.3333,0.0009,1.462,1.179,nan,0.019,0.029,nan,0.2858,-4.412,3.255,0.0864,0.157,0.129,1.0,-1
715,1248.47,1635.87,17.5301,0.001,1.114,0.974,nan,0.022,0.027,nan,0.5063,-5.826,5.101,0.0916,0.161,0.138,0.8,-1
883,1080.01,1322.51,17.8125,0.0013,1.295,1.028,nan,0.027,0.04,nan,0.3104,-4.272,3.459,0.1028,0.186,0.155,0.99,-1
720,961.246,998.391,17.4772,0.0011,1.288,0.963,nan,0.021,0.03,nan,0.0263,-4.787,3.081,0.0957,0.182,0.165,0.94,-1
721,709.831,1509.42,17.4392,0.0009,1.332,1.084,nan,0.023,0.032,nan,0.3703,-5.985,2.088,0.0811,0.153,0.133,0.98,-1
726,1221.97,1304.04,17.4725,0.001,1.268,1.037,nan,0.023,0.033,nan,0.4118,-9.392,4.997,0.0948,0.16,0.134,0.67,-1
730,1395.89,1048.65,17.3979,0.0011,1.528,1.22,nan,0.023,0.033,nan,0.1988,-4.307,3.194,0.0906,0.17,0.142,0.99,-1
731,812.759,1276.85,17.1565,0.0053,2.101,1.566,nan,0.019,0.039,nan,nan,nan,nan,nan,nan,nan,0.0,-1
733,813.616,1436.05,17.4522,0.001,1.362,1.196,nan,0.02,0.036,nan,0.4136,-9.737,3.576,0.0921,0.157,0.135,0.79,-1
738,1132.54,1203.56,17.5098,0.0011,1.326,1.003,nan,0.022,0.031,nan,0.3124,-4.253,2.803,0.0874,0.164,0.145,0.96,-1
739,1304.71,957.046,17.5169,0.0043,1.469,1.194,nan,0.025,0.04,nan,nan,nan,nan,nan,nan,nan,0.0,-1
746,903.81,1240.5,17.5204,0.001,1.328,1.094,nan,0.021,0.03,nan,0.3334,-4.589,3.046,0.0892,0.173,0.15,0.99,-1
747,690.513,1341.02,17.3914,0.001,1.483,1.121,nan,0.023,0.029,nan,0.2444,-4.828,3.634,0.0882,0.169,0.146,0.89,-1
752,1418.21,1548.72,17.5798,0.0013,1.316,1.07,nan,0.026,0.033,nan,0.2941,-3.711,4.028,0.0884,0.17,0.146,0.9,-1
758,1306.34,1100.82,17.6192,0.0011,1.287,1.051,nan,0.024,0.03,nan,0.1322,-4.444,3.07,0.0991,0.177,0.15,0.99,-1
759,1323.07,1625.45,17.5347,0.001,1.386,1.133,nan,0.023,0.033,nan,0.2158,-3.356,1.491,0.0914,0.173,0.139,0.81,-1
761,954.022,985.024,18.0225,0.0018,1.248,1.059,nan,0.065,0.063,nan,0.2969,-4.029,4.026,0.1419,0.273,0.246,0.84,-1
763,689.679,1405.41,17.5661,0.001,1.288,1.082,nan,0.023,0.034,nan,0.4098,-7.233,5.419,0.0895,0.172,0.151,0.77,-1
767,935.673,928.367,17.4685,0.0013,1.449,1.141,nan,0.028,0.04,nan,0.2565,-4.443,3.18,0.0965,0.189,0.178,0.99,-1
769,1011.56,1136.24,17.6747,0.0017,1.326,1.171,nan,0.026,0.038,nan,0.2769,-5.134,3.628,0.1079,0.224,0.182,0.86,-1
770,1298.88,1493.65,17.5034,0.0011,1.424,1.115,nan,0.024,0.035,nan,0.4228,-6.16,3.348,0.0982,0.186,0.158,0.86,-1
776,1224.71,1003.31,17.6397,0.0011,1.286,1.0,nan,0.026,0.03,nan,0.1723,-4.644,3.161,0.0956,0.192,0.155,0.99,-1
777,740.791,1059.3,16.8361,0.0009,2.525,2.148,nan,0.022,0.064,nan,0.1775,-6.025,3.204,0.0677,0.13,0.121,0.82,-1
786,1068.73,975.249,17.5002,0.0022,1.571,1.252,nan,0.03,0.054,nan,0.0498,-5.64,4.962,0.1347,0.257,0.229,0.46,-1
787,1477.13,1285.78,17.5284,0.001,1.489,1.194,nan,0.026,0.032,nan,0.092,-4.65,3.314,0.0898,0.169,0.141,0.97,-1
788,1426.24,1357.47,17.4675,0.0009,1.517,1.147,nan,0.022,0.034,nan,0.1432,-4.426,3.389,0.0822,0.152,0.129,0.99,-1
798,1431.27,1330.26,17.5162,0.001,1.571,1.276,nan,0.026,0.037,nan,0.1974,-4.854,3.268,0.088,0.159,0.138,0.96,-1
801,1318.7,1255.31,17.5925,0.0011,1.427,1.065,nan,0.029,0.039,nan,0.2456,-4.17,3.021,0.0924,0.165,0.139,0.99,-1
804,1226.83,1589.39,17.8253,0.0016,1.352,1.105,nan,0.061,0.058,nan,0.5986,-9.042,4.96,0.1236,0.224,0.198,0.8,-1
809,1411.21,1249.78,16.8554,0.0008,2.608,2.22,nan,0.02,0.079,nan,0.2743,-6.499,2.996,0.0636,0.116,0.1,0.69,-1
819,922.288,1326.57,17.533,0.001,1.51,1.29,nan,0.026,0.046,nan,0.2056,-4.419,3.381,0.0898,0.173,0.146,0.99,-1
817,1122.61,1524.89,17.3944,0.0009,1.809,1.433,nan,0.023,0.046,nan,0.224,-3.7,3.046,0.0769,0.143,0.121,0.98,-1
826,1418.42,1132.09,17.5908,0.0009,1.533,1.113,nan,0.029,0.039,nan,0.1179,-9.649,4.038,0.089,0.172,0.138,0.74,-1
830,1081.14,1227.8,17.6625,0.0012,1.364,1.164,nan,0.029,0.044,nan,0.6544,-12.742,3.776,0.1052,0.199,0.184,0.85,-1
829,1251.87,1220.19,17.6457,0.0013,1.41,1.131,nan,0.028,0.042,nan,0.1112,-4.262,3.15,0.1014,0.184,0.155,0.98,-1
836,696.922,1127.28,17.6666,0.0011,1.422,1.122,nan,0.027,0.038,nan,0.365,-8.603,3.961,0.0947,0.188,0.158,0.77,-1
837,1185.92,1517.69,17.7338,0.0011,1.327,1.019,nan,0.03,0.036,nan,0.1657,-4.415,2.987,0.1143,0.206,0.185,0.99,-1
843,1056.92,1255.57,17.5726,0.0012,1.564,1.314,nan,0.026,0.04,nan,0.1691,-4.086,2.79,0.0974,0.186,0.161,0.94,-1
845,1262.31,1538.51,17.7309,0.0012,1.295,1.016,nan,0.029,0.036,nan,0.0747,-5.319,3.221,0.0964,0.187,0.164,0.77,-1
849,1190.07,1421.6,18.586,0.002,1.516,1.27,nan,0.057,0.054,nan,0.3771,-4.908,2.695,0.183,0.374,0.373,0.94,-1
855,1326.35,1326.88,17.6748,0.0012,1.42,0.982,nan,0.034,0.062,nan,0.0401,-4.261,3.455,0.0979,0.182,0.154,0.94,-1
859,1160.85,1202.09,17.6249,0.0011,1.558,1.125,nan,0.025,0.045,nan,0.1881,-5.597,3.51,0.0983,0.176,0.148,0.83,-1
860,1191.27,1682.33,17.692,0.001,1.426,1.212,nan,0.026,0.041,nan,0.3377,-4.917,5.945,0.0955,0.173,0.146,0.74,-1
862,917.497,1281.23,17.6705,0.0012,1.806,1.285,nan,0.041,0.042,nan,0.2458,-4.467,2.557,0.0959,0.183,0.159,0.85,-1
869,988.501,1226.84,17.7161,0.0011,1.411,1.08,nan,0.027,0.041,nan,0.1129,-4.306,3.238,0.0963,0.179,0.159,0.98,-1
871,1056.97,1565.33,18.0472,0.0016,1.391,1.159,nan,0.049,0.05,nan,0.3752,-3.875,3.122,0.1273,0.233,0.19,0.99,-1
877,694.396,1265.82,17.6786,0.0012,1.488,1.29,nan,0.028,0.045,nan,0.1027,-4.476,3.396,0.0956,0.184,0.169,0.97,-1
879,1276.69,1214.06,17.6941,0.0012,1.531,1.208,nan,0.031,0.046,nan,0.1729,-4.522,4.431,0.1016,0.183,0.155,0.68,-1
880,1034.07,1594.25,17.7931,0.0013,1.297,1.019,nan,0.033,0.04,nan,0.2301,-4.301,3.452,0.1092,0.214,0.175,0.98,-1
884,856.981,1306.3,17.951,0.0019,1.545,1.247,nan,0.033,0.043,nan,-0.5732,-3.47,2.784,0.2617,0.507,0.441,0.68,-1
888,1275.33,1245.6,17.5893,0.001,1.759,1.563,nan,0.026,0.053,nan,0.2687,-4.276,4.107,0.0913,0.17,0.146,0.81,-1
892,842.955,1402.61,17.8599,0.0014,1.288,1.012,nan,0.031,0.041,nan,0.3813,-3.958,3.072,0.1123,0.216,0.183,0.99,-1
894,1165.18,1339.28,17.7897,0.0012,1.42,1.107,nan,0.029,0.041,nan,0.2377,-6.472,2.898,0.1056,0.195,0.164,0.65,-1
897,1057.26,1155.19,17.79,0.0016,1.395,1.144,nan,0.035,0.048,nan,0.4125,-5.009,2.514,0.1283,0.239,0.202,0.9,-1
900,800.288,1403.82,17.8349,0.0012,1.353,1.051,nan,0.029,0.043,nan,0.1421,-4.277,3.275,0.1099,0.212,0.179,0.98,-1
901,1410.96,1136.58,17.7609,0.0011,1.475,1.171,nan,0.032,0.046,nan,0.2918,-4.99,3.031,0.0972,0.188,0.152,0.91,-1
903,1393.86,1460.31,17.8531,0.0014,1.457,1.266,nan,0.028,0.044,nan,0.0063,-4.34,3.076,0.1215,0.239,0.2,0.95,-1
905,1192.01,1595.67,17.8681,0.0013,1.329,1.094,nan,0.031,0.039,nan,0.5799,-9.174,4.714,0.1056,0.2,0.171,0.89,-1
910,1392.15,1186.45,17.8279,0.0011,1.453,1.072,nan,0.033,0.042,nan,0.3192,-5.664,2.302,0.1002,0.186,0.157,0.97,-1
916,757.62,1415.39,17.855,0.0011,1.386,1.121,nan,0.03,0.04,nan,0.1249,-4.416,3.495,0.108,0.206,0.18,0.96,-1
927,911.444,1038.07,17.9337,0.0016,1.416,1.182,nan,0.04,0.048,nan,0.1855,-5.596,3.925,0.1366,0.284,0.254,0.75,-1
932,993.489,1346.17,17.7576,0.0011,1.508,1.198,nan,0.033,0.049,nan,0.1453,-4.598,3.465,0.1027,0.198,0.164,0.96,-1
933,1141.29,1164.57,17.9327,0.0012,1.371,1.057,nan,0.032,0.044,nan,0.1575,-4.395,2.895,0.1236,0.251,0.22,0.98,-1
934,1366.06,1133.14,17.9143,0.0012,1.381,1.2,nan,0.029,0.041,nan,0.2473,-7.67,5.28,0.1065,0.209,0.168,0.54,-1
953,759.48,1324.78,17.9202,0.0012,1.421,1.119,nan,0.032,0.049,nan,0.1442,-4.732,3.188,0.1177,0.227,0.198,0.97,-1
968,1022.89,1686.37,17.9769,0.0013,1.3,1.074,nan,0.031,0.042,nan,0.5521,-5.345,3.421,0.1105,0.205,0.171,0.97,-1
973,1192.07,1385.66,17.9802,0.0013,1.304,1.128,nan,0.036,0.049,nan,0.3375,-3.666,5.161,0.1121,0.211,0.184,0.87,-1
977,698.754,1417.2,17.9491,0.0016,1.429,0.968,nan,0.044,0.051,nan,0.2119,-4.773,3.281,0.1217,0.216,0.198,0.97,-1
982,1299.67,1441.49,17.8155,0.0012,1.668,1.36,nan,0.035,0.056,nan,-0.1182,-5.448,2.826,0.1046,0.201,0.171,0.67,-1
989,1061.82,1431.82,17.9569,0.0014,1.485,1.183,nan,0.035,0.059,nan,0.1751,-4.578,3.329,0.109,0.205,0.172,0.98,-1
995,1229.1,1076.67,17.9889,0.0014,1.552,1.349,nan,0.032,0.053,nan,0.1946,-6.371,4.897,0.1215,0.226,0.196,0.52,-1
998,867.194,1264.14,18.0353,0.0013,1.401,1.22,nan,0.035,0.048,nan,0.247,-5.82,5.124,0.1134,0.223,0.202,0.47,-1
1002,1392.48,1349.61,18.0384,0.0014,1.392,1.138,nan,0.033,0.055,nan,0.087,-4.62,3.353,0.1181,0.219,0.185,0.95,-1
1003,1061.15,1340.06,17.9564,0.0013,1.477,1.053,nan,0.033,0.046,nan,0.3054,-4.183,3.321,0.1097,0.2,0.168,0.99,-1
1007,1252.19,1663.17,17.9782,0.0012,1.418,1.087,nan,0.03,0.049,nan,0.159,-6.764,4.017,0.1312,0.236,0.2,0.77,-1
1010,938.044,1244.18,17.9997,0.0012,1.456,1.179,nan,0.031,0.053,nan,0.0502,-4.435,3.308,0.1136,0.219,0.188,0.96,-1
1015,1162.67,1463.86,18.1095,0.0014,1.483,1.239,nan,0.036,0.051,nan,0.1572,-4.89,2.769,0.1296,0.228,0.184,0.96,-1
1021,1130.05,1119.44,18.0821,0.0013,1.331,1.121,nan,0.036,0.051,nan,0.2464,-4.34,3.586,0.1253,0.249,0.205,0.96,-1
1020,1432.45,1384.78,17.9014,0.0012,1.707,1.377,nan,0.033,0.061,nan,1.027,-6.503,-4.469,0.1075,0.208,0.175,0.7,-1
1022,722.604,1454.35,18.0302,0.0014,1.426,1.163,nan,0.033,0.049,nan,0.5523,-4.556,3.093,0.116,0.221,0.194,0.98,-1
1025,1225.4,1528.9,17.8718,0.0011,1.765,1.339,nan,0.032,0.056,nan,0.8111,-13.391,11.972,0.1189,0.215,0.196,0.48,-1
1035,1447.62,1167.41,18.0327,0.0013,1.549,1.221,nan,0.039,0.055,nan,-0.0449,-5.017,2.339,0.1173,0.225,0.182,0.84,-1
1041,1185.52,1208.09,18.0466,0.0013,1.455,1.227,nan,0.044,0.057,nan,0.6312,-4.009,2.661,0.1181,0.214,0.181,1.0,-1
1042,1022.11,1533.34,18.055,0.0013,1.444,1.067,nan,0.03,0.051,nan,0.3363,-4.886,3.689,0.115,0.217,0.189,0.89,-1
1043,1371.96,1069.32,18.0868,0.0014,1.456,1.102,nan,0.04,0.053,nan,0.1529,-4.363,3.325,0.117,0.216,0.183,0.98,-1
1048,961.157,947.929,18.1153,0.0014,1.349,1.169,nan,0.041,0.058,nan,-0.1807,-4.47,3.306,0.1318,0.279,0.247,0.77,-1
1050,1078.18,1252.31,18.1226,0.0017,1.433,1.183,nan,0.043,0.059,nan,0.6959,-6.406,2.712,0.1297,0.248,0.218,0.93,-1
1051,892.313,1112.07,18.0364,0.0014,1.597,1.229,nan,0.036,0.055,nan,0.0836,-5.108,2.601,0.1172,0.242,0.198,0.92,-1
1052,925.362,1666.98,18.1091,0.0014,1.393,1.006,nan,0.041,0.054,nan,0.2047,-7.855,3.411,0.1205,0.24,0.219,0.56,-1
1058,779.555,1609.17,18.3146,0.0021,1.463,1.183,nan,0.06,0.067,nan,-0.0763,-5.648,3.869,0.1586,0.301,0.261,0.5,-1
1059,960.524,1541.97,18.1312,0.0014,1.431,1.068,nan,0.041,0.058,nan,0.261,-3.277,2.184,0.1205,0.226,0.19,0.8,-1
1060,1268.97,1418.64,18.1179,0.0013,1.469,1.137,nan,0.041,0.064,nan,0.0423,-4.351,3.067,0.1279,0.237,0.211,0.97,-1
1061,848.788,1210.92,18.2032,0.0018,1.361,1.099,nan,0.043,0.055,nan,0.5089,-6.044,3.639,0.1366,0.268,0.247,0.92,-1
1065,898.401,1447.9,18.1973,0.0015,1.387,1.17,nan,0.042,0.061,nan,0.1334,-4.53,3.506,0.1399,0.26,0.214,0.94,-1
1066,974.502,1454.31,18.1083,0.0015,1.577,1.271,nan,0.04,0.067,nan,0.1831,-4.072,3.116,0.1376,0.251,0.221,0.97,-1
1068,1299.57,1170.95,18.211,0.0022,1.521,1.15,nan,0.043,0.059,nan,0.4229,-4.654,3.922,0.1548,0.281,0.236,0.87,-1
1073,941.044,1572.11,18.1886,0.0013,1.438,1.183,nan,0.041,0.063,nan,0.3074,-4.013,3.387,0.1259,0.238,0.192,0.98,-1
1089,1100.73,1243.42,18.1164,0.0014,1.644,1.288,nan,0.041,0.065,nan,0.1623,-4.855,4.334,0.137,0.255,0.229,0.56,-1
1093,1131.06,1696.07,18.2534,0.0014,1.334,1.063,nan,0.045,0.064,nan,0.3686,-1.371,0.349,0.129,0.238,0.203,0.93,-1
1098,1171.21,1272.96,18.2268,0.0014,1.493,1.32,nan,0.044,0.069,nan,0.0259,-4.301,2.486,0.1376,0.263,0.235,0.92,-1
1100,1099.35,1577.49,18.1989,0.0014,1.532,1.229,nan,0.045,0.068,nan,0.1277,-4.661,2.577,0.1331,0.248,0.221,0.93,-1
1106,912.439,1396.49,17.9854,0.0012,1.861,1.335,nan,0.04,0.07,nan,0.2596,-5.877,4.451,0.1202,0.23,0.209,0.74,-1
1108,751.012,1531.92,18.2262,0.0015,1.491,1.227,nan,0.04,0.071,nan,0.2473,-4.313,3.33,0.1266,0.24,0.212,0.99,-1
1112,1078.94,1380.31,18.065,0.0014,1.771,1.365,nan,0.038,0.079,nan,0.154,-4.675,2.806,0.1314,0.244,0.207,0.97,-1
1114,1013.15,1267.1,18.2822,0.0016,1.493,1.324,nan,0.047,0.071,nan,-0.0778,-4.669,1.832,0.1625,0.303,0.262,0.94,-1
1115,1092.6,1599.77,18.2593,0.0015,1.447,1.142,nan,0.043,0.064,nan,0.3127,-5.222,3.202,0.1336,0.245,0.21,0.88,-1
1121,1219.04,1364.55,18.1844,0.0013,1.668,1.451,nan,0.038,0.066,nan,0.2568,-3.991,2.047,0.1281,0.243,0.203,0.9,-1
1122,1401.37,1385.35,18.1775,0.0014,1.635,1.357,nan,0.045,0.073,nan,0.1975,-9.053,4.412,0.127,0.24,0.201,0.59,-1
1127,1265.16,1065.26,18.3363,0.0023,1.619,1.316,nan,0.047,0.082,nan,0.7591,-5.205,1.18,0.178,0.333,0.282,0.82,-1
1131,1350.48,1551.47,18.2686,0.0014,1.489,1.163,nan,0.04,0.067,nan,0.2829,-6.224,7.854,0.1408,0.256,0.205,0.63,-1
1135,1052.92,994.303,18.3854,0.0018,1.402,1.296,nan,0.045,0.073,nan,-0.1321,-3.983,3.518,0.154,0.295,0.237,0.78,-1
1138,1511.92,1364.74,18.2347,0.0014,1.655,1.295,nan,0.047,0.074,nan,0.1764,-4.57,3.223,0.1345,0.249,0.211,0.98,-1
1139,744.668,1541.71,18.2071,0.0013,1.655,1.152,nan,0.046,0.072,nan,0.3055,-4.543,3.529,0.1268,0.239,0.212,0.97,-1
1141,943.242,1617.48,18.2175,0.0016,1.634,1.437,nan,0.041,0.082,nan,0.2521,-6.103,4.597,0.1353,0.244,0.202,0.65,-1
1149,1346.7,1479.49,18.5128,0.0017,1.371,1.239,nan,0.05,0.072,nan,0.503,-6.093,3.937,0.1678,0.319,0.267,0.91,-1
1151,1159.86,1012.47,18.4331,0.002,1.42,1.188,nan,0.046,0.073,nan,0.4941,-7.027,4.027,0.1601,0.306,0.262,0.91,-1
1153,1411.12,1165.09,18.3937,0.0016,1.489,1.254,nan,0.043,0.077,nan,0.2667,-4.261,3.377,0.1423,0.274,0.223,0.98,-1
1154,953.965,1644.95,18.2978,0.0016,1.582,1.147,nan,0.043,0.074,nan,0.1236,-4.865,3.98,0.1308,0.243,0.203,0.63,-1
1156,1133.25,1475.44,18.2171,0.0015,1.735,1.275,nan,0.046,0.081,nan,0.4433,-6.241,4.318,0.1253,0.241,0.209,0.86,-1
1163,1109.79,1350.25,18.1879,0.0015,1.848,1.36,nan,0.047,0.088,nan,0.1794,-5.413,4.297,0.1273,0.233,0.195,0.65,-1
1164,1002.78,1665.37,18.2939,0.0015,1.613,1.164,nan,0.047,0.077,nan,0.5213,-4.24,3.116,0.1424,0.262,0.214,0.99,-1
1172,1201.27,1052.99,18.5044,0.0018,1.561,1.423,nan,0.048,0.092,nan,0.4047,-3.242,3.031,0.1881,0.35,0.304,0.86,-1
1173,1066.36,1178.31,18.5195,0.0019,1.679,1.433,nan,0.056,0.099,nan,0.5753,-6.806,5.09,0.1866,0.351,0.31,0.72,-1
1174,1132.0,1023.48,18.4932,0.0017,1.524,1.146,nan,0.055,0.082,nan,0.4814,-4.049,3.661,0.1502,0.288,0.249,0.97,-1
1177,1307.4,1649.56,18.5265,0.0018,1.459,1.087,nan,0.052,0.08,nan,-0.422,-5.05,5.366,0.1686,0.326,0.286,0.3,-1
1178,1206.12,1067.26,18.5621,0.0017,1.453,1.405,nan,0.051,0.094,nan,0.18,-4.663,1.03,0.1812,0.336,0.294,0.91,-1
1180,1150.79,1393.94,18.4838,0.0015,1.571,1.319,nan,0.058,0.095,nan,0.417,-4.425,2.804,0.1811,0.322,0.284,0.97,-1
1182,1065.03,1141.49,18.6127,0.0021,1.643,1.131,nan,0.064,0.084,nan,-0.3205,-3.293,3.171,0.1778,0.353,0.297,0.72,-1
1185,1099.89,1044.29,18.5083,0.0017,1.613,1.184,nan,0.055,0.083,nan,0.3691,-4.214,3.0,0.1531,0.294,0.254,0.99,-1
1188,1085.98,1047.54,18.5451,0.0018,1.573,1.184,nan,0.056,0.096,nan,0.2264,-3.86,3.308,0.1679,0.311,0.27,0.96,-1
1189,978.609,1285.34,18.4777,0.0018,1.722,1.006,nan,0.046,0.071,nan,0.1292,-4.312,3.401,0.1655,0.32,0.27,0.95,-1
1199,1259.48,1381.26,18.6236,0.0018,1.643,1.214,nan,0.064,0.098,nan,0.0493,-4.907,3.312,0.1694,0.315,0.266,0.88,-1
437,758.579,1255.52,16.6607,0.0009,1.32,1.026,nan,0.014,0.017,nan,0.1554,-4.725,3.132,0.0634,0.117,0.1,0.99,-1
529,1336.83,1378.08,16.9829,0.0009,1.325,1.046,nan,0.022,0.025,nan,0.1754,-4.413,3.081,0.0657,0.119,0.101,1.0,-1
711,762.36,1243.05,17.4492,0.0012,1.267,1.106,nan,0.022,0.033,nan,0.4837,-6.864,2.616,0.0898,0.171,0.14,0.76,-1
772,715.0,1224.74,17.5081,0.0011,1.444,1.135,nan,0.024,0.034,nan,0.2546,-4.598,3.06,0.0998,0.182,0.161,0.99,-1
854,1391.33,1409.28,17.7469,0.0013,1.422,1.297,nan,0.027,0.043,nan,0.437,-4.412,0.531,0.0969,0.183,0.154,0.94,-1
984,1058.91,1544.43,17.9656,0.0015,1.405,0.998,nan,0.036,0.052,nan,0.3249,-5.039,2.925,0.1158,0.208,0.181,0.91,-1
1012,1383.88,1341.02,17.8376,0.0011,1.748,1.35,nan,0.031,0.055,nan,0.3201,-4.36,3.584,0.1224,0.227,0.185,0.97,-1
389,1239.39,1340.57,16.2117,0.0048,2.1,1.153,nan,0.025,0.036,nan,-0.2315,-5.51,3.112,0.3588,0.719,0.683,0.48,-1
1039,1287.27,1481.84,18.086,0.0013,1.378,1.176,nan,0.041,0.057,nan,0.3132,-4.085,2.988,0.1261,0.237,0.2,0.99,-1
1144,1108.33,1285.18,18.3632,0.0018,1.47,1.234,nan,0.045,0.063,nan,0.1029,-4.566,3.449,0.1501,0.265,0.231,0.93,-1
408,962.394,1588.52,16.6417,0.0007,1.116,0.877,nan,0.015,0.015,nan,0.2742,-5.991,4.019,0.0533,0.096,0.081,0.94,-1
