ID,x,y,Gmag,e_Gmag,VI,BV,UB,VIerr,BVerr,UBerr,Plx,pmRA,pmDE,e_Plx,e_pmRA,e_pmDE,MP,sel
281,1069.01,1007.15,16.1794,0.0007,0.537,0.415,0.26,0.01,0.007,0.027,0.1786,-5.484,2.933,0.0478,0.082,0.074,0.837,1
239,1238.59,1094.12,15.867,0.0007,0.821,0.661,0.118,0.009,0.008,0.026,0.1807,-5.349,3.673,0.0437,0.068,0.063,0.825,1
205,1238.81,1161.18,15.5967,0.0006,1.478,1.328,0.917,0.008,0.011,0.09,0.0621,-5.799,3.269,0.0363,0.057,0.055,0.763,1
400,1307.12,1145.71,16.5416,0.0007,0.798,0.657,0.108,0.013,0.011,0.038,0.1727,-4.782,3.821,0.0593,0.104,0.093,0.744,1
193,1372.95,1161.62,15.634,0.0006,0.787,0.645,0.057,0.009,0.007,0.018,0.2373,-6.157,2.779,0.0468,0.077,0.073,0.698,1
53,1215.32,1330.76,13.9517,0.0003,0.502,0.445,0.294,0.006,0.005,0.006,0.3616,-4.148,2.411,0.0188,0.032,0.031,0.49,1
43,1467.69,1015.45,12.9188,0.0004,1.894,1.688,2.044,0.005,0.005,0.043,0.2408,-3.184,2.145,0.029,0.047,0.045,0.414,1
48,1251.57,1230.0,13.6815,0.0003,0.855,0.742,0.098,0.005,0.004,0.006,1.7593,-8.165,6.885,0.0239,0.041,0.039,0.31,1
22,1277.87,1122.71,12.8974,0.0003,0.502,0.411,0.273,0.005,0.004,0.005,0.6659,-7.311,5.608,0.0237,0.04,0.038,0.24,1
38,1235.82,1003.41,13.0244,0.0004,1.124,1.03,0.593,0.005,0.004,0.007,0.8761,-14.921,12.746,0.0179,0.031,0.03,0.109,1
56,1162.36,1053.02,13.9212,0.0003,0.849,0.763,0.159,0.004,0.003,0.007,1.6482,4.359,-2.393,0.0204,0.034,0.038,0.109,1
17,985.64,1188.0,12.6772,0.0002,0.654,0.56,0.009,0.004,0.004,0.004,1.679,-11.757,-1.29,0.0285,0.049,0.047,0.103,1
2,1401.96,889.2,11.8933,0.0002,0.6,0.518,0.172,0.004,0.003,0.004,1.2347,-7.98,-3.63,0.0379,0.061,0.057,0.061,1
69,1057.06,1257.75,14.0549,0.0003,0.789,0.694,0.105,0.005,0.005,0.006,1.14,-17.76,11.065,0.0201,0.034,0.033,0.06,1
32,1352.67,938.339,12.8599,0.0003,1.291,1.269,1.147,0.005,0.006,0.012,0.4334,-5.896,7.963,0.0274,0.046,0.043,0.048,1
3,1308.78,1253.23,12.0771,0.0002,0.412,0.355,0.236,0.005,0.004,0.003,1.1969,-7.024,-0.781,0.0294,0.049,0.048,0.026,1
120,1354.8,903.064,14.8461,0.0007,1.002,0.924,0.541,0.008,0.008,0.021,1.3285,-12.63,7.443,0.0309,0.049,0.042,0.005,1
31,989.415,993.39,12.9385,0.0027,0.883,0.791,0.246,0.008,0.007,0.006,nan,nan,nan,nan,nan,nan,0.0,1
150,1352.82,770.242,15.2378,0.0006,0.734,0.594,0.122,0.01,0.008,0.019,0.1853,-4.971,2.983,0.0431,0.067,0.067,0.877,0
712,1079.09,872.293,17.3389,0.0013,0.782,0.657,0.088,0.031,0.021,0.106,0.1548,-4.935,3.606,0.0922,0.166,0.151,0.806,0
194,1417.99,1149.99,15.4465,0.0005,1.437,1.269,0.842,0.008,0.009,0.065,0.1369,-4.06,3.264,0.0334,0.054,0.049,0.736,0
164,1510.4,1061.72,15.4112,0.0006,0.591,0.515,0.298,0.007,0.006,0.016,0.1716,-6.551,2.487,0.036,0.061,0.063,0.735,0
426,1120.47,908.645,16.5987,0.0008,0.862,0.703,0.056,0.018,0.017,0.049,0.2082,-8.142,4.215,0.0588,0.112,0.106,0.634,0
755,1167.9,1223.29,17.4051,0.0013,0.8,0.686,-0.034,0.022,0.021,0.07,0.2471,-3.413,2.154,0.0958,0.164,0.141,0.552,0
152,1114.29,980.851,15.1365,0.0004,0.909,0.82,0.358,0.01,0.009,0.024,0.3741,-8.858,3.657,0.0282,0.046,0.047,0.523,0
215,1226.33,1026.91,15.745,0.0006,0.861,0.752,0.154,0.008,0.007,0.024,0.4176,-9.831,2.605,0.0394,0.065,0.058,0.492,0
257,1208.22,1147.55,15.9391,0.0006,0.882,0.717,0.047,0.01,0.009,0.024,0.406,-8.194,3.002,0.0479,0.076,0.077,0.392,0
435,1375.07,1100.21,16.6019,0.0008,0.963,0.86,0.466,0.012,0.013,0.079,0.4913,-6.995,4.665,0.0582,0.103,0.092,0.367,0
131,1121.32,1120.21,15.0786,0.0004,0.695,0.566,0.127,0.006,0.005,0.013,0.3525,-3.081,2.332,0.0297,0.047,0.044,0.316,0
238,1291.07,1086.41,15.8397,0.0006,0.887,0.761,0.072,0.01,0.009,0.025,0.5524,-3.709,3.718,0.0418,0.066,0.061,0.297,0
509,1451.31,900.697,16.8532,0.001,0.876,0.745,0.289,0.018,0.016,0.092,0.3267,-10.349,3.361,0.0797,0.138,0.119,0.287,0
302,1014.61,935.981,16.0826,0.0007,0.942,0.831,0.338,0.013,0.011,0.049,0.8243,-7.526,5.002,0.0432,0.075,0.067,0.138,0
1019,1276.59,1165.07,17.8294,0.0016,0.812,0.594,0.069,0.036,0.033,0.125,0.2742,5.1,-6.467,0.1297,0.209,0.186,0.117,0
191,1129.28,1053.47,15.5603,0.0005,0.91,0.794,0.206,0.009,0.007,0.02,0.7126,2.871,1.592,0.0356,0.056,0.053,0.108,0
340,1418.49,935.492,16.2493,0.0008,0.911,0.848,0.366,0.014,0.013,0.068,0.5089,-5.597,1.283,0.0623,0.103,0.094,0.081,0
237,1454.57,986.544,15.8079,0.0007,0.838,0.756,0.165,0.012,0.011,0.031,0.5045,-13.749,5.975,0.0441,0.077,0.073,0.074,0
52,1039.55,1040.29,13.8416,0.0003,0.843,0.745,0.135,0.004,0.003,0.006,1.1059,-17.636,14.544,0.0187,0.032,0.032,0.027,0
262,1087.08,801.921,15.9308,0.001,0.911,0.777,0.2,0.013,0.01,0.03,0.4742,-4.24,1.095,0.0478,0.078,0.068,0.019,0
64,1182.85,989.234,13.7239,0.0024,2.026,1.879,nan,0.009,0.011,nan,0.0065,0.151,1.591,0.0228,0.038,0.036,0.08,-1
176,1148.24,1314.54,15.4009,0.0005,1.277,1.242,nan,0.008,0.009,nan,0.2555,-9.198,2.387,0.0313,0.05,0.048,0.62,-1
185,1482.62,977.891,15.251,0.0006,1.893,1.79,nan,0.011,0.013,nan,-0.0483,-3.737,2.185,0.0335,0.057,0.056,0.75,-1
213,1200.38,917.946,15.5485,0.0005,1.462,1.386,nan,0.01,0.012,nan,0.1143,-3.861,1.872,0.0334,0.055,0.051,0.66,-1
287,1290.54,1308.64,15.9982,0.0011,1.412,1.235,nan,0.01,0.012,nan,0.3265,-4.244,3.214,0.0741,0.121,0.11,0.69,-1
372,1325.3,1145.22,16.3618,0.0008,1.24,1.091,nan,0.013,0.015,nan,0.7244,-6.691,4.997,0.0538,0.094,0.082,0.19,-1
389,1395.11,814.148,16.395,0.0008,1.42,1.264,nan,0.015,0.019,nan,0.0125,-3.515,2.076,0.0603,0.102,0.102,0.69,-1
441,1252.77,1001.37,16.6295,0.0007,1.043,0.897,nan,0.014,0.015,nan,0.7936,-15.946,15.072,0.059,0.106,0.093,0.0,-1
413,1197.47,951.932,16.468,0.0008,1.464,1.319,nan,0.014,0.021,nan,0.0973,-3.308,3.12,0.0599,0.107,0.095,0.46,-1
462,1478.56,894.727,16.6107,0.0008,1.169,0.99,nan,0.019,0.02,nan,0.3198,-4.546,-2.848,0.0735,0.121,0.096,0.1,-1
444,1361.84,950.313,16.5872,0.0012,1.496,1.336,nan,0.017,0.027,nan,-0.0668,-3.931,2.466,0.0706,0.121,0.108,0.84,-1
471,1228.18,907.065,16.6765,0.0009,1.366,1.236,nan,0.018,0.022,nan,-0.0355,-5.199,3.707,0.064,0.114,0.098,0.88,-1
513,1384.11,807.358,16.8125,0.0009,1.022,0.942,nan,0.019,0.021,nan,0.2428,-3.012,2.649,0.0759,0.132,0.135,0.35,-1
541,1085.98,1259.7,16.949,0.0009,0.838,0.71,nan,0.017,0.015,nan,0.3268,-8.657,3.606,0.0782,0.133,0.116,0.57,-1
490,1369.97,1061.31,16.7436,0.0008,1.42,1.26,nan,0.016,0.02,nan,0.1066,-4.605,2.257,0.0622,0.11,0.097,0.74,-1
555,1379.28,1186.8,16.9281,0.0009,1.221,1.065,nan,0.015,0.02,nan,0.1716,-3.843,1.82,0.0774,0.125,0.113,0.64,-1
567,1235.12,1099.32,16.9467,0.0012,1.155,0.975,nan,0.016,0.019,nan,0.3713,-4.978,3.231,0.0792,0.133,0.12,0.76,-1
497,1486.76,1232.29,16.839,0.0011,1.431,1.254,nan,0.016,0.022,nan,0.5722,-9.34,2.974,0.118,0.194,0.177,0.54,-1
633,1345.58,903.92,17.1575,0.0011,0.801,0.636,nan,0.023,0.02,nan,0.1341,-3.712,1.699,0.0901,0.163,0.127,0.62,-1
650,1125.22,1199.23,17.204,0.001,0.935,0.859,nan,0.019,0.019,nan,0.3364,-7.986,8.666,0.0854,0.156,0.159,0.2,-1
598,1040.16,1220.76,17.0077,0.0009,1.3,1.162,nan,0.019,0.024,nan,0.0079,-8.298,5.847,0.0749,0.14,0.127,0.56,-1
677,1166.48,1318.28,17.3091,0.0011,0.593,0.523,nan,0.028,0.023,nan,0.2017,-4.488,4.391,0.0817,0.15,0.133,0.46,-1
676,1482.72,1001.29,17.2394,0.0013,0.971,0.87,nan,0.019,0.018,nan,0.2452,-5.926,4.592,0.0888,0.165,0.161,0.57,-1
662,1525.14,954.032,17.1576,0.0012,1.008,0.828,nan,0.023,0.022,nan,0.3193,-6.299,2.416,0.0869,0.15,0.127,0.66,-1
691,1123.12,1237.52,17.2705,0.0012,0.938,0.804,nan,0.018,0.019,nan,0.2579,-4.008,4.519,0.0883,0.151,0.131,0.33,-1
703,1201.32,786.126,17.2804,0.0011,0.801,0.681,nan,0.026,0.023,nan,0.1773,-6.568,4.994,0.0895,0.161,0.146,0.55,-1
646,1268.91,1041.78,17.152,0.001,1.353,1.169,nan,0.019,0.027,nan,0.6842,-8.496,2.331,0.078,0.138,0.121,0.19,-1
778,1133.36,872.169,17.3859,0.0014,0.908,0.822,nan,0.028,0.03,nan,0.114,-4.915,3.069,0.1054,0.178,0.156,0.88,-1
680,1254.34,802.283,17.1924,0.0011,1.444,1.36,nan,0.022,0.032,nan,0.0839,-3.052,1.741,0.0846,0.15,0.139,0.31,-1
815,1152.81,837.866,17.4801,0.0012,0.94,0.662,nan,0.025,0.025,nan,0.1323,-6.99,3.256,0.1071,0.193,0.164,0.67,-1
807,1281.08,795.048,17.3877,0.0011,1.196,1.186,nan,0.028,0.033,nan,0.61,-6.302,0.649,0.0999,0.168,0.151,0.06,-1
830,1285.82,1060.92,17.4658,0.0013,1.102,0.943,nan,0.026,0.028,nan,0.1647,-6.242,4.389,0.0997,0.168,0.146,0.69,-1
740,1335.22,1065.4,17.3601,0.0012,1.431,1.232,nan,0.019,0.03,nan,0.0103,-3.402,1.308,0.0977,0.167,0.148,0.29,-1
849,1342.81,1028.77,17.5317,0.0012,0.998,0.786,nan,0.028,0.027,nan,0.4919,-1.551,1.057,0.1077,0.176,0.155,0.0,-1
841,1216.96,838.063,17.4842,0.0013,1.035,0.898,nan,0.025,0.031,nan,0.2926,-9.039,2.617,0.1077,0.19,0.156,0.67,-1
885,1229.49,1217.17,17.5926,0.0012,1.019,0.887,nan,0.026,0.027,nan,0.2997,-6.719,2.288,0.1,0.187,0.159,0.63,-1
884,1356.67,860.055,17.5428,0.0014,0.925,0.737,nan,0.028,0.03,nan,-0.0265,-4.038,3.461,0.112,0.199,0.167,0.76,-1
908,1013.77,903.78,17.5622,0.0012,0.985,0.758,nan,0.029,0.029,nan,-0.0214,-4.346,2.71,0.0995,0.178,0.155,0.88,-1
950,1274.21,898.567,17.6376,0.0013,0.947,0.884,nan,0.028,0.031,nan,0.1827,-5.519,2.967,0.1091,0.189,0.161,0.82,-1
977,1223.09,1068.39,17.699,0.0015,0.958,0.881,nan,0.029,0.028,nan,0.1552,-7.131,4.078,0.1065,0.19,0.174,0.71,-1
887,1472.97,1114.52,17.5925,0.0013,1.305,1.165,nan,0.026,0.036,nan,0.128,-4.119,3.805,0.1057,0.186,0.166,0.68,-1
936,1343.41,1133.25,17.6485,0.0015,1.147,1.05,nan,0.025,0.033,nan,0.4332,-10.89,6.684,0.1161,0.186,0.164,0.05,-1
997,1198.5,938.88,17.7478,0.0019,0.919,0.74,nan,0.037,0.033,nan,-0.0488,-4.147,2.668,0.1317,0.235,0.204,0.86,-1
0,1380.67,1279.0,17.7527,0.0015,1.043,0.806,nan,0.029,0.03,nan,0.0037,-3.823,3.873,0.1112,0.194,0.168,0.68,-1
1006,1028.25,976.681,17.7033,0.0015,0.982,0.758,nan,0.034,0.036,nan,0.0667,-6.266,3.828,0.1189,0.207,0.171,0.7,-1
1045,1091.94,1292.98,17.8653,0.0014,0.89,0.669,nan,0.035,0.029,nan,0.2486,-4.761,3.164,0.1259,0.206,0.186,0.83,-1
1015,1269.94,1232.13,17.7594,0.0015,1.099,0.903,nan,0.034,0.035,nan,0.0104,-4.94,2.957,0.1178,0.218,0.199,0.88,-1
1033,1140.85,819.128,17.7324,0.0015,1.089,1.005,nan,0.042,0.044,nan,0.48,-9.152,8.22,0.1138,0.206,0.18,0.08,-1
975,1368.11,880.158,17.6952,0.0015,1.359,1.072,nan,0.034,0.05,nan,-0.036,-4.366,2.74,0.1175,0.21,0.171,0.87,-1
1060,1067.88,1214.74,17.8376,0.0015,1.045,0.861,nan,0.03,0.032,nan,0.1871,-2.799,3.526,0.1149,0.205,0.178,0.23,-1
1091,1186.52,773.25,17.8564,0.0015,0.923,0.801,nan,0.035,0.037,nan,0.0133,-5.437,3.568,0.1171,0.197,0.182,0.85,-1
1086,1175.72,1175.41,17.8969,0.0015,1.053,0.903,nan,0.029,0.035,nan,0.0277,-5.903,2.347,0.1341,0.208,0.177,0.78,-1
1138,1488.32,899.555,17.9158,0.0015,0.882,0.741,nan,0.04,0.034,nan,0.2794,-7.851,4.442,0.1414,0.23,0.182,0.59,-1
1083,1301.09,774.76,17.8687,0.0015,1.078,1.032,nan,0.033,0.041,nan,0.3672,-8.253,4.1,0.1267,0.208,0.183,0.62,-1
1122,1041.68,1029.05,17.9629,0.0021,1.097,1.077,nan,0.039,0.048,nan,0.3915,-7.42,6.099,0.1813,0.304,0.262,0.42,-1
1093,1462.2,1170.73,17.9094,0.0016,1.149,1.028,nan,0.035,0.043,nan,0.0903,-6.191,4.175,0.1297,0.266,0.227,0.72,-1
1132,1357.56,1104.86,17.9461,0.0016,1.037,0.747,nan,0.035,0.036,nan,0.1636,-4.837,1.806,0.1218,0.202,0.179,0.43,-1
1145,1317.56,1170.16,17.937,0.0016,1.018,0.824,nan,0.039,0.037,nan,-0.0336,-5.52,2.726,0.1333,0.209,0.179,0.84,-1
1198,1272.71,784.988,18.0265,0.002,0.908,0.801,nan,0.037,0.037,nan,0.1184,-6.96,3.894,0.1363,0.224,0.204,0.73,-1
1170,1071.91,881.975,17.9632,0.0015,1.077,0.99,nan,0.041,0.041,nan,-0.0703,-6.202,2.697,0.1345,0.226,0.205,0.77,-1
1172,1235.44,1113.01,18.0142,0.002,0.968,0.813,nan,0.04,0.038,nan,0.3826,-4.485,1.637,0.1427,0.219,0.203,0.15,-1
1075,993.276,1014.91,17.8955,0.0018,1.355,1.039,nan,0.045,0.051,nan,0.2663,-7.845,2.873,0.1429,0.237,0.207,0.42,-1
1226,1366.88,1321.31,18.0985,0.0015,0.874,0.706,nan,0.038,0.037,nan,-0.0442,-4.525,3.074,0.1353,0.219,0.22,0.86,-1
1215,1537.48,971.156,18.0131,0.0019,0.927,0.811,nan,0.042,0.041,nan,0.1746,-5.4,3.909,0.1356,0.227,0.207,0.74,-1
1135,1449.83,1167.97,18.0172,0.0027,1.194,1.032,nan,0.038,0.043,nan,1.2237,-10.201,7.494,0.3444,0.568,0.53,0.03,-1
1218,1335.32,836.435,18.0239,0.0016,0.922,0.741,nan,0.047,0.049,nan,-0.0052,-6.887,3.361,0.1319,0.213,0.191,0.71,-1
1240,1148.08,1148.47,18.1093,0.0017,1.112,0.95,nan,0.036,0.04,nan,0.4186,-7.801,4.037,0.1621,0.246,0.236,0.54,-1
1174,1323.51,1079.65,17.9771,0.0015,1.253,1.088,nan,0.039,0.049,nan,0.1927,-6.79,5.43,0.1368,0.228,0.214,0.42,-1
1282,1329.82,1286.87,18.1569,0.0015,0.859,0.825,nan,0.043,0.04,nan,0.5319,-4.919,5.074,0.1409,0.228,0.228,0.1,-1
1298,1156.47,774.224,18.2111,0.0019,0.9,1.014,nan,0.064,0.058,nan,0.1081,-5.549,2.382,0.154,0.258,0.283,0.76,-1
1321,1428.92,908.367,18.2513,0.0029,0.892,0.808,nan,0.045,0.047,nan,-0.0918,-6.484,3.638,0.2423,0.357,0.359,0.72,-1
1267,1453.94,1031.68,18.2989,0.0029,1.126,0.785,nan,0.044,0.046,nan,-0.3842,-5.253,3.326,0.175,0.291,0.311,0.87,-1
1346,1360.15,975.942,18.1984,0.0018,0.862,0.639,nan,0.052,0.047,nan,0.0966,6.434,0.754,0.1565,0.252,0.265,0.17,-1
1378,1265.12,1343.61,18.2825,0.0017,1.067,1.098,nan,0.05,0.05,nan,0.1996,-8.37,6.486,0.1518,0.243,0.257,0.55,-1
1405,1337.29,1011.9,18.2944,0.002,0.913,0.796,nan,0.045,0.042,nan,-0.0341,-0.357,-0.91,0.1844,0.301,0.317,0.04,-1
1260,1402.49,1285.91,18.351,0.0038,1.351,0.958,nan,0.048,0.052,nan,0.5728,-4.106,3.499,0.2538,0.428,0.444,0.41,-1
1439,1487.25,1144.08,18.3207,0.0021,0.869,0.767,nan,0.05,0.037,nan,0.6405,-5.394,3.834,0.1601,0.267,0.278,0.27,-1
1308,1497.09,993.57,18.1764,0.0026,1.264,1.144,nan,0.039,0.053,nan,0.5931,-6.778,5.272,0.2238,0.368,0.414,0.27,-1
1521,1334.96,905.394,18.4026,0.0024,0.581,0.595,nan,0.059,0.05,nan,0.0283,-4.002,2.472,0.1904,0.306,0.319,0.79,-1
1350,985.594,924.16,18.1245,0.0023,1.107,0.986,nan,0.049,0.059,nan,0.8978,-7.343,2.476,0.1985,0.319,0.328,0.13,-1
1443,985.865,1067.43,18.2885,0.0024,1.061,0.844,nan,0.051,0.049,nan,0.085,-4.699,2.697,0.151,0.248,0.255,0.81,-1
1444,1512.51,1019.1,18.3505,0.0025,1.111,0.786,nan,0.054,0.051,nan,-0.3947,-5.535,4.143,0.2761,0.466,0.509,0.79,-1
1509,1525.11,973.413,18.2859,0.0022,1.042,1.005,nan,0.052,0.064,nan,0.299,-5.745,2.891,0.1664,0.272,0.281,0.69,-1
1552,1151.95,768.601,18.3488,0.0022,nan,0.869,nan,nan,0.064,nan,0.5079,-3.677,3.071,0.171,0.286,0.305,0.28,-1
1500,1290.49,1293.17,18.38,0.0021,1.215,1.066,nan,0.045,0.065,nan,0.1562,-6.949,3.698,0.1621,0.258,0.259,0.7,-1
1630,1117.02,1161.25,18.5537,0.0028,1.002,0.863,nan,0.052,0.059,nan,0.376,-5.144,4.106,0.2297,0.37,0.369,0.51,-1
1715,997.78,1011.15,18.5667,0.003,nan,0.98,nan,nan,0.071,nan,-0.1591,-4.833,2.579,0.2197,0.346,0.349,0.83,-1
1614,1524.65,1044.89,18.5042,0.0022,1.083,0.926,nan,0.053,0.062,nan,-0.0687,-5.795,2.72,0.2058,0.349,0.365,0.79,-1
1683,1420.09,825.322,18.4892,0.0025,0.884,0.735,nan,0.058,0.053,nan,0.1759,-3.637,2.53,0.2045,0.339,0.341,0.62,-1
1621,1024.28,1174.97,18.4855,0.0021,1.156,0.991,nan,0.055,0.065,nan,0.0378,-9.164,3.101,0.1852,0.297,0.295,0.67,-1
1708,1059.61,1039.45,18.5269,0.0023,1.207,1.102,nan,0.057,0.067,nan,0.2704,-7.773,6.191,0.1828,0.311,0.317,0.51,-1
1780,1000.52,1205.24,18.5737,0.0027,0.968,0.8,nan,0.065,0.068,nan,-0.0293,-6.118,2.202,0.2469,0.398,0.394,0.72,-1
1776,1062.32,1135.65,18.6705,0.0022,1.043,0.855,nan,0.055,0.057,nan,0.2593,-4.556,2.877,0.2092,0.331,0.315,0.74,-1
1856,1017.1,1215.23,18.6472,0.0027,0.916,0.717,nan,0.062,0.06,nan,-0.2089,-7.363,3.732,0.2003,0.336,0.329,0.71,-1
1783,1382.64,1307.86,19.325,0.0041,1.132,0.852,nan,0.063,0.066,nan,-0.2792,-4.563,2.584,0.3537,0.891,0.998,0.44,-1
1834,1204.08,818.541,18.6106,0.0023,1.094,0.998,nan,0.07,0.073,nan,0.1764,-4.568,3.646,0.1964,0.338,0.356,0.74,-1
1881,1513.77,937.559,18.7491,0.003,0.974,0.898,nan,0.077,0.089,nan,0.4558,-4.962,3.442,0.2389,0.448,0.445,0.62,-1
1526,1031.06,1200.77,18.4485,0.0031,1.563,1.248,nan,0.055,0.083,nan,0.0944,-9.57,5.272,0.2775,0.458,0.471,0.1,-1
1786,1511.74,915.74,18.617,0.003,1.178,0.801,nan,0.068,0.081,nan,-0.2855,-4.481,3.661,0.2084,0.374,0.369,0.83,-1
1838,1324.61,965.265,18.6363,0.0026,1.002,0.862,nan,0.065,0.082,nan,0.0211,-5.375,2.551,0.1923,0.329,0.343,0.79,-1
1692,1108.15,1154.18,18.5328,0.0021,1.429,1.102,nan,0.057,0.077,nan,-0.2919,-4.103,1.409,0.1917,0.296,0.288,0.54,-1
1943,1302.49,864.076,18.8428,0.003,1.052,1.028,nan,0.077,0.098,nan,0.5526,-3.78,3.82,0.2655,0.475,0.477,0.33,-1
2001,1204.97,1061.06,18.7431,0.003,1.012,1.189,nan,0.068,0.087,nan,-0.3154,-5.823,3.678,0.205,0.349,0.364,0.82,-1
1974,1264.07,1286.27,18.7554,0.0026,1.107,0.935,nan,0.069,0.07,nan,0.3696,-3.171,3.257,0.2044,0.34,0.346,0.28,-1
1875,1178.27,763.7,18.6081,0.0024,1.308,1.084,nan,0.068,0.092,nan,0.385,-8.011,6.471,0.1898,0.319,0.367,0.49,-1
2098,1424.94,1209.09,18.9689,0.003,1.019,0.922,nan,0.081,0.082,nan,-0.4784,-8.408,4.033,0.3195,0.502,0.532,0.65,-1
2043,1264.09,1015.08,18.9895,0.0034,1.131,0.663,nan,0.079,0.074,nan,0.3769,-6.344,0.36,0.2845,0.511,0.441,0.06,-1
2132,1213.62,922.723,18.8727,0.0027,nan,0.905,nan,nan,0.087,nan,0.2338,-5.283,3.2,0.2287,0.418,0.435,0.76,-1
2157,1390.48,942.167,18.8813,0.0032,1.17,0.676,nan,0.081,0.093,nan,-0.1118,-3.626,4.745,0.2918,0.448,0.378,0.37,-1
2293,1438.7,1163.6,19.008,0.0029,nan,0.961,nan,nan,0.096,nan,0.4254,-4.922,2.509,0.2731,0.445,0.411,0.49,-1
2378,1095.16,1164.66,19.1236,0.0031,nan,0.757,nan,nan,0.083,nan,-0.2287,-5.514,3.916,0.2615,0.429,0.373,0.81,-1
929,1457.8,911.494,17.5353,0.0012,1.216,1.056,nan,0.029,0.029,nan,0.3905,-9.165,2.777,0.1173,0.205,0.171,0.65,-1
1531,1319.14,1086.86,18.3889,0.0019,1.196,1.039,nan,0.056,0.069,nan,0.4963,-6.991,4.969,0.1647,0.27,0.283,0.35,-1
1866,1304.52,1155.75,18.6171,0.0024,1.072,1.09,nan,0.065,0.083,nan,0.2874,-7.451,7.709,0.2055,0.322,0.32,0.32,-1
2005,1201.59,825.475,18.8136,0.0028,nan,0.604,nan,nan,0.067,nan,-0.1133,-4.021,2.956,0.2291,0.423,0.437,0.79,-1
