ID,x,y,Gmag,e_Gmag,VI,BV,VIerr,BVerr,MP,sel
70,943.67,1451.12,13.788,0.0008,0.534,0.434,0.013,0.012,0.966,1
104,1221.55,1313.17,14.1988,0.0003,0.338,0.292,0.007,0.006,0.964,1
431,808.639,1423.38,15.8627,0.0006,0.621,0.492,0.01,0.009,0.964,1
34,1317.7,1310.69,12.8432,0.0002,1.28,1.198,0.007,0.007,0.962,1
40,920.123,1369.09,13.1845,0.0006,0.495,0.396,0.006,0.007,0.961,1
59,707.673,1241.41,13.3882,0.0003,1.176,1.088,0.006,0.006,0.959,1
95,731.453,1390.4,14.0894,0.0003,0.313,0.265,0.007,0.008,0.957,1
158,1062.96,1228.34,14.7633,0.0004,0.429,0.364,0.007,0.006,0.957,1
647,1124.94,1240.0,16.492,0.0008,0.775,0.62,0.013,0.012,0.957,1
125,1251.77,1105.07,14.3656,0.0003,0.358,0.328,0.007,0.006,0.956,1
164,1089.78,1373.95,14.8031,0.0004,0.567,0.44,0.009,0.009,0.956,1
508,1227.02,1132.53,16.1375,0.0009,0.691,0.533,0.01,0.009,0.956,1
515,1383.88,1232.16,16.1055,0.0007,0.826,0.646,0.01,0.009,0.955,1
281,924.299,1386.91,15.306,0.0013,0.651,0.523,0.007,0.008,0.954,1
655,937.973,1494.65,16.4708,0.0007,0.784,0.611,0.013,0.011,0.954,1
21,945.582,1390.82,12.5611,0.0002,0.87,0.645,0.006,0.005,0.953,1
112,999.283,1538.14,14.2172,0.0003,0.44,0.352,0.01,0.01,0.953,1
96,937.03,1340.77,14.0841,0.0003,0.426,0.359,0.007,0.007,0.95,1
81,1190.25,965.65,13.8954,0.0003,0.331,0.286,0.014,0.009,0.948,1
259,920.917,1408.41,15.2457,0.0005,0.679,0.557,0.007,0.008,0.947,1
303,830.572,1149.72,15.4603,0.0006,0.477,0.429,0.009,0.006,0.941,1
365,1300.31,1276.58,15.6687,0.0007,0.569,0.481,0.01,0.008,0.941,1
1223,930.658,1540.14,17.3708,0.001,0.929,0.728,0.018,0.018,0.94,1
616,1009.55,1542.3,16.3199,0.001,0.853,0.669,0.014,0.014,0.929,1
35,836.016,1332.38,13.1788,0.0003,0.279,0.237,0.007,0.007,0.926,1
83,1193.45,1422.17,13.8731,0.0004,0.461,0.371,0.009,0.008,0.926,1
200,970.851,1103.05,15.0255,0.0005,0.483,0.409,0.008,0.006,0.926,1
442,1164.78,1455.22,15.9099,0.0009,0.685,0.559,0.01,0.01,0.925,1
91,1017.44,1540.12,13.7302,0.0003,1.27,1.143,0.009,0.009,0.916,1
413,1315.61,1264.47,15.8177,0.0007,0.626,0.529,0.009,0.009,0.915,1
65,693.967,893.797,13.7448,0.0003,0.3,0.274,0.011,0.007,0.914,1
325,871.174,1487.75,15.4993,0.0006,0.596,0.5,0.009,0.009,0.911,1
375,1197.38,868.353,15.6886,0.0007,0.534,0.467,0.018,0.013,0.911,1
1076,886.8,1201.62,17.2343,0.0011,0.875,0.691,0.02,0.02,0.91,1
243,1070.14,1520.68,15.1775,0.0005,0.627,0.493,0.01,0.01,0.902,1
211,947.823,1115.72,15.1071,0.0004,0.393,0.364,0.006,0.006,0.894,1
264,944.806,1136.53,15.3082,0.0004,0.48,0.335,0.008,0.022,0.894,1
1373,784.947,1468.35,17.5863,0.0014,0.933,0.755,0.023,0.023,0.89,1
1543,738.238,1154.66,17.7965,0.0013,0.908,0.81,0.029,0.028,0.89,1
305,826.17,823.731,15.4489,0.0005,0.466,0.449,0.015,0.012,0.889,1
66,1036.4,1324.76,13.7336,0.0003,0.44,0.347,0.007,0.007,0.885,1
787,700.408,1392.22,16.7404,0.0009,0.817,0.682,0.015,0.013,0.873,1
1658,884.451,901.464,17.8497,0.0015,0.974,0.835,0.036,0.039,0.87,1
195,1371.91,1267.64,15.0175,0.0005,0.435,0.38,0.008,0.006,0.868,1
541,1316.09,1218.73,16.2408,0.0008,0.69,0.576,0.01,0.01,0.863,1
370,1034.5,1265.18,15.6917,0.0011,0.575,0.487,0.01,0.008,0.862,1
74,884.986,1358.12,13.7856,0.0004,0.539,0.434,0.007,0.007,0.86,1
1987,857.279,928.596,18.1305,0.0018,0.981,0.714,0.038,0.036,0.86,1
729,1166.67,1298.42,16.6027,0.0008,0.864,0.701,0.014,0.013,0.855,1
1195,1085.35,1055.41,17.3544,0.0013,1.017,0.832,0.021,0.019,0.85,1
1879,1062.58,1408.1,18.0011,0.0025,1.156,0.909,0.033,0.037,0.85,1
855,948.576,1273.68,16.8886,0.001,0.809,0.652,0.014,0.013,0.848,1
1226,891.745,1190.42,17.4404,0.0014,0.852,0.753,0.022,0.02,0.83,1
1406,1363.88,1174.91,17.6305,0.0019,0.935,0.74,0.021,0.021,0.83,1
155,1138.26,1380.87,14.7067,0.0004,0.53,0.419,0.009,0.009,0.828,1
2174,782.228,1051.61,18.343,0.0019,1.048,0.861,0.041,0.046,0.82,1
1894,1055.48,1165.61,18.0534,0.0019,1.101,0.962,0.032,0.033,0.81,1
1576,775.075,1415.13,17.7998,0.0016,1.011,0.843,0.026,0.027,0.8,1
411,1060.64,1269.01,15.7921,0.0009,0.687,0.56,0.009,0.009,0.796,1
1597,874.736,1512.42,17.8141,0.0015,1.016,0.876,0.024,0.028,0.79,1
750,1071.92,1504.65,16.6203,0.0011,1.0,0.775,0.015,0.014,0.781,1
1345,1088.38,942.658,17.5522,0.0012,0.884,0.783,0.029,0.027,0.78,1
549,763.662,1280.68,16.2522,0.0007,0.71,0.57,0.011,0.01,0.772,1
2276,1015.17,1440.84,18.3895,0.0023,1.018,0.807,0.042,0.044,0.75,1
1574,961.73,1210.82,17.7602,0.0014,1.059,0.865,0.03,0.03,0.73,1
1099,683.388,1043.51,17.3538,0.0018,0.821,0.701,0.028,0.026,0.723,1
1578,1175.31,1232.24,17.7741,0.0018,1.03,0.891,0.028,0.027,0.71,1
863,984.888,1507.36,16.8297,0.0009,0.945,0.675,0.016,0.015,0.705,1
324,837.524,1081.75,15.5065,0.0005,0.563,0.452,0.007,0.006,0.691,1
1858,719.636,1275.97,18.2669,0.0031,0.992,0.899,0.064,0.047,0.67,1
2437,1097.46,860.347,18.5843,0.0021,0.998,1.077,0.044,0.066,0.67,1
2544,857.584,821.237,18.6528,0.0037,1.14,0.835,0.058,0.07,0.67,1
1940,1024.64,1251.83,18.1763,0.002,0.989,0.829,0.043,0.044,0.66,1
2182,1189.28,1435.58,18.235,0.0023,1.327,1.109,0.044,0.053,0.66,1
600,967.209,1130.68,16.3335,0.0008,0.844,0.705,0.01,0.009,0.65,1
1194,1233.56,1307.81,17.6087,0.0019,1.151,1.14,0.041,0.039,0.65,1
730,763.649,1300.57,16.6327,0.0008,0.82,0.67,0.013,0.013,0.639,1
789,1050.73,1281.3,16.7432,0.0008,0.863,0.684,0.015,0.013,0.632,1
1051,821.445,1298.41,17.586,0.0014,0.469,1.289,0.063,0.064,0.63,1
2621,1065.56,999.778,18.7162,0.0025,1.211,0.993,0.05,0.07,0.63,1
1559,1341.53,1086.62,17.8096,0.0015,0.991,0.815,0.029,0.026,0.62,1
5,886.554,1278.26,11.5287,0.0003,0.088,0.017,0.009,0.01,0.616,1
145,1072.58,1148.5,14.3559,0.0003,1.286,1.247,0.006,0.006,0.616,1
1510,1259.92,993.052,17.6839,0.0016,1.107,0.945,0.03,0.031,0.61,1
1878,1094.79,1094.74,17.9155,0.0018,1.36,1.227,0.03,0.037,0.61,1
425,1018.11,1057.57,15.5345,0.0005,1.458,1.344,0.008,0.01,0.6,1
601,1258.16,1409.54,15.9701,0.0009,1.635,1.419,0.01,0.014,0.59,1
1316,1005.93,787.664,17.4799,0.0013,0.964,0.858,0.028,0.03,0.59,1
2428,1326.7,1012.27,18.597,0.0047,1.298,1.059,0.054,0.062,0.57,1
2607,1346.6,1179.16,18.7949,0.0026,1.227,0.922,0.055,0.065,0.57,1
2703,1210.86,972.967,18.9255,0.0033,1.219,0.909,0.077,0.08,0.57,1
1081,1237.99,1124.99,17.1697,0.0012,1.096,0.995,0.016,0.019,0.56,1
2108,1168.36,1207.55,18.1783,0.0023,1.266,1.02,0.04,0.049,0.56,1
1664,794.654,902.146,18.272,0.0061,1.126,0.897,0.043,0.04,0.56,1
2651,880.333,1452.45,18.8382,0.0032,1.204,1.045,0.058,0.086,0.56,1
1065,1111.15,1091.99,17.1897,0.0011,0.954,0.835,0.017,0.015,0.55,1
2301,877.643,836.758,18.3838,0.002,0.995,0.992,0.049,0.05,0.55,1
2418,940.435,1327.23,18.5233,0.003,1.153,0.917,0.052,0.057,0.55,1
2067,749.18,1276.46,18.2362,0.0027,1.058,0.843,0.037,0.042,0.54,1
2408,699.149,985.315,18.5893,0.0022,1.007,0.846,0.058,0.069,0.54,1
1107,1036.31,1252.75,17.2349,0.001,0.999,0.855,0.019,0.018,0.53,1
1330,973.164,1529.46,17.4883,0.0012,1.06,0.814,0.021,0.021,0.53,1
2012,985.596,1081.72,18.2352,0.0018,0.974,0.818,0.037,0.041,0.53,1
1018,932.743,1348.37,17.144,0.0013,0.535,0.411,0.029,0.024,0.52,1
857,792.299,1136.84,17.501,0.0018,0.886,0.808,0.051,0.037,0.52,1
1608,735.984,1323.64,17.671,0.0014,1.345,1.164,0.025,0.035,0.52,1
1609,968.285,1005.02,17.714,0.0015,1.249,1.074,0.029,0.038,0.52,1
1476,721.888,1075.24,17.7255,0.0013,0.92,0.717,0.026,0.023,0.51,1
1279,1266.56,1312.64,17.5053,0.0018,1.373,1.294,0.048,0.045,0.5,1
1489,956.569,1188.8,17.7134,0.0016,1.012,0.953,0.026,0.03,0.5,1
1834,876.107,1375.75,18.0229,0.0016,1.057,0.767,0.031,0.033,0.5,1
1401,749.669,1017.66,17.6506,0.0014,0.919,0.748,0.022,0.02,0.493,1
1165,1177.37,1293.74,17.1848,0.0012,1.181,0.984,0.018,0.019,0.49,1
1325,821.284,841.071,17.4835,0.0012,0.91,0.768,0.031,0.027,0.49,1
2101,707.802,1049.1,18.3117,0.0017,0.975,0.746,0.037,0.037,0.49,1
2302,909.55,1206.84,18.5317,0.0024,0.857,0.63,0.051,0.046,0.49,1
1421,721.972,1127.14,17.377,0.001,1.54,1.245,0.024,0.032,0.48,1
1667,882.095,1400.82,17.8111,0.0016,1.251,1.144,0.028,0.037,0.48,1
1655,650.325,1098.72,18.0041,0.0018,0.608,0.461,0.035,0.029,0.48,1
2431,1314.26,1178.8,18.6151,0.0025,1.037,0.859,0.053,0.06,0.48,1
45,1092.62,1382.36,12.86,0.0003,1.93,1.615,0.032,0.008,0.472,1
1711,1227.45,904.192,18.1976,0.0023,0.386,0.51,0.069,0.052,0.47,1
2219,1073.13,1213.34,18.3492,0.0025,1.113,0.951,0.043,0.047,0.47,1
2212,1041.39,1156.95,18.3883,0.0021,1.027,0.732,0.039,0.039,0.47,1
2475,844.665,906.616,18.5295,0.0024,1.012,0.964,0.055,0.064,0.47,1
2553,871.353,1032.43,18.7524,0.0027,1.126,0.995,0.058,0.073,0.47,1
2189,719.156,872.444,18.3277,0.0019,0.918,0.676,0.064,0.053,0.46,1
2254,1275.2,896.681,18.3587,0.002,1.027,0.782,0.048,0.06,0.46,1
2272,1151.9,1110.34,18.4574,0.002,1.043,0.866,0.043,0.051,0.46,1
2339,1328.2,1164.84,18.4714,0.0023,0.958,0.736,0.054,0.045,0.46,1
2432,1094.41,892.411,18.5571,0.0025,1.087,1.102,0.055,0.06,0.46,1
2365,1320.29,1080.72,18.5684,0.0028,1.024,0.728,0.049,0.047,0.46,1
2504,713.981,1036.18,18.7892,0.0027,0.964,0.854,0.058,0.054,0.46,1
1980,1299.11,1285.83,18.1574,0.002,1.058,0.768,0.039,0.042,0.44,1
2060,823.884,882.451,18.2155,0.0019,0.934,0.761,0.045,0.053,0.44,1
2261,1252.8,943.561,18.3214,0.0019,1.055,0.829,0.051,0.058,0.44,1
51,955.553,1149.7,13.2592,0.0003,1.211,1.141,0.006,0.006,0.439,1
2361,1109.4,1169.3,18.5284,0.0027,1.293,0.91,0.05,0.051,0.42,1
1548,1070.99,1304.69,17.8167,0.0015,0.782,0.551,0.03,0.027,0.41,1
2279,931.315,979.887,18.3368,0.0027,1.299,1.053,0.072,0.084,0.39,1
2218,618.196,1051.22,18.4949,0.0022,0.642,0.58,0.052,0.036,0.34,1
2344,1115.19,1444.59,18.4498,0.0023,1.351,0.906,0.047,0.054,0.3,1
17,771.589,1148.83,12.4331,0.0002,0.703,0.609,0.006,0.004,0.205,1
1783,993.802,1311.3,17.5181,0.0017,2.038,1.45,0.024,0.046,0.0,1
97,833.168,1371.33,13.8324,0.0003,1.152,1.007,0.007,0.007,0.87,0
202,1358.48,987.969,14.9346,0.001,0.685,0.541,0.017,0.013,0.683,0
2532,1231.39,1271.15,18.813,0.0028,1.452,1.338,0.061,0.086,0.67,0
33,1113.96,997.768,13.1882,0.0003,0.244,0.249,0.006,0.006,0.658,0
706,873.012,1503.89,16.2628,0.0006,1.505,1.303,0.012,0.016,0.64,0
576,677.17,1189.93,16.3095,0.0012,0.739,0.517,0.01,0.019,0.637,0
113,782.676,1436.57,14.2396,0.0003,0.316,0.248,0.009,0.009,0.632,0
813,731.951,1277.86,16.7378,0.0009,0.98,0.859,0.013,0.013,0.63,0
196,1382.41,1064.58,14.9211,0.0004,0.757,0.632,0.007,0.006,0.619,0
188,1064.95,1530.74,14.5845,0.0003,1.417,1.215,0.009,0.009,0.615,0
407,921.763,877.693,15.7416,0.0006,0.735,0.606,0.015,0.012,0.611,0
680,1218.94,895.9,16.4247,0.001,1.033,0.862,0.018,0.015,0.609,0
437,892.626,1347.28,15.8926,0.0008,0.616,0.504,0.009,0.008,0.602,0
761,1087.54,1017.74,16.4926,0.0008,1.389,1.144,0.019,0.021,0.6,0
209,1004.67,1101.98,14.7503,0.0006,1.374,1.255,0.006,0.006,0.585,0
261,734.486,955.003,14.9079,0.0003,1.427,1.29,0.014,0.019,0.582,0
170,1117.05,1346.76,14.4705,0.0003,1.457,1.33,0.007,0.007,0.57,0
768,1082.33,1227.87,16.4443,0.0008,1.486,1.266,0.011,0.013,0.57,0
748,917.518,1289.13,16.2913,0.0008,1.649,1.4,0.011,0.018,0.55,0
668,856.691,1494.26,16.4568,0.0008,0.913,0.733,0.013,0.015,0.545,0
392,913.053,1020.51,15.3945,0.0005,1.542,1.391,0.01,0.017,0.54,0
268,1178.88,853.25,15.2167,0.0004,0.808,0.729,0.015,0.012,0.538,0
548,730.599,1417.15,15.9473,0.0006,1.418,1.251,0.009,0.013,0.53,0
1180,793.319,1377.44,17.1361,0.0011,1.353,1.109,0.018,0.025,0.53,0
435,824.839,1264.92,15.4383,0.0005,1.658,1.47,0.007,0.01,0.52,0
450,1043.97,1367.72,15.6001,0.0007,1.5,1.343,0.008,0.01,0.52,0
874,638.872,1076.37,16.6661,0.0009,1.416,1.294,0.012,0.016,0.52,0
611,1018.94,1087.58,16.3982,0.0008,0.748,0.613,0.012,0.01,0.518,0
316,714.66,1362.47,15.1143,0.0003,1.468,1.407,0.007,0.009,0.51,0
460,1072.44,887.487,15.7595,0.0006,1.186,1.082,0.013,0.013,0.51,0
617,808.765,1226.54,16.1425,0.0007,1.37,1.168,0.009,0.011,0.51,0
627,746.295,931.442,16.3303,0.0009,0.927,0.838,0.019,0.016,0.509,0
416,1260.44,1083.67,15.4779,0.0007,1.505,1.346,0.009,0.01,0.5,0
1009,626.243,1097.3,17.1066,0.001,0.908,0.744,0.017,0.016,0.5,0
434,1017.91,860.226,15.8874,0.0006,0.57,0.49,0.017,0.012,0.491,0
574,1033.95,1270.45,16.2887,0.0018,0.762,0.613,0.013,0.012,0.49,0
847,924.692,1171.94,16.5823,0.0008,1.479,1.291,0.014,0.019,0.49,0
1392,1344.32,971.905,17.5897,0.0012,0.869,0.731,0.03,0.029,0.49,0
1656,1117.58,1412.4,17.8292,0.0018,1.068,0.79,0.03,0.03,0.49,0
1793,1389.49,1156.32,17.9809,0.0017,1.108,0.94,0.033,0.04,0.49,0
279,828.906,1249.97,15.3407,0.0005,0.587,0.5,0.007,0.007,0.485,0
1132,782.119,916.126,17.2091,0.0011,0.963,0.799,0.023,0.026,0.48,0
1708,1178.35,1343.82,17.7995,0.0018,1.382,1.224,0.026,0.036,0.48,0
93,1173.38,1186.43,13.5351,0.0004,1.65,1.524,0.006,0.006,0.478,0
415,822.304,964.21,15.7078,0.0005,0.854,0.718,0.017,0.014,0.477,0
657,662.572,1196.16,16.4648,0.0009,0.837,0.647,0.013,0.01,0.477,0
1241,1166.28,1484.79,17.359,0.0012,1.13,0.84,0.02,0.022,0.47,0
1269,919.815,1450.79,17.4591,0.001,0.969,0.77,0.02,0.021,0.47,0
1292,615.358,1112.28,17.5242,0.0013,0.873,0.72,0.024,0.02,0.47,0
1827,882.109,1129.76,18.1108,0.0016,0.877,0.791,0.034,0.033,0.47,0
252,1006.3,1005.3,15.2324,0.0005,0.672,0.568,0.008,0.006,0.467,0
634,1340.23,1066.14,16.4682,0.0008,0.764,0.637,0.012,0.01,0.463,0
405,684.621,1293.25,15.7888,0.0014,0.569,0.286,0.009,0.033,0.46,0
816,923.05,778.74,16.7497,0.001,0.96,0.837,0.021,0.021,0.46,0
924,1069.27,1130.04,16.9426,0.0013,1.058,0.887,0.016,0.016,0.46,0
1289,1022.44,1110.74,17.409,0.0012,1.197,1.031,0.024,0.028,0.46,0
1573,1241.31,1001.78,17.7282,0.0014,1.202,1.031,0.029,0.037,0.46,0
1505,1120.82,844.314,17.7958,0.0014,0.577,0.5,0.035,0.029,0.46,0
696,1079.45,931.596,16.5696,0.0008,0.737,0.622,0.024,0.018,0.457,0
162,1122.36,1308.98,14.7051,0.0003,0.763,0.647,0.007,0.008,0.456,0
127,1278.18,1235.25,14.2736,0.0003,0.862,0.733,0.007,0.007,0.452,0
144,628.801,1263.19,14.5349,0.0003,0.741,0.654,0.006,0.006,0.451,0
1141,1155.94,859.268,17.2441,0.001,0.923,0.791,0.025,0.024,0.45,0
1372,1155.67,1240.61,17.6005,0.0012,0.919,0.729,0.023,0.022,0.45,0
1364,1116.05,939.339,17.6349,0.0013,0.816,0.675,0.035,0.032,0.45,0
1787,1093.95,1033.53,18.0553,0.0017,0.937,0.76,0.036,0.027,0.45,0
1033,820.634,1332.93,17.1527,0.001,0.905,0.714,0.019,0.015,0.446,0
1203,1159.54,1392.3,17.3728,0.0014,1.013,0.856,0.024,0.022,0.445,0
931,768.671,1361.44,16.7476,0.0009,1.468,1.263,0.016,0.021,0.44,0
839,1078.86,1264.04,16.8409,0.0011,0.888,0.739,0.015,0.013,0.44,0
1145,785.812,1153.11,17.2425,0.0013,1.028,0.905,0.023,0.023,0.44,0
1249,978.258,926.196,17.391,0.0012,0.91,0.745,0.026,0.026,0.44,0
1416,1213.5,1109.15,17.6266,0.0026,1.075,0.81,0.02,0.025,0.44,0
2242,1129.59,891.376,18.4028,0.0019,0.906,0.724,0.048,0.045,0.44,0
1378,727.324,1055.83,17.7758,0.0013,0.43,0.334,0.026,0.019,0.438,0
157,640.7,1096.17,14.7692,0.0004,0.361,0.347,0.006,0.005,0.435,0
747,960.167,1394.55,16.6122,0.0009,0.933,0.766,0.014,0.013,0.431,0
1286,846.632,1236.58,17.3418,0.0013,1.259,1.046,0.023,0.023,0.43,0
1250,1190.45,1110.43,17.5152,0.0012,0.821,0.619,0.023,0.021,0.43,0
1530,838.45,1295.11,17.7152,0.0016,1.026,0.83,0.039,0.041,0.43,0
1623,793.278,1434.87,17.8096,0.0019,1.266,0.958,0.032,0.034,0.43,0
1730,1097.61,1338.36,17.9262,0.0017,1.07,0.854,0.029,0.032,0.43,0
2333,808.433,841.272,18.5801,0.0025,1.024,0.867,0.051,0.062,0.43,0
183,845.01,1001.87,14.938,0.0005,0.549,0.461,0.006,0.005,0.425,0
253,1084.22,1409.31,15.1772,0.0005,0.796,0.714,0.009,0.008,0.422,0
867,802.097,1412.05,16.9897,0.001,0.539,0.447,0.019,0.015,0.421,0
796,824.958,1147.55,16.7378,0.0013,0.969,0.84,0.016,0.018,0.42,0
950,912.812,936.179,16.9762,0.001,0.887,0.699,0.029,0.022,0.42,0
1218,1076.46,1006.28,17.3622,0.0013,0.969,0.767,0.022,0.022,0.42,0
1443,699.868,1284.0,17.671,0.0013,0.892,0.763,0.026,0.028,0.42,0
1964,878.433,1319.64,18.1063,0.0023,0.971,0.715,0.038,0.036,0.42,0
1707,675.143,1146.7,18.1824,0.0067,0.697,0.6,0.035,0.029,0.42,0
2018,1161.08,1109.7,18.2325,0.0018,0.876,0.685,0.039,0.039,0.42,0
2198,1088.81,1189.44,18.2567,0.0017,1.157,0.668,0.042,0.053,0.42,0
2158,1278.61,1097.93,18.2729,0.0022,1.212,1.053,0.047,0.053,0.42,0
2121,963.534,1025.71,18.2781,0.002,1.082,0.731,0.037,0.04,0.42,0
2177,867.429,1179.76,18.3489,0.0042,1.267,0.901,0.045,0.043,0.42,0
2091,862.036,1053.42,18.4515,0.002,0.644,0.546,0.048,0.035,0.42,0
2680,724.655,1021.07,19.0502,0.0027,0.806,0.59,0.068,0.059,0.42,0
722,637.944,1033.14,16.4379,0.001,1.277,1.111,0.012,0.013,0.418,0
965,784.028,1225.49,17.0364,0.001,0.979,0.896,0.016,0.016,0.41,0
961,942.318,1012.98,17.0599,0.0012,0.932,0.786,0.019,0.018,0.41,0
1270,1196.81,1213.81,17.1241,0.0012,1.636,1.538,0.023,0.033,0.41,0
1261,972.507,1054.82,17.2799,0.0011,1.351,1.209,0.022,0.027,0.41,0
2066,1207.26,1093.5,18.2965,0.0021,0.95,0.892,0.042,0.042,0.41,0
2436,766.261,902.173,18.7269,0.0023,0.585,0.526,0.078,0.062,0.41,0
2438,1255.94,1071.41,18.7536,0.0027,0.703,0.643,0.061,0.055,0.41,0
2667,673.168,999.42,18.8831,0.0026,1.191,0.96,0.058,0.07,0.41,0
426,1148.45,1089.06,15.9301,0.0008,0.489,0.442,0.01,0.007,0.408,0
459,922.422,905.37,15.9237,0.0007,0.746,0.616,0.017,0.014,0.4,0
940,861.198,805.146,17.049,0.0012,0.798,0.694,0.032,0.024,0.4,0
1267,1148.34,1319.41,17.1766,0.0012,1.554,1.31,0.021,0.026,0.4,0
1101,1222.23,1329.19,17.3987,0.0039,0.819,0.757,0.033,0.027,0.4,0
1214,837.817,1275.67,17.4331,0.0013,0.805,0.658,0.023,0.02,0.4,0
1348,1153.56,1195.08,17.5448,0.0012,1.107,0.931,0.025,0.025,0.4,0
1552,972.429,1488.09,17.5936,0.0015,1.395,1.192,0.024,0.032,0.4,0
1786,833.618,1457.87,17.9962,0.0024,1.02,0.799,0.032,0.033,0.4,0
1961,1025.86,873.401,18.045,0.0016,1.087,0.841,0.041,0.047,0.4,0
1996,1108.49,1124.22,18.1648,0.002,1.021,0.75,0.04,0.038,0.4,0
2112,945.8,1151.56,18.2257,0.0035,0.985,0.736,0.047,0.046,0.4,0
2061,1071.9,811.669,18.2462,0.002,0.824,0.664,0.045,0.044,0.4,0
2324,1282.3,962.034,18.4684,0.0022,0.952,0.788,0.056,0.062,0.4,0
2287,1026.37,1518.44,18.4743,0.0025,0.914,0.673,0.037,0.044,0.4,0
2180,637.968,993.466,18.4778,0.0021,0.58,0.533,0.058,0.037,0.4,0
2384,721.948,1289.53,18.5363,0.0022,0.902,0.649,0.045,0.047,0.4,0
421,1119.93,1117.24,15.7987,0.0011,0.875,0.712,0.01,0.009,0.399,0
181,660.965,1238.74,14.5957,0.0003,1.365,1.221,0.006,0.006,0.391,0
87,1134.5,1283.45,13.9839,0.0003,0.252,0.196,0.007,0.007,0.39,0
1088,718.842,1378.84,17.3511,0.0012,0.402,0.336,0.022,0.016,0.39,0
1307,1384.02,1196.54,17.5323,0.0015,0.939,0.759,0.023,0.023,0.39,0
1377,981.263,1262.17,17.6204,0.0015,0.915,0.773,0.023,0.022,0.39,0
1563,690.513,1135.14,17.8563,0.0016,0.905,0.856,0.029,0.032,0.39,0
1696,1083.4,1133.58,17.9267,0.0019,0.997,0.885,0.03,0.033,0.39,0
1672,876.949,909.247,17.9891,0.0022,0.869,0.706,0.052,0.043,0.39,0
2230,1306.37,989.768,18.1736,0.0019,1.228,0.882,0.04,0.05,0.39,0
2019,947.131,1059.08,18.1908,0.002,1.144,0.944,0.038,0.043,0.39,0
2117,757.933,1240.54,18.2689,0.0019,1.056,0.762,0.039,0.044,0.39,0
2692,1192.2,991.06,18.8602,0.0025,1.081,0.736,0.071,0.075,0.39,0
2705,759.972,1020.77,19.0435,0.0028,1.077,0.96,0.076,0.081,0.39,0
553,1104.36,1129.09,16.2477,0.0007,0.792,0.682,0.011,0.009,0.381,0
1092,997.463,1174.47,17.2093,0.0012,0.971,0.795,0.017,0.016,0.38,0
1301,1017.91,1109.39,17.5359,0.0026,0.946,0.761,0.025,0.027,0.38,0
1487,773.036,1316.38,17.7554,0.0018,0.869,0.74,0.026,0.024,0.38,0
1726,1263.74,1441.47,17.9184,0.0015,1.046,0.854,0.033,0.028,0.38,0
2565,691.648,1065.5,18.7862,0.0023,0.943,0.666,0.063,0.059,0.38,0
958,1156.42,794.68,17.0048,0.001,0.885,0.72,0.023,0.019,0.371,0
833,1136.85,1207.48,16.8335,0.0009,0.92,0.74,0.016,0.015,0.37,0
970,928.356,1430.98,17.0106,0.0008,0.959,0.815,0.016,0.016,0.37,0
1259,1057.39,1082.64,17.482,0.0016,0.953,0.766,0.02,0.019,0.37,0
1396,906.176,949.01,17.5774,0.0014,0.886,0.726,0.033,0.028,0.37,0
1499,1050.09,1321.46,17.86,0.0023,0.693,0.499,0.027,0.022,0.37,0
1767,931.162,1418.87,17.9518,0.0016,1.02,0.825,0.03,0.036,0.37,0
1835,1098.98,921.304,17.9905,0.0015,0.977,1.266,0.036,0.059,0.37,0
2001,861.483,882.166,18.1018,0.0025,1.097,0.861,0.047,0.046,0.37,0
2126,792.882,1168.93,18.3456,0.0025,1.03,0.866,0.04,0.044,0.37,0
2399,1098.05,1431.57,18.5318,0.0023,1.096,0.863,0.047,0.055,0.37,0
2407,1154.29,1051.64,18.6041,0.0027,0.991,0.807,0.048,0.046,0.37,0
2682,883.3,1087.5,19.0854,0.0032,0.846,0.69,0.072,0.073,0.37,0
597,838.168,1361.21,16.8307,0.0074,0.844,0.726,0.046,0.034,0.368,0
885,1254.12,1390.64,17.1982,0.0027,1.392,1.251,0.073,0.054,0.36,0
1603,953.803,1517.95,17.7975,0.0015,1.032,0.957,0.026,0.032,0.36,0
1513,1283.78,1389.43,17.8144,0.0019,1.061,0.971,0.036,0.034,0.36,0
2368,788.332,1068.92,18.5175,0.002,1.13,0.913,0.043,0.052,0.36,0
2649,1124.58,1262.81,18.8352,0.0027,1.135,0.854,0.062,0.069,0.36,0
2700,674.392,962.147,18.9671,0.0029,0.905,0.701,0.091,0.094,0.36,0
2671,858.202,1069.64,19.0375,0.0028,1.063,0.896,0.071,0.075,0.36,0
2785,1115.07,1052.3,19.1172,0.0034,1.167,0.937,0.078,0.086,0.36,0
2744,1182.74,1049.85,19.1445,0.0032,1.056,0.889,0.082,0.079,0.36,0
1219,1212.7,896.925,17.3396,0.0017,0.977,0.797,0.026,0.025,0.35,0
1918,1113.84,863.206,18.0417,0.0018,1.011,0.79,0.043,0.046,0.35,0
1905,984.359,1400.15,18.1518,0.0018,0.837,0.613,0.039,0.034,0.35,0
2527,1175.73,1248.57,18.6679,0.0025,1.079,0.877,0.068,0.065,0.35,0
2619,903.124,1369.74,18.9473,0.0028,0.981,0.769,0.07,0.062,0.35,0
2673,1301.67,1031.98,18.9563,0.0034,1.104,0.884,0.066,0.071,0.35,0
49,1214.46,913.379,13.5832,0.0003,0.13,0.114,0.013,0.006,0.347,0
744,840.078,855.693,16.5576,0.0008,1.022,0.993,0.02,0.017,0.34,0
936,956.932,1196.66,16.7774,0.0009,1.339,1.109,0.014,0.02,0.34,0
1425,1040.15,1384.65,17.6241,0.0013,1.004,0.826,0.023,0.025,0.34,0
1962,659.695,1251.98,18.1025,0.0019,1.038,0.863,0.032,0.037,0.34,0
2290,815.576,1142.81,18.3642,0.002,1.207,0.901,0.04,0.047,0.34,0
1944,1297.07,1370.37,18.9735,0.0046,0.957,1.118,0.079,0.065,0.34,0
2733,1124.49,1523.88,19.022,0.0052,1.013,0.812,0.076,0.084,0.34,0
2767,1057.74,1516.75,19.1055,0.0033,1.184,0.856,0.069,0.079,0.34,0
714,948.991,1194.05,16.6281,0.0012,0.806,0.649,0.013,0.01,0.337,0
234,1091.11,1297.11,15.1847,0.003,0.695,0.571,0.016,0.013,0.331,0
1528,809.263,1177.17,17.7275,0.0014,0.885,0.62,0.033,0.029,0.33,0
1888,1084.69,1533.71,17.9763,0.0016,1.24,1.07,0.039,0.052,0.33,0
1968,1208.19,1041.7,18.0952,0.0022,1.143,0.951,0.031,0.033,0.33,0
2109,961.781,1038.33,18.3139,0.0024,0.962,0.841,0.036,0.04,0.33,0
2374,842.345,926.706,18.5357,0.0022,0.844,0.763,0.057,0.057,0.33,0
2412,1041.75,1473.14,18.6006,0.0032,1.032,0.779,0.041,0.047,0.33,0
2765,945.163,1033.28,18.9976,0.0032,1.238,0.437,0.085,0.087,0.33,0
2748,1127.92,1134.29,19.0387,0.0029,1.274,0.955,0.066,0.082,0.33,0
990,1156.48,1154.26,17.0357,0.0013,1.024,0.846,0.021,0.018,0.32,0
972,1397.99,1156.96,17.0392,0.001,1.035,0.849,0.016,0.017,0.32,0
1567,1209.27,1486.1,17.774,0.0016,1.127,0.938,0.026,0.03,0.32,0
1897,1210.37,818.945,18.0313,0.0018,0.915,0.749,0.041,0.039,0.32,0
1587,891.332,1146.34,18.0583,0.0041,0.953,0.945,0.056,0.043,0.32,0
2041,1371.55,1004.65,18.3012,0.002,0.981,0.762,0.036,0.037,0.32,0
2756,1129.53,1158.62,19.0283,0.0034,1.214,0.962,0.083,0.092,0.32,0
1566,942.051,1510.22,17.772,0.0016,0.976,0.843,0.026,0.026,0.31,0
2076,872.192,856.573,18.2463,0.0021,0.87,0.804,0.053,0.045,0.31,0
2430,1010.28,1073.44,18.5509,0.0026,1.104,0.935,0.053,0.055,0.31,0
2381,1095.89,1204.67,18.791,0.0055,1.197,0.952,0.048,0.059,0.31,0
1066,639.475,1321.84,17.1744,0.001,0.895,0.722,0.019,0.017,0.3,0
1276,696.717,1149.46,17.4669,0.0017,0.974,0.781,0.019,0.022,0.3,0
1739,1094.22,945.46,17.7745,0.002,1.362,1.169,0.037,0.042,0.3,0
2635,1144.27,1255.87,18.9376,0.003,0.855,0.817,0.065,0.071,0.3,0
2695,1318.35,1143.15,18.9585,0.0034,1.204,1.032,0.07,0.081,0.3,0
2710,1061.8,1108.45,18.9801,0.0036,1.209,0.937,0.072,0.088,0.3,0
2535,991.089,1444.54,18.9967,0.0041,1.033,1.058,0.075,0.08,0.3,0
242,824.44,1066.53,15.1269,0.0004,0.819,0.685,0.007,0.006,0.299,0
998,735.602,1027.89,17.077,0.0012,0.957,0.862,0.017,0.016,0.297,0
581,852.404,1016.72,16.213,0.0006,1.048,0.956,0.012,0.01,0.295,0
806,785.125,1412.6,16.7638,0.0009,0.881,0.684,0.016,0.015,0.292,0
1524,1105.42,1002.79,17.7008,0.0025,0.896,0.701,0.033,0.045,0.29,0
2295,1073.18,800.35,18.3193,0.0027,1.251,1.026,0.054,0.059,0.29,0
2221,961.586,831.192,18.4801,0.0038,1.066,0.894,0.067,0.069,0.29,0
2549,1315.33,1379.81,18.7299,0.0028,1.283,0.968,0.057,0.066,0.29,0
2312,1069.38,995.004,18.7367,0.0068,1.136,1.011,0.047,0.055,0.29,0
72,1328.48,1253.63,13.6898,0.0007,0.832,0.713,0.009,0.007,0.286,0
578,914.08,1216.58,16.5679,0.0017,0.998,0.869,0.041,0.028,0.284,0
575,1160.83,1340.23,16.1858,0.0007,1.083,0.88,0.01,0.011,0.282,0
1149,1191.43,1212.84,17.3011,0.0043,1.057,0.782,0.018,0.025,0.28,0
2020,1268.99,1330.41,18.4554,0.0038,1.221,1.098,0.052,0.048,0.28,0
2220,726.473,990.7,18.6794,0.0059,1.079,0.845,0.054,0.07,0.28,0
2676,1312.27,1242.11,19.042,0.0062,1.146,0.909,0.065,0.071,0.28,0
1001,964.739,1267.25,17.0892,0.0012,0.952,0.737,0.017,0.013,0.275,0
632,1164.21,1273.63,16.4106,0.0009,0.86,0.778,0.012,0.011,0.273,0
1447,644.167,978.242,17.6199,0.0032,1.085,0.917,0.033,0.032,0.27,0
1938,1091.0,1284.79,18.0965,0.0019,0.999,0.792,0.036,0.038,0.27,0
1212,880.781,1327.95,17.3428,0.0012,0.999,0.791,0.019,0.022,0.26,0
1859,1047.7,1338.87,17.9707,0.0019,1.13,0.881,0.037,0.041,0.26,0
888,860.326,1118.3,16.9301,0.001,0.857,0.741,0.015,0.015,0.259,0
1121,1054.01,1026.58,17.2862,0.0013,0.978,0.847,0.017,0.018,0.25,0
1398,757.284,1294.87,17.6924,0.0048,0.992,0.864,0.023,0.027,0.25,0
2130,907.747,990.442,18.2326,0.0022,0.989,0.768,0.051,0.044,0.25,0
2419,841.081,1309.61,18.6672,0.0052,1.135,0.744,0.044,0.054,0.25,0
2696,858.568,1300.84,18.9922,0.0028,0.748,0.586,0.093,0.078,0.25,0
554,1265.1,1191.16,16.0296,0.001,1.368,1.25,0.017,0.019,0.24,0
1006,825.557,1126.94,17.0983,0.001,0.959,0.805,0.017,0.017,0.24,0
1452,1057.85,1156.52,17.6876,0.0019,1.084,0.924,0.024,0.026,0.24,0
1884,975.529,803.304,18.0483,0.0016,0.871,0.756,0.05,0.044,0.24,0
1948,870.34,906.376,18.1113,0.0017,1.04,0.997,0.04,0.049,0.24,0
1015,763.138,999.921,17.1174,0.0009,0.906,0.746,0.016,0.017,0.23,0
2701,710.71,929.986,18.7443,0.0026,1.297,0.884,0.078,0.094,0.23,0
1102,1258.82,1448.47,17.2565,0.0013,0.904,0.617,0.019,0.019,0.22,0
1516,1179.32,1092.03,17.7765,0.0021,0.946,0.729,0.028,0.029,0.22,0
2350,905.196,1326.47,18.4478,0.0022,1.098,1.032,0.044,0.062,0.22,0
664,851.527,1209.4,16.4405,0.0008,0.963,0.807,0.01,0.012,0.211,0
2405,1033.11,934.216,18.5108,0.0025,1.047,0.877,0.059,0.066,0.21,0
1856,940.532,1436.97,18.04,0.0017,1.068,0.863,0.033,0.034,0.2,0
0,870.276,1480.55,17.0073,0.0008,1.157,1.049,0.02,0.026,0.19,0
2741,1064.89,969.71,19.0043,0.0036,1.051,0.962,0.097,0.097,0.19,0
9,975.042,1322.58,12.1443,0.0001,0.573,0.49,0.006,0.006,0.183,0
350,741.276,1208.05,15.6707,0.0025,0.728,0.794,0.044,0.062,0.174,0
1992,1100.85,1075.68,18.1504,0.002,1.039,0.866,0.034,0.036,0.17,0
559,1037.86,1533.01,16.222,0.0008,0.943,0.787,0.014,0.015,0.165,0
1677,894.909,1148.83,17.8196,0.0023,1.135,0.915,0.04,0.05,0.15,0
2007,656.859,1323.4,18.2025,0.0022,1.057,0.83,0.035,0.037,0.15,0
1963,768.875,1418.22,18.2456,0.0033,0.982,0.735,0.041,0.038,0.15,0
1351,732.738,1146.18,17.5547,0.0012,0.968,0.842,0.02,0.024,0.14,0
1453,993.259,899.293,17.6906,0.0038,1.033,0.951,0.048,0.039,0.12,0
2481,692.506,950.972,18.7039,0.0024,1.171,1.074,0.078,0.083,0.12,0
133,883.727,1260.66,14.4379,0.0004,0.666,0.602,0.009,0.011,0.112,0
2071,854.469,1458.45,18.1692,0.0019,1.198,0.999,0.037,0.043,0.11,0
1713,1246.41,1322.32,18.2048,0.0034,1.261,1.055,0.057,0.043,0.09,0
1712,798.778,905.476,17.9646,0.0032,0.976,0.892,0.044,0.046,0.07,0
2095,1046.99,792.632,18.2078,0.0034,1.153,1.101,0.046,0.054,0.04,0
2275,969.018,958.31,18.2974,0.0021,1.1,0.979,0.052,0.063,0.02,0
362,923.066,1243.62,15.5685,0.0018,0.914,0.852,0.008,0.009,0.0,0
904,1273.83,1230.64,17.2548,0.0064,1.216,0.897,0.024,0.029,0.0,0
1811,707.434,1413.23,17.9478,0.0064,1.361,1.239,0.026,0.035,0.0,0
2288,1110.07,1513.87,18.5235,0.0043,2.482,0.862,0.094,0.05,0.35,0
1,1232.48,1370.79,7.9668,0.0007,2.183,1.687,0.009,0.006,0.264,0
1159,1097.59,1490.88,16.8768,0.007,nan,1.341,nan,0.03,0.29,-1
2642,1039.51,965.282,19.7191,0.0072,nan,0.64,nan,0.092,0.24,-1
2675,706.535,947.163,19.0447,0.0031,nan,0.818,nan,0.085,0.28,-1
