ID,x,y,V,Verr,BV,BVerr,UB,UBerr,VR,VRerr,VI,VIerr,ra,dec
1,1089.98,1330.69,8.986,0.003,2.123,0.006,1.883,0.006,1.206,0.011,99.0,99.0,154.76745222456609,-56.41708441805006
2,196.273,187.858,10.622,0.007,0.39,0.014,-0.029,0.011,0.266,0.009,0.54,0.018,154.90275859132348,-56.510742917776646
3,643.571,1896.86,11.074,0.005,1.209,0.008,1.07,0.007,0.678,0.008,1.285,0.011,154.83305425704143,-56.37012860494024
5,1799.04,1370.4,11.758,0.002,0.0,0.007,-0.062,0.006,0.046,0.004,0.067,0.005,154.6615554337887,-56.41447744805636
6,1290.82,1793.61,11.86,0.004,0.064,0.008,-0.091,0.007,0.087,0.004,0.146,0.006,154.73664157618862,-56.378948220880375
7,893.046,1478.63,11.94,0.003,0.291,0.004,0.123,0.004,0.211,0.003,0.392,0.005,154.79661504007044,-56.40475420405703
8,213.801,750.558,12.077,0.003,0.081,0.006,0.089,0.005,0.044,0.006,0.097,0.007,154.8994131327253,-56.464539147849806
9,1577.47,1474.33,12.134,0.003,0.622,0.004,0.105,0.003,0.408,0.004,0.788,0.005,154.69444335217304,-56.40562339071276
10,1084.94,95.706,12.287,0.004,0.452,0.007,-0.045,0.006,0.298,0.005,0.627,0.007,154.7697243107699,-56.51886779548934
11,876.463,1292.74,12.321,0.002,0.608,0.003,0.031,0.003,0.402,0.003,0.758,0.004,154.7994168079903,-56.420091518254516
12,949.975,39.103,12.501,0.004,0.573,0.007,0.2,0.006,0.364,0.005,0.779,0.007,154.789974369083,-56.523393536126044
13,1516.44,452.924,12.72,0.004,0.476,0.006,0.182,0.006,0.311,0.005,0.654,0.007,154.70487374516665,-56.4899344040105
14,1010.47,1353.04,12.752,0.003,0.343,0.003,-0.317,0.003,0.29,0.003,0.565,0.004,154.77929214602278,-56.41518809084108
15,1217.04,580.889,12.788,0.004,0.715,0.007,0.096,0.006,0.448,0.005,0.869,0.006,154.74949895859874,-56.47905118079102
16,641.307,954.167,12.875,0.002,0.325,0.004,0.136,0.005,0.224,0.004,0.43,0.005,154.83511722774523,-56.44789754650291
17,1183.51,1263.14,12.938,0.002,0.493,0.003,0.356,0.004,0.342,0.003,0.684,0.004,154.75359144533553,-56.42273086878253
18,673.437,1151.02,12.951,0.005,0.483,0.007,-0.007,0.005,0.342,0.007,0.684,0.008,154.83000270340884,-56.43168983116003
19,512.309,1509.83,12.967,0.003,0.237,0.004,0.137,0.004,0.177,0.004,0.33,0.006,154.85345768788693,-56.40206004335303
20,742.949,1735.59,13.034,0.004,1.417,0.006,1.092,0.01,0.811,0.005,1.578,0.006,154.81854630734793,-56.383474264120416
21,961.483,1219.37,13.047,0.002,0.413,0.003,-0.057,0.004,0.298,0.004,0.603,0.004,154.78683195122198,-56.426193328154504
22,576.255,115.932,13.185,0.005,1.522,0.01,1.32,0.015,0.825,0.006,1.65,0.007,154.8458823418577,-56.51680426730576
23,1312.81,696.345,13.189,0.004,0.431,0.007,0.313,0.007,0.279,0.006,0.583,0.008,154.73505145571085,-56.46962784863679
24,823.927,1582.19,13.251,0.004,0.375,0.005,0.012,0.004,0.273,0.005,0.531,0.007,154.80674947331013,-56.396172087722135
25,1230.67,626.704,13.336,0.005,0.348,0.008,0.062,0.006,0.255,0.006,0.484,0.009,154.7474097992817,-56.47528809845044
26,1375.36,888.124,13.376,0.005,0.401,0.007,0.252,0.007,0.269,0.007,0.527,0.009,154.72547061988735,-56.45386797647789
27,299.279,1769.41,13.42,0.005,0.595,0.007,-0.01,0.006,0.385,0.007,0.736,0.009,154.8847781446895,-56.380639578317215
28,1601.21,1904.72,13.511,0.005,2.05,0.006,2.149,0.054,1.191,0.006,2.337,0.007,154.6901371097631,-56.37000021000264
29,1107.21,1042.4,13.522,0.003,0.368,0.005,0.059,0.005,0.262,0.005,0.5,0.005,154.7653256989498,-56.44089614971229
30,608.547,248.865,13.524,0.005,0.636,0.009,0.595,0.009,0.374,0.007,0.805,0.009,154.84091393800796,-56.50590354098603
31,1154.92,1262.67,13.531,0.003,1.237,0.004,0.716,0.01,0.748,0.004,1.476,0.005,154.75786251932234,-56.42274812799526
32,1112.56,1670.15,13.546,0.004,0.487,0.005,0.382,0.005,0.314,0.005,0.63,0.006,154.76348005092112,-56.389045514283346
33,1316.69,1922.33,13.617,0.007,2.213,0.011,2.237,0.085,1.447,0.008,3.09,0.01,154.73252935724898,-56.36830924489092
34,981.478,1723.47,13.637,0.005,0.551,0.006,-0.041,0.005,0.376,0.005,0.708,0.007,154.78294772409393,-56.38456640141007
35,480.791,385.99,13.683,0.006,0.73,0.009,0.165,0.009,0.433,0.007,0.838,0.01,154.8599004308525,-56.49457272106421
36,508.073,1645.46,13.686,0.004,0.444,0.006,-0.061,0.005,0.323,0.006,0.612,0.007,154.85382418516215,-56.39086949167684
37,1703.18,1516.26,13.752,0.003,0.777,0.005,-0.051,0.005,0.524,0.005,1.08,0.006,154.67562336343158,-56.402287372661974
38,2021.15,685.639,13.778,0.007,0.501,0.011,0.326,0.01,0.515,0.009,1.177,0.011,154.62926968698352,-56.47144108441579
39,1046.87,1295.96,13.829,0.003,0.579,0.004,0.004,0.005,0.386,0.004,0.724,0.017,154.77394933178445,-56.419924041437596
40,1016.65,1283.99,13.85,0.002,0.452,0.003,-0.032,0.004,0.323,0.004,0.649,0.005,154.77848381859195,-56.42089314111394
41,667.852,755.865,13.902,0.005,0.573,0.009,-0.109,0.008,0.378,0.007,0.784,0.009,154.83142978909393,-56.464238199945946
42,1908.87,410.398,13.907,0.007,1.529,0.012,1.087,0.019,0.877,0.009,1.766,0.01,154.64628087389454,-56.493999873394756
43,1665.28,1642.24,13.933,0.005,1.356,0.006,99.0,99.0,0.817,0.006,1.637,0.007,154.68106376141006,-56.39181264076304
44,1144.68,1256.33,13.936,0.002,0.51,0.003,-0.046,0.005,0.347,0.004,0.706,0.004,154.7594021644372,-56.42326416244292
45,1919.56,544.841,13.947,0.007,0.584,0.01,-0.03,0.009,0.374,0.009,0.739,0.011,154.64456826343556,-56.48291479483683
46,925.486,1477.33,13.948,0.003,0.605,0.004,0.008,0.005,0.41,0.004,0.805,0.005,154.79177115615394,-56.40487730244825
47,1171.71,1345.61,13.953,0.003,0.489,0.004,0.112,0.005,0.334,0.004,0.685,0.005,154.75522061962627,-56.415909402723294
48,1087.81,1301.08,13.955,0.005,0.572,0.006,0.173,0.006,0.376,0.012,0.889,0.018,154.76782506332364,-56.41952834441704
49,516.393,965.37,13.977,0.006,0.434,0.009,-0.003,0.007,0.301,0.009,0.569,0.011,154.85378945163538,-56.446930553925874
50,986.433,1938.77,14.074,0.009,0.709,0.012,0.142,0.014,0.447,0.01,0.859,0.012,154.78177200530075,-56.366763217339894
51,93.548,70.125,14.151,0.008,1.945,0.014,99.0,99.0,1.062,0.01,2.176,0.012,154.9182869676325,-56.520374662000116
52,959.166,630.597,14.159,0.007,0.527,0.01,0.414,0.009,0.327,0.008,0.685,0.011,154.7880065515949,-56.474732843321874
53,891.591,217.295,14.167,0.007,0.754,0.011,0.562,0.011,0.437,0.009,0.901,0.012,154.79856093121234,-56.50869361944451
54,613.466,551.928,14.181,0.006,0.696,0.01,0.197,0.01,0.417,0.008,0.795,0.009,154.83983466833638,-56.48099245777263
55,1842.26,568.211,14.256,0.007,0.691,0.011,0.091,0.01,0.428,0.01,0.839,0.011,154.65608917926141,-56.48086704502038
56,287.978,1848.06,14.262,0.007,1.432,0.01,0.981,0.021,0.81,0.009,1.62,0.011,154.88629622840426,-56.37415138510331
57,1157.14,1404.28,14.28,0.003,0.43,0.004,0.063,0.005,0.305,0.004,0.594,0.005,154.75729869510414,-56.41105140955269
58,703.137,905.657,14.306,0.006,0.47,0.009,0.137,0.01,0.31,0.008,0.638,0.009,154.82593950754682,-56.45192041597934
59,952.987,556.945,14.328,0.007,1.679,0.01,1.204,0.029,0.975,0.008,1.954,0.009,154.7890177537591,-56.48079354038019
60,474.293,1113.34,14.363,0.003,0.542,0.005,0.36,0.007,0.334,0.005,0.701,0.007,154.85985193365352,-56.434733801970744
61,1557.19,1281.66,14.368,0.003,0.767,0.005,0.298,0.008,0.474,0.005,0.89,0.005,154.69777196088341,-56.42154211903757
62,934.587,1227.5,14.42,0.003,0.518,0.004,0.301,0.007,0.338,0.004,0.695,0.005,154.79083818384387,-56.42550668100095
64,734.894,1378.63,14.427,0.003,0.885,0.004,0.462,0.009,0.531,0.004,0.996,0.005,154.82042685330384,-56.4129420314436
63,746.077,1599.43,14.427,0.004,0.528,0.006,-0.013,0.006,0.358,0.005,0.676,0.006,154.81834739186255,-56.39472083332716
65,1960.05,610.401,14.433,0.007,0.67,0.011,0.139,0.011,0.412,0.01,0.789,0.011,154.63846234899253,-56.47756213468037
66,1399.23,1101.44,14.437,0.003,0.722,0.005,0.118,0.008,0.47,0.005,0.919,0.005,154.72161729087827,-56.43627669576372
67,1893.19,824.771,14.461,0.007,0.703,0.011,0.598,0.013,0.424,0.01,0.902,0.011,154.64822227976632,-56.45974393106614
68,305.535,1640.36,14.538,0.006,0.753,0.008,0.237,0.009,0.468,0.008,0.882,0.01,154.88411442707167,-56.391283598576635
69,1065.1,65.936,14.581,0.008,1.769,0.011,99.0,99.0,1.022,0.01,2.06,0.011,154.77271773198078,-56.52129643167479
70,1088.1,276.45,14.617,0.008,0.746,0.012,0.173,0.012,0.454,0.01,0.883,0.012,154.76909477878618,-56.50400022806387
71,1882.91,752.568,14.626,0.007,0.617,0.011,0.345,0.012,0.388,0.01,0.83,0.011,154.6498350785133,-56.465696836692224
72,1677.65,1446.03,14.638,0.003,0.59,0.005,0.096,0.008,0.4,0.005,0.783,0.006,154.67954438767055,-56.408073372683354
73,485.53,791.292,14.683,0.005,0.826,0.009,0.407,0.013,0.491,0.007,0.919,0.01,154.85866728530067,-56.46124897280036
74,1933.95,1063.52,14.771,0.004,0.863,0.007,0.46,0.014,0.519,0.006,0.97,0.007,154.64185694393223,-56.440057045907196
75,1303.75,1097.09,14.891,0.003,0.679,0.005,0.192,0.009,0.43,0.004,0.805,0.006,154.7358833844096,-56.43654566195803
76,1577.58,49.646,14.892,0.007,0.561,0.012,-0.022,0.012,0.361,0.01,0.715,0.011,154.696055560699,-56.52325240208062
77,78.148,707.573,14.917,0.006,0.702,0.011,0.485,0.016,0.41,0.01,0.884,0.011,154.91979784374112,-56.46806244586031
78,1625.6,1036.38,14.931,0.003,0.615,0.006,0.44,0.01,0.383,0.006,0.811,0.006,154.68790760942167,-56.44189834872412
79,1210.56,1660.86,14.946,0.004,0.575,0.006,-0.012,0.008,0.384,0.006,0.731,0.007,154.74886912796973,-56.38987654307221
80,1070.97,1455.09,14.954,0.004,0.503,0.006,0.359,0.01,0.307,0.005,0.632,0.006,154.7700801144669,-56.406795978725086
81,666.187,224.009,14.98,0.006,0.63,0.01,-0.049,0.013,0.415,0.009,0.839,0.01,154.83230594217866,-56.507980314017736
82,348.757,850.469,15.014,0.005,0.746,0.008,0.205,0.014,0.476,0.008,0.975,0.009,154.87905537425485,-56.45634473161799
83,1752.73,308.387,15.02,0.006,0.593,0.01,-0.014,0.012,0.381,0.009,0.745,0.011,154.66968789721025,-56.502178509429655
84,1157.03,1751.09,15.026,0.005,0.636,0.007,0.485,0.013,0.393,0.006,0.797,0.008,154.75668801922035,-56.38237810940144
85,821.309,1132.87,15.067,0.003,0.577,0.005,0.428,0.012,0.355,0.004,0.755,0.006,154.80792182250102,-56.43325185129683
86,896.187,1635.43,15.102,0.004,0.621,0.006,0.011,0.008,0.406,0.005,0.77,0.007,154.79585448020592,-56.391803779975824
87,1048.58,870.993,15.116,0.006,0.686,0.01,0.145,0.018,0.445,0.009,0.831,0.01,154.7743288658218,-56.45498993502246
88,115.319,1624.18,15.139,0.006,0.691,0.009,0.433,0.014,0.411,0.009,0.863,0.011,154.91259753506398,-56.392641060790446
89,684.492,1692.29,15.14,0.004,0.559,0.006,0.432,0.013,0.344,0.006,0.709,0.007,154.82736636473456,-56.387035285221096
90,1124.2,915.644,15.156,0.005,0.702,0.008,0.422,0.016,0.445,0.008,0.882,0.009,154.76296473665442,-56.45136701008488
91,627.586,1587.38,15.163,0.004,0.787,0.006,0.281,0.014,0.493,0.005,0.937,0.006,154.8360767436203,-56.39568321808878
93,1022.61,1971.48,15.172,0.004,0.644,0.006,0.059,0.011,0.414,0.006,0.788,0.007,154.77630390474704,-56.364072515799144
92,1964.1,1422.19,15.172,0.004,0.718,0.006,0.161,0.013,0.473,0.006,0.96,0.007,154.63686435001586,-56.410402280506055
94,1222.23,800.85,15.183,0.006,0.755,0.009,0.655,0.028,0.472,0.009,0.996,0.01,154.74846315897003,-56.460920445874095
95,1746.54,204.051,15.188,0.006,0.759,0.01,0.531,0.02,0.442,0.01,0.965,0.011,154.67069141442863,-56.51077401072091
96,931.343,1471.29,15.192,0.005,0.602,0.006,0.409,0.012,0.355,0.006,0.731,0.008,154.79090703482458,-56.405379068565296
97,503.83,534.944,15.206,0.005,0.598,0.009,-0.047,0.013,0.399,0.008,0.787,0.009,154.8562710575103,-56.482339680555164
98,381.983,1622.13,15.217,0.005,0.856,0.008,0.347,0.017,0.556,0.007,1.07,0.011,154.87272088149902,-56.39278591604217
99,670.782,1828.14,15.221,0.006,0.787,0.009,0.188,0.012,0.534,0.008,1.029,0.012,154.82913584015418,-56.37581118782246
100,1158.44,1097.58,15.232,0.004,0.604,0.007,0.404,0.013,0.376,0.005,0.787,0.007,154.7575899772426,-56.43638187380538
101,1628.96,1766.05,15.244,0.005,0.77,0.007,0.203,0.011,0.511,0.007,1.017,0.008,154.6862596950794,-56.381518624474495
102,1656.3,236.741,15.248,0.007,0.694,0.011,0.072,0.016,0.433,0.01,0.852,0.011,154.68415437985985,-56.50794647359291
103,935.064,1124.59,15.277,0.004,0.547,0.006,0.41,0.014,0.323,0.005,0.678,0.006,154.7909300948285,-56.43399773856946
104,1421.67,463.021,15.297,0.006,0.668,0.01,0.033,0.012,0.413,0.009,0.811,0.011,154.71902939252706,-56.4889868893759
105,1499.29,790.48,15.308,0.006,0.801,0.009,0.517,0.029,0.502,0.009,1.04,0.011,154.7070772706507,-56.46206287992461
106,362.413,1645.87,15.325,0.005,0.593,0.008,0.432,0.015,0.358,0.008,0.743,0.01,154.8755984740136,-56.39082765071605
107,780.08,1300.39,15.369,0.003,0.78,0.005,0.21,0.014,0.51,0.004,1.018,0.006,154.81380918011772,-56.4194152000231
108,737.443,632.824,15.397,0.004,0.834,0.008,0.36,0.019,0.514,0.007,1.055,0.008,154.82117713810703,-56.47440262512883
109,1560.22,340.201,15.407,0.007,0.73,0.011,0.187,0.016,0.457,0.013,0.83,0.011,154.6984317340464,-56.49928513988909
110,1055.21,1430.9,15.413,0.004,0.572,0.006,0.454,0.015,0.358,0.005,0.72,0.007,154.77247596006922,-56.40878466462064
111,1844.8,1415.87,15.43,0.004,0.732,0.006,0.597,0.023,0.449,0.006,0.939,0.007,154.65466198782164,-56.41076952366496
112,89.597,35.507,15.441,0.007,1.885,0.013,99.0,99.0,0.979,0.011,2.114,0.013,154.9189148216777,-56.523211548253
113,1065.83,1700.18,15.452,0.007,0.69,0.009,0.092,0.014,0.447,0.008,0.845,0.009,154.77039912423507,-56.386535465059694
114,2015.19,1797.25,15.462,0.005,0.555,0.007,99.0,99.0,0.58,0.006,1.346,0.008,154.6286403681464,-56.3793743147744
115,1066.97,444.737,15.472,0.005,0.795,0.009,0.38,0.02,0.504,0.008,1.069,0.009,154.77208966360556,-56.49012731850503
116,718.104,651.056,15.486,0.005,0.654,0.009,0.511,0.023,0.383,0.008,0.81,0.009,154.82404809276278,-56.472891193458096
117,173.004,904.375,15.489,0.006,0.918,0.009,0.43,0.022,0.565,0.009,1.159,0.011,154.90528823378685,-56.45189035313515
118,1518.1,1267.81,15.494,0.004,0.895,0.007,0.571,0.025,0.564,0.006,1.171,0.007,154.70362700300691,-56.42264639258622
120,1610.54,215.491,15.53,0.006,1.769,0.012,99.0,99.0,1.027,0.009,2.073,0.011,154.691010637797,-56.50963367610188
121,1279.27,1565.3,15.536,0.005,1.629,0.009,99.0,99.0,0.977,0.006,1.924,0.008,154.73878683443138,-56.39782993875379
122,148.439,313.083,15.562,0.006,0.663,0.011,0.089,0.018,0.405,0.01,0.8,0.013,154.90978747197002,-56.50045822898055
123,853.751,1233.74,15.567,0.004,0.619,0.006,0.472,0.018,0.372,0.005,0.786,0.007,154.8029093790363,-56.424948225430256
124,1261.69,775.601,15.573,0.005,0.646,0.009,0.561,0.019,0.394,0.008,0.812,0.01,154.74259691738908,-56.463040147175064
125,1371.85,400.09,15.594,0.005,0.719,0.008,0.106,0.015,0.449,0.008,0.874,0.009,154.72653783531464,-56.494116124595685
126,1542.72,1311.32,15.602,0.007,0.656,0.009,0.481,0.021,0.395,0.01,0.822,0.013,154.69988644654995,-56.41907383524449
127,35.8,14.519,15.604,0.01,1.196,0.015,99.0,99.0,0.461,0.014,1.129,0.017,154.92700562622042,-56.52492161429635
128,1719.14,637.745,15.608,0.005,0.783,0.009,0.245,0.023,0.456,0.008,0.87,0.008,154.67440762140197,-56.474949440745235
129,1333.43,1250.99,15.63,0.004,0.674,0.006,0.521,0.018,0.413,0.006,0.867,0.008,154.7312215578039,-56.42385881642002
130,1079.78,1178.89,15.639,0.004,0.792,0.006,0.541,0.023,0.486,0.006,0.988,0.006,154.76921941480882,-56.42961133559755
131,501.272,158.9,15.64,0.009,0.878,0.014,0.369,0.025,0.499,0.014,0.989,0.018,154.85707555026204,-56.51323524090278
132,1249.54,1378.77,15.643,0.004,0.669,0.006,0.031,0.014,0.445,0.006,0.859,0.008,154.7435438575397,-56.41322856656544
133,746.119,1067.19,15.651,0.004,0.83,0.007,0.294,0.02,0.515,0.005,0.977,0.006,154.81926745340442,-56.438630442136606
134,1396.09,373.072,15.662,0.006,0.722,0.01,0.561,0.024,0.421,0.01,0.876,0.011,154.72293879388263,-56.49637086750439
135,1397.94,1200.64,15.665,0.004,0.647,0.006,0.506,0.021,0.398,0.006,0.825,0.008,154.72166557469134,-56.42807912626766
136,1876.06,526.411,15.679,0.006,1.821,0.014,99.0,99.0,1.04,0.009,2.085,0.01,154.65108051629164,-56.484369859614795
137,478.068,1068.44,15.683,0.004,0.66,0.006,0.515,0.02,0.394,0.006,0.825,0.007,154.8593607465653,-56.438432682704075
138,831.476,897.25,15.752,0.006,0.728,0.011,0.617,0.035,0.447,0.008,0.927,0.012,154.80675534553754,-56.45268032205653
139,1513.8,1257.98,15.816,0.004,0.735,0.006,0.135,0.02,0.475,0.006,0.904,0.007,154.704283596858,-56.423454745789144
140,1518.67,988.262,15.824,0.007,0.719,0.012,0.616,0.032,0.431,0.01,0.902,0.012,154.7039360329236,-56.44575162508871
141,1896.82,341.487,15.825,0.008,0.819,0.012,99.0,99.0,0.501,0.011,1.044,0.013,154.64813561118382,-56.499669041770126
142,845.496,1645.4,15.848,0.005,0.783,0.008,0.151,0.019,0.494,0.006,0.984,0.008,154.8034066437965,-56.390959274894264
143,780.156,1590.68,15.849,0.005,0.857,0.008,0.183,0.022,0.574,0.006,1.132,0.008,154.81327255701834,-56.395454794620335
144,99.505,1957.31,15.854,0.01,0.863,0.015,0.174,0.026,0.504,0.013,1.071,0.016,154.91422571385408,-56.36517692555217
145,834.591,1780.67,15.872,0.006,0.769,0.009,0.222,0.019,0.5,0.007,1.0,0.009,154.80476763403126,-56.3797780022422
146,128.402,1751.44,15.885,0.006,1.205,0.011,99.0,99.0,0.803,0.01,1.514,0.013,154.9103685829334,-56.3821482485744
147,1078.33,538.011,15.913,0.006,0.939,0.011,0.63,0.035,0.554,0.008,1.026,0.011,154.77028963834215,-56.48245575474349
148,1578.76,1353.98,15.941,0.005,1.221,0.009,0.634,0.051,0.763,0.007,1.512,0.008,154.69444252412134,-56.41558307303823
149,774.497,144.353,15.967,0.006,0.943,0.011,0.487,0.038,0.552,0.009,1.141,0.01,154.81616102341943,-56.51459958909208
150,1483.87,1336.2,15.982,0.004,2.876,0.021,99.0,99.0,1.974,0.006,4.132,0.006,154.70863106957725,-56.41695632002352
151,1847.64,1255.33,15.982,0.005,0.732,0.008,0.537,0.028,0.455,0.008,0.929,0.009,154.65447483729122,-56.4240650727276
152,277.976,932.476,15.987,0.006,0.872,0.01,0.278,0.029,0.54,0.01,1.062,0.013,154.8895258560984,-56.44958749402238
153,1614.41,1579.55,15.995,0.005,0.903,0.008,0.242,0.026,0.584,0.006,1.171,0.008,154.68875772284426,-56.39695126867167
154,168.781,147.336,16.001,0.007,0.757,0.012,0.243,0.024,0.43,0.011,0.888,0.014,154.90692407308302,-56.51406008060289
155,1611.12,246.482,16.035,0.007,0.833,0.012,0.506,0.047,0.521,0.011,1.069,0.012,154.69090010189694,-56.50707997197651
156,371.304,1384.31,16.037,0.005,1.171,0.009,0.971,0.065,0.725,0.007,1.511,0.008,154.87478115397147,-56.41239308533629
157,460.278,71.674,16.065,0.007,1.157,0.012,99.0,99.0,0.726,0.01,1.386,0.012,154.86330293110106,-56.52037529546093
158,144.646,949.157,16.068,0.006,0.868,0.01,0.476,0.032,0.543,0.01,1.018,0.012,154.90946307922988,-56.44820726716658
159,1787.42,67.241,16.071,0.006,0.835,0.011,99.0,99.0,0.495,0.01,0.953,0.012,154.66467251207752,-56.52211607567844
160,1046.02,1467.75,16.08,0.006,0.767,0.009,0.464,0.034,0.494,0.007,0.991,0.009,154.77378419567268,-56.40573478444654
161,404.478,1976.03,16.087,0.007,1.039,0.011,0.671,0.05,0.669,0.01,1.286,0.012,154.8685984876545,-56.363576877091816
162,1268.37,32.742,16.088,0.008,1.049,0.012,0.879,0.056,0.629,0.011,1.334,0.012,154.74232085391085,-56.52424587654898
163,624.906,1197.88,16.092,0.005,0.757,0.008,0.423,0.036,0.48,0.006,0.977,0.008,154.83718265615101,-56.42780993293642
164,145.365,373.595,16.103,0.007,0.78,0.012,0.26,0.024,0.459,0.01,0.908,0.014,154.91017534123492,-56.49549171287758
165,296.893,1135.2,16.104,0.004,0.869,0.008,0.294,0.025,0.551,0.007,1.121,0.009,154.88636044855642,-56.43290635034711
166,1283.77,242.508,16.106,0.006,1.05,0.01,0.359,0.034,0.644,0.009,1.331,0.01,154.7398518600103,-56.50699719455868
168,1144.01,952.985,16.131,0.008,0.899,0.012,0.785,0.051,0.569,0.01,1.169,0.012,154.7599528478962,-56.448302733929424
323,1501.62,1634.97,17.182,0.033,1.078,0.037,0.314,0.095,0.503,0.032,1.112,0.037,154.70548584696743,-56.392252610348145
169,124.165,493.358,16.141,0.007,0.748,0.012,0.188,0.027,0.449,0.011,0.892,0.015,154.9132006950451,-56.48565774982687
170,1065.66,1096.58,16.144,0.004,0.872,0.008,0.371,0.037,0.553,0.006,1.14,0.008,154.7714548654054,-56.43639463010231
171,951.889,112.821,16.176,0.006,0.831,0.01,99.0,99.0,0.46,0.009,0.982,0.012,154.78962706621462,-56.51733504030413
172,113.555,851.055,16.179,0.007,1.183,0.013,99.0,99.0,0.69,0.01,1.405,0.012,154.91427580056927,-56.45627253365387
173,589.847,1191.79,16.186,0.005,0.701,0.008,0.087,0.025,0.443,0.006,0.856,0.009,154.8424359937766,-56.428300828839284
174,1136.14,1000.4,16.199,0.005,1.957,0.014,99.0,99.0,1.158,0.007,2.324,0.007,154.7610626692154,-56.44438431876375
175,1043.33,1716.31,16.209,0.005,2.823,0.024,99.0,99.0,1.693,0.006,3.334,0.007,154.77372712726992,-56.38518956007991
177,1197.92,506.424,16.237,0.006,0.788,0.01,0.092,0.039,0.501,0.009,1.009,0.01,154.75243862303722,-56.48516881642878
176,1380.09,293.722,16.237,0.007,2.048,0.018,99.0,99.0,1.174,0.01,2.34,0.011,154.72540216316804,-56.50289009691554
178,1452.1,1844.36,16.242,0.007,0.793,0.01,99.0,99.0,0.551,0.008,1.086,0.01,154.71248638843085,-56.374870178815854
179,1556.65,810.459,16.253,0.006,0.783,0.011,0.214,0.029,0.462,0.01,0.906,0.011,154.69848585139835,-56.46048045530951
180,1539.42,1027.62,16.266,0.005,1.892,0.013,99.0,99.0,1.161,0.007,2.32,0.008,154.70078555660484,-56.44252301291761
181,331.065,1286.93,16.286,0.005,1.283,0.01,0.646,0.065,0.819,0.007,1.662,0.009,154.88097973305483,-56.4204138504317
182,175.172,690.165,16.297,0.008,1.928,0.017,99.0,99.0,1.14,0.011,2.278,0.012,154.90528722194455,-56.46949827972265
183,988.012,1304.54,16.299,0.006,0.784,0.01,0.448,0.035,0.502,0.007,1.006,0.01,154.78272861839338,-56.41917911368062
184,1802.06,970.596,16.304,0.008,0.917,0.013,0.349,0.06,0.597,0.012,1.197,0.013,154.6616526030908,-56.4475600172526
185,634.451,1215.97,16.319,0.006,0.788,0.01,0.418,0.04,0.494,0.008,1.005,0.009,154.83572485826994,-56.42632186463836
186,839.069,1359.68,16.329,0.006,0.898,0.009,0.269,0.036,0.567,0.007,1.126,0.009,154.80489073714233,-56.414549023841126
187,1106.2,1526.09,16.329,0.006,0.811,0.009,0.596,0.042,0.486,0.007,1.006,0.01,154.76469380064503,-56.400951024653295
188,1309.64,1092.01,16.33,0.007,0.829,0.012,0.339,0.036,0.528,0.009,1.072,0.011,154.73501093879136,-56.436970554034666
189,1026.61,943.812,16.331,0.008,0.948,0.013,99.0,99.0,0.622,0.01,1.155,0.012,154.7775130201876,-56.44896894694879
190,1705.52,110.009,16.342,0.007,0.808,0.013,0.272,0.033,0.482,0.011,0.928,0.013,154.67688742017938,-56.51846499224723
191,579.982,1440.54,16.349,0.005,0.884,0.009,0.405,0.038,0.546,0.007,1.056,0.009,154.84347127063063,-56.4077883530542
192,142.799,632.714,16.351,0.009,1.0,0.014,0.354,0.043,0.607,0.012,1.273,0.014,154.91021891727434,-56.47421524406011
193,435.898,1484.58,16.356,0.007,0.979,0.011,0.592,0.063,0.615,0.008,1.271,0.011,154.8649309420155,-56.40413280242942
194,1763.27,749.681,16.371,0.008,0.926,0.013,0.268,0.04,0.595,0.011,1.201,0.013,154.66769945316037,-56.4657651781477
195,978.774,1286.66,16.373,0.006,0.899,0.011,0.248,0.035,0.598,0.008,1.164,0.01,154.7841385077539,-56.420649667191626
196,831.443,720.008,16.392,0.006,0.822,0.011,0.285,0.035,0.524,0.009,0.993,0.014,154.8070009786734,-56.46728112354519
198,971.644,986.301,16.406,0.011,0.834,0.017,99.0,99.0,0.488,0.013,0.988,0.017,154.78566928617943,-56.4454268159138
197,722.628,1502.94,16.406,0.008,1.069,0.012,0.302,0.047,0.807,0.011,1.71,0.016,154.82203396805193,-56.402679126181575
199,306.22,1742.05,16.407,0.008,1.009,0.015,0.849,0.094,0.609,0.011,1.29,0.013,154.88379897715407,-56.38289613304675
200,1398.56,439.944,16.416,0.007,0.931,0.011,0.573,0.047,0.572,0.01,1.056,0.012,154.7225064999241,-56.49086225440355
201,70.559,1535.65,16.429,0.017,1.392,0.022,99.0,99.0,0.96,0.019,1.985,0.021,154.91947747902825,-56.39994447908743
202,86.7,1198.04,16.442,0.005,1.014,0.011,0.343,0.05,0.605,0.009,1.265,0.01,154.91771225594448,-56.42773734253622
203,1216.36,317.912,16.45,0.007,1.069,0.013,99.0,99.0,0.66,0.01,1.369,0.012,154.74986787253476,-56.500715088325904
204,605.99,1823.61,16.455,0.007,1.86,0.017,99.0,99.0,1.187,0.009,2.41,0.011,154.8388244755105,-56.37617426030944
205,1036.0,678.925,16.457,0.007,1.063,0.013,99.0,99.0,0.675,0.009,1.264,0.012,154.77645631394034,-56.470811323059536
206,220.099,1234.27,16.49,0.007,1.046,0.013,0.293,0.05,0.627,0.01,1.237,0.012,154.89767926135292,-56.42474743472387
207,860.143,1240.37,16.511,0.008,0.871,0.011,0.232,0.039,0.576,0.009,1.167,0.012,154.80194307781062,-56.42440447420703
208,502.461,488.269,16.515,0.008,0.835,0.013,0.387,0.057,0.547,0.011,1.114,0.014,154.85653365077079,-56.48617617613467
209,782.313,350.816,16.521,0.007,1.174,0.013,99.0,99.0,0.707,0.01,1.431,0.011,154.8147874779193,-56.497631996604134
210,822.888,1542.9,16.553,0.006,0.936,0.011,0.547,0.055,0.615,0.008,1.228,0.009,154.80697854004575,-56.39941638501355
211,803.801,655.241,16.555,0.007,1.124,0.013,99.0,99.0,0.682,0.01,1.369,0.012,154.81121931881725,-56.47259688661014
212,193.734,672.452,16.582,0.007,1.228,0.014,99.0,99.0,0.782,0.01,1.478,0.012,154.9025318507235,-56.470955780725845
213,503.954,1331.11,16.596,0.006,1.981,0.017,99.0,99.0,1.162,0.008,2.314,0.008,154.8550391801552,-56.416795814865665
214,1184.5,1194.15,16.62,0.006,0.959,0.012,0.437,0.056,0.62,0.008,1.265,0.011,154.75355127014024,-56.42842938751045
215,738.548,1404.08,16.625,0.005,0.832,0.009,0.368,0.047,0.555,0.007,1.083,0.009,154.8198353415472,-56.41084341852976
216,923.046,1507.01,16.628,0.007,0.821,0.011,0.361,0.05,0.547,0.009,1.092,0.01,154.79208203865335,-56.402424793742
217,1284.81,1857.32,16.637,0.008,0.926,0.012,0.359,0.05,0.583,0.01,1.117,0.011,154.73741417489606,-56.37367007887188
218,1170.56,1880.23,16.65,0.007,0.955,0.013,0.34,0.052,0.629,0.008,1.236,0.012,154.75441445523154,-56.37170063399378
219,2017.95,460.926,16.659,0.009,0.607,0.016,99.0,99.0,0.539,0.012,1.417,0.015,154.62995070657334,-56.490004195093285
220,267.852,198.014,16.66,0.008,1.01,0.014,0.267,0.056,0.596,0.012,1.242,0.014,154.89201720264674,-56.509929615716985
221,1992.83,1648.79,16.67,0.009,1.039,0.014,0.174,0.047,0.667,0.011,1.31,0.012,154.6322245034131,-56.39165890068428
222,127.756,1935.62,16.674,0.021,1.025,0.036,99.0,99.0,0.586,0.029,1.234,0.037,154.91005199774187,-56.366958225712274
223,147.365,437.416,16.678,0.008,0.987,0.014,99.0,99.0,0.561,0.012,1.223,0.015,154.90979592314505,-56.490253381336345
224,419.861,1354.59,16.679,0.007,0.944,0.013,0.428,0.063,0.582,0.01,1.122,0.012,154.8675733818808,-56.41484717864922
225,1839.96,1732.61,16.687,0.009,0.905,0.013,99.0,99.0,0.578,0.011,1.169,0.012,154.65486474224898,-56.38451865518424
226,1582.81,1575.52,16.693,0.007,1.089,0.013,0.218,0.053,0.666,0.009,1.35,0.01,154.69347794569097,-56.397252739188474
227,1664.99,559.909,16.708,0.009,1.359,0.016,99.0,99.0,0.873,0.011,1.804,0.013,154.682573983624,-56.48130137134083
228,1480.49,1843.78,16.721,0.009,0.887,0.013,0.161,0.038,0.569,0.01,1.145,0.014,154.70825363889924,-56.37494206611574
229,279.963,690.606,16.729,0.008,1.018,0.017,0.214,0.059,0.623,0.012,1.269,0.015,154.88958998938097,-56.46947693135236
230,982.633,909.0,16.73,0.008,1.051,0.017,99.0,99.0,0.625,0.01,1.269,0.014,154.78413605653222,-56.45180818637106
231,1249.74,567.65,16.746,0.009,0.915,0.016,99.0,99.0,0.576,0.012,1.164,0.015,154.74462440143563,-56.48017474897566
233,618.033,1660.26,16.751,0.008,0.848,0.012,0.149,0.037,0.558,0.01,1.119,0.012,154.83736072325533,-56.38966518099223
232,1405.75,505.271,16.751,0.008,1.261,0.018,99.0,99.0,0.825,0.011,1.654,0.013,154.72136722675552,-56.48548512181233
234,655.677,235.911,16.757,0.008,1.168,0.017,99.0,99.0,0.681,0.011,1.433,0.012,154.8338681231708,-56.50699580211686
235,723.795,535.467,16.763,0.009,3.037,0.048,99.0,99.0,1.825,0.011,3.611,0.013,154.82333930095464,-56.482406127925444
236,1546.8,1955.77,16.773,0.009,1.679,0.017,99.0,99.0,1.076,0.01,2.127,0.012,154.69814896877998,-56.36571968059647
237,518.448,402.844,16.779,0.01,0.996,0.017,99.0,99.0,0.577,0.012,1.088,0.015,154.85424072716683,-56.493204410677436
238,949.788,1344.02,16.78,0.007,0.847,0.012,0.306,0.056,0.575,0.009,1.138,0.011,154.78837335217975,-56.41589779783137
239,415.492,855.904,16.781,0.011,1.786,0.023,99.0,99.0,1.064,0.012,2.116,0.014,154.86905680092204,-56.455912553403735
240,625.244,1355.98,16.788,0.008,0.931,0.012,99.0,99.0,0.611,0.009,1.234,0.012,154.8368584066443,-56.41477443071036
241,514.229,1086.45,16.8,0.008,0.935,0.012,0.215,0.055,0.591,0.01,1.189,0.012,154.85392129889192,-56.43695862455392
242,2006.73,1170.41,16.805,0.008,1.054,0.016,99.0,99.0,0.696,0.01,1.379,0.012,154.63086319827156,-56.431315098125346
243,867.228,1260.75,16.807,0.007,0.88,0.011,0.257,0.061,0.551,0.009,1.134,0.012,154.80085043305442,-56.42272656182371
244,1825.41,524.758,16.811,0.012,0.971,0.018,99.0,99.0,0.593,0.015,1.225,0.018,154.65864602904767,-56.484430097750035
245,908.573,1365.62,16.815,0.008,0.909,0.013,0.159,0.042,0.583,0.009,1.156,0.012,154.7944945262386,-56.41409259402373
246,1876.61,1958.6,16.816,0.009,0.666,0.015,0.714,0.09,0.626,0.012,1.445,0.015,154.64899186875797,-56.36581777653816
247,378.508,1104.59,16.817,0.007,0.96,0.012,0.249,0.062,0.577,0.009,1.212,0.012,154.8741985099491,-56.435436029884855
248,1708.48,1563.51,16.819,0.015,1.009,0.021,0.28,0.074,0.643,0.018,1.289,0.018,154.67475509646775,-56.39838034362799
249,1148.33,1053.42,16.827,0.008,1.094,0.013,99.0,99.0,0.69,0.01,1.418,0.012,154.7591651722985,-56.44001873577123
250,1838.06,981.535,16.828,0.01,1.287,0.02,99.0,99.0,0.814,0.012,1.72,0.019,154.6562665800535,-56.44670444098955
251,466.14,1476.6,16.831,0.008,0.984,0.014,0.262,0.066,0.619,0.01,1.232,0.012,154.86042417777276,-56.404794231564814
252,412.999,1098.47,16.839,0.007,1.426,0.014,99.0,99.0,0.906,0.009,1.85,0.01,154.86904754423563,-56.43594578061632
253,1908.37,1842.65,16.845,0.008,2.149,0.031,99.0,99.0,1.245,0.01,2.498,0.01,154.64447454762606,-56.375474536299116
254,1386.03,882.744,16.847,0.01,1.157,0.023,99.0,99.0,0.704,0.013,1.443,0.015,154.72388346580533,-56.45432303409924
255,23.787,1718.61,16.858,0.01,2.179,0.025,99.0,99.0,1.284,0.013,2.569,0.015,154.92608846984615,-56.38488173783254
256,969.006,588.266,16.869,0.01,1.242,0.019,99.0,99.0,0.775,0.013,1.548,0.016,154.7865849211831,-56.47822666418334
257,1719.04,1579.41,16.876,0.008,0.982,0.015,99.0,99.0,0.643,0.01,1.275,0.012,154.6731538330069,-56.39707519891733
258,1296.45,1908.88,16.877,0.009,1.052,0.015,99.0,99.0,0.708,0.011,1.426,0.012,154.73557537479283,-56.369409058649815
259,1433.56,49.043,16.877,0.01,1.14,0.018,99.0,99.0,0.698,0.013,1.472,0.015,154.71759556299125,-56.5231072620975
260,264.37,1900.01,16.886,0.01,0.953,0.016,0.373,0.063,0.575,0.013,1.205,0.017,154.88970951934493,-56.369867526223324
261,1053.68,435.266,16.894,0.009,0.95,0.018,0.433,0.11,0.554,0.011,1.108,0.015,154.77408775781117,-56.490895362534886
262,46.401,622.878,16.898,0.012,1.328,0.023,99.0,99.0,0.767,0.015,1.547,0.018,154.92467760176413,-56.475018181158745
263,1271.06,1452.41,16.899,0.007,0.939,0.013,0.234,0.057,0.585,0.009,1.218,0.012,154.74020786576529,-56.40715842321207
264,411.386,1325.55,16.9,0.008,0.915,0.014,99.0,99.0,0.587,0.01,1.18,0.013,154.86889404647027,-56.417239425589614
265,1320.41,1000.75,16.902,0.007,1.291,0.015,99.0,99.0,0.793,0.009,1.6,0.011,154.73353026375284,-56.44451618350546
266,694.448,1548.78,16.904,0.011,1.205,0.019,99.0,99.0,0.802,0.014,1.53,0.019,154.82615888485546,-56.39888665847885
267,1630.12,508.267,16.908,0.01,1.214,0.018,99.0,99.0,0.773,0.013,1.446,0.015,154.68783353413693,-56.48551625285208
268,1723.7,832.225,16.913,0.011,0.984,0.017,99.0,99.0,0.609,0.014,1.114,0.017,154.673514843474,-56.45889230181472
269,1749.06,1108.94,16.933,0.008,0.951,0.014,99.0,99.0,0.614,0.01,1.244,0.013,154.66938416460377,-56.43605047639409
270,239.73,192.79,16.942,0.012,1.076,0.021,99.0,99.0,0.684,0.017,1.382,0.018,154.89623839824804,-56.51034994119029
271,13.708,647.716,16.945,0.009,1.241,0.018,99.0,99.0,0.721,0.014,1.492,0.015,154.9295414308141,-56.47297871679755
272,1254.71,1606.49,16.947,0.009,0.963,0.016,99.0,99.0,0.654,0.011,1.222,0.015,154.742378950219,-56.394404817746775
273,661.278,1483.79,16.948,0.008,1.008,0.014,0.271,0.074,0.62,0.01,1.242,0.012,154.83123856835752,-56.40424088157905
274,199.72,142.099,16.948,0.01,1.16,0.017,99.0,99.0,0.671,0.016,1.442,0.018,154.90229073785366,-56.51449745824352
275,393.968,549.09,16.949,0.012,0.922,0.017,99.0,99.0,0.575,0.015,1.199,0.018,154.87270593969592,-56.48113710721794
276,1416.83,1019.07,16.952,0.008,0.932,0.015,0.367,0.062,0.597,0.012,1.226,0.018,154.71910338672092,-56.443098239972095
277,789.88,836.585,16.953,0.009,1.192,0.016,99.0,99.0,0.739,0.011,1.428,0.014,154.81306198362256,-56.45765475452505
278,364.093,188.628,16.956,0.01,0.972,0.016,99.0,99.0,0.574,0.013,1.169,0.016,154.877602110785,-56.51073333619126
279,864.357,1633.76,16.967,0.01,2.117,0.027,99.0,99.0,1.274,0.011,2.552,0.012,154.800611833068,-56.39192839421259
280,325.232,479.492,16.967,0.011,1.044,0.017,99.0,99.0,0.623,0.014,1.31,0.016,154.88309053890225,-56.48683561233968
281,1103.82,1371.03,16.97,0.014,1.079,0.02,99.0,99.0,0.773,0.025,99.0,99.0,154.76531778481444,-56.413761695045594
282,629.794,685.859,16.971,0.01,1.006,0.019,99.0,99.0,0.64,0.012,1.227,0.015,154.83721931233896,-56.46998189905726
283,1639.43,261.706,16.976,0.011,1.13,0.018,99.0,99.0,0.684,0.014,1.383,0.018,154.68665661264146,-56.50586443288001
284,900.036,1307.05,16.983,0.009,0.978,0.014,0.309,0.076,0.612,0.011,1.185,0.013,154.79586997208511,-56.41892269547448
285,1327.5,1567.15,16.986,0.009,1.041,0.016,99.0,99.0,0.661,0.01,1.339,0.013,154.73158526792537,-56.39771463037799
286,689.761,974.91,16.991,0.011,1.052,0.019,99.0,99.0,0.584,0.013,1.117,0.016,154.82783775762348,-56.44620938908947
287,1428.22,151.369,16.997,0.016,1.088,0.029,99.0,99.0,0.68,0.019,1.332,0.023,154.7183202780808,-56.51467458223059
289,662.674,1928.12,17.001,0.034,0.948,0.049,99.0,99.0,0.615,0.045,0.416,0.108,154.83013341030139,-56.36754852487349
288,1038.71,457.719,17.001,0.01,1.37,0.022,99.0,99.0,0.855,0.013,1.773,0.015,154.77630358523686,-56.48903361494521
290,849.98,1240.67,17.013,0.009,0.801,0.016,0.247,0.058,0.491,0.012,0.959,0.015,154.8034615951513,-56.42437459329325
291,1031.55,1888.85,17.02,0.01,0.905,0.016,0.235,0.062,0.564,0.012,1.076,0.015,154.77514177413468,-56.37091337997198
292,1976.91,1792.29,17.022,0.01,0.908,0.017,99.0,99.0,0.605,0.012,1.114,0.013,154.6343521608378,-56.37973666655674
293,491.664,1307.86,17.024,0.008,0.928,0.015,0.236,0.066,0.592,0.01,1.196,0.012,154.85691885361462,-56.41870992073124
294,444.889,1994.64,17.029,0.01,2.226,0.031,99.0,99.0,1.308,0.012,2.648,0.013,154.8625183505519,-56.3620380175438
295,1677.95,1809.04,17.03,0.01,1.05,0.016,99.0,99.0,0.652,0.012,1.279,0.014,154.67887708532862,-56.37800547493388
296,1755.54,1717.79,17.032,0.013,1.027,0.019,99.0,99.0,0.596,0.015,1.195,0.017,154.66747444183088,-56.385650742546936
297,1091.32,322.239,17.035,0.009,0.992,0.017,99.0,99.0,0.592,0.014,1.195,0.015,154.76856977064733,-56.50023453697187
298,1253.7,1465.01,17.041,0.008,0.934,0.014,0.306,0.073,0.594,0.01,1.214,0.012,154.7427780839651,-56.4061032549628
299,877.344,674.022,17.043,0.01,0.943,0.017,0.307,0.073,0.596,0.012,1.21,0.018,154.80019292349377,-56.471098048405054
300,674.081,689.218,17.052,0.01,1.052,0.016,99.0,99.0,0.637,0.012,1.266,0.017,154.8305868083409,-56.46972706896014
301,24.354,259.823,17.059,0.01,1.016,0.017,99.0,99.0,0.562,0.014,1.291,0.018,154.92845457788206,-56.504810554668616
302,887.163,1899.39,17.062,0.009,1.037,0.017,99.0,99.0,0.713,0.01,1.45,0.014,154.79667303245216,-56.36998176231054
303,1140.08,262.965,17.062,0.011,1.07,0.019,99.0,99.0,0.645,0.014,1.236,0.017,154.761329679275,-56.50516081112873
304,1069.19,568.367,17.065,0.011,0.967,0.022,99.0,99.0,0.573,0.016,1.15,0.018,154.7716226020365,-56.47994733707934
306,570.718,1159.46,17.068,0.009,0.959,0.016,99.0,99.0,0.606,0.012,1.193,0.013,154.84535107290253,-56.4309594841233
305,1946.98,1799.94,17.068,0.009,1.298,0.018,99.0,99.0,0.841,0.011,1.674,0.013,154.63879807008757,-56.37906449825204
307,447.191,735.268,17.074,0.009,1.007,0.016,0.146,0.059,0.611,0.011,1.267,0.014,154.864485954152,-56.465845790474155
308,1114.73,1074.94,17.077,0.008,1.138,0.017,99.0,99.0,0.73,0.01,1.476,0.012,154.76415440147235,-56.43821662092944
309,632.735,1815.82,17.083,0.009,1.003,0.016,99.0,99.0,0.619,0.011,1.213,0.014,154.8348453318897,-56.37682193891138
310,612.228,1434.55,17.088,0.007,2.384,0.033,99.0,99.0,1.412,0.008,2.802,0.009,154.83866172778974,-56.40829024510521
311,1418.89,260.522,17.093,0.01,1.138,0.021,99.0,99.0,0.678,0.013,1.373,0.018,154.71962847086942,-56.50567199861025
312,1705.96,1056.26,17.095,0.009,0.989,0.015,99.0,99.0,0.612,0.011,1.261,0.014,154.6758863132792,-56.44035262529138
313,272.55,619.037,17.098,0.01,1.148,0.02,99.0,99.0,0.68,0.013,1.382,0.018,154.8907996733339,-56.47535753883719
314,1079.05,651.287,17.099,0.009,1.05,0.019,99.0,99.0,0.65,0.012,1.286,0.015,154.77005168870411,-56.47312411375358
315,1133.73,1221.79,17.102,0.009,1.069,0.016,0.379,0.082,0.699,0.011,1.395,0.013,154.76109241455802,-56.426108378841555
316,432.346,1330.01,17.104,0.009,1.197,0.017,99.0,99.0,0.778,0.011,1.585,0.013,154.8657508610377,-56.416874581800144
317,1746.01,1246.79,17.111,0.009,1.04,0.017,99.0,99.0,0.693,0.011,1.376,0.014,154.66964790820757,-56.42464302677218
318,995.793,109.027,17.118,0.011,0.963,0.019,99.0,99.0,0.629,0.013,1.25,0.017,154.78305758564179,-56.51768668217902
319,117.206,1425.6,17.13,0.01,1.213,0.018,99.0,99.0,0.729,0.013,1.48,0.015,154.91271766939232,-56.40900048849584
320,929.622,640.482,17.138,0.011,0.946,0.018,99.0,99.0,0.599,0.014,1.227,0.018,154.79241395098796,-56.47389686450383
321,1523.85,938.926,17.168,0.011,1.068,0.019,99.0,99.0,0.691,0.014,1.367,0.018,154.70322643006924,-56.44983284760339
322,206.976,255.169,17.181,0.01,3.167,0.085,99.0,99.0,1.9,0.012,3.839,0.015,154.90107951886364,-56.50522286717346
324,1636.85,1054.35,17.185,0.01,1.033,0.019,99.0,99.0,0.674,0.012,1.358,0.015,154.6862044190486,-56.44042635947355
325,728.989,1693.36,17.202,0.01,0.92,0.018,99.0,99.0,0.574,0.012,1.157,0.015,154.82071641650506,-56.38695862102045
326,1449.78,1770.16,17.216,0.012,1.154,0.02,99.0,99.0,0.747,0.014,1.508,0.017,154.71297297195846,-56.38101340865828
328,1306.18,996.996,17.22,0.01,0.958,0.016,0.164,0.075,0.61,0.013,1.24,0.016,154.7356611654638,-56.44481270774509
327,317.428,1267.56,17.22,0.011,1.0,0.018,99.0,99.0,0.659,0.014,1.347,0.015,154.88305502057642,-56.42200851367218
329,748.325,1054.63,17.227,0.009,1.013,0.017,99.0,99.0,0.625,0.011,1.248,0.014,154.81895706382738,-56.43966672447832
330,1658.75,495.484,17.233,0.016,1.087,0.025,99.0,99.0,0.656,0.018,1.354,0.021,154.68356812668947,-56.48660947726187
331,1215.57,386.731,17.234,0.011,1.232,0.02,99.0,99.0,0.739,0.013,1.438,0.017,154.74992069702827,-56.495046671497064
332,853.345,915.581,17.242,0.01,1.245,0.026,99.0,99.0,0.847,0.013,1.549,0.016,154.80345874362632,-56.451182476429544
333,427.943,354.808,17.249,0.013,1.074,0.022,99.0,99.0,0.634,0.015,1.302,0.018,154.8678528357746,-56.49711272942963
334,1742.91,33.494,17.251,0.015,1.153,0.026,99.0,99.0,0.665,0.018,1.429,0.021,154.67134638844897,-56.52482788969691
335,192.595,1120.75,17.252,0.011,2.965,0.057,99.0,99.0,2.121,0.012,4.415,0.014,154.90199636616737,-56.43409165682983
336,915.714,1743.07,17.254,0.015,0.971,0.025,99.0,99.0,0.642,0.017,1.24,0.021,154.79272879628874,-56.38291667133408
337,794.088,1084.62,17.256,0.01,1.1,0.02,99.0,99.0,0.682,0.012,1.383,0.015,154.8120674595637,-56.437216614427925
338,847.171,1387.0,17.264,0.011,0.983,0.018,0.013,0.07,0.647,0.012,1.31,0.015,154.8036323527582,-56.412297845784664
339,477.03,1913.93,17.265,0.012,1.151,0.021,99.0,99.0,0.666,0.014,1.332,0.017,154.85789682490673,-56.36870399096894
340,1520.2,1969.97,17.276,0.012,1.062,0.021,99.0,99.0,0.703,0.015,1.405,0.017,154.70208643195934,-56.36451978031483
341,581.602,1085.59,17.279,0.009,0.975,0.017,99.0,99.0,0.616,0.011,1.199,0.015,154.84384397570142,-56.437049447314465
342,1675.41,1858.52,17.283,0.011,1.046,0.018,99.0,99.0,0.671,0.013,1.259,0.015,154.67916382142977,-56.373901660828984
343,443.988,1107.46,17.289,0.01,1.045,0.019,99.0,99.0,0.645,0.012,1.276,0.015,154.8643958105393,-56.43521148498154
344,1193.87,511.403,17.29,0.012,1.919,0.039,99.0,99.0,1.249,0.015,2.49,0.018,154.75303897502636,-56.484754622146646
345,1116.75,925.453,17.305,0.012,1.012,0.02,99.0,99.0,0.631,0.015,1.276,0.018,154.76406485290087,-56.45055189725894
346,1676.81,1250.43,17.306,0.011,1.144,0.02,99.0,99.0,0.698,0.013,1.404,0.015,154.6799675458098,-56.42425892846792
347,826.082,990.144,17.313,0.016,1.152,0.031,99.0,99.0,0.773,0.02,1.582,0.024,154.8074271365964,-56.44502148333068
349,132.926,824.396,17.313,0.011,1.009,0.018,99.0,99.0,0.63,0.014,1.221,0.02,154.9114156748038,-56.45846414802367
348,1872.48,96.221,17.313,0.014,1.127,0.026,99.0,99.0,0.655,0.017,1.286,0.021,154.6519422312465,-56.519863555010396
350,1033.89,621.751,17.314,0.012,1.098,0.022,99.0,99.0,0.688,0.015,1.364,0.019,154.7768404328147,-56.47552011173424
351,24.076,1790.52,17.331,0.014,1.087,0.023,99.0,99.0,0.674,0.018,1.447,0.021,154.92588649051575,-56.378954665133364
352,1517.92,293.351,17.337,0.011,1.031,0.019,99.0,99.0,0.647,0.014,1.314,0.016,154.70479453869712,-56.5030917393982
353,700.64,593.016,17.341,0.01,1.043,0.018,99.0,99.0,0.646,0.013,1.183,0.017,154.82673485625614,-56.47765788256508
355,1072.56,1395.76,17.35,0.01,1.052,0.018,99.0,99.0,0.717,0.014,1.397,0.018,154.76994493640595,-56.41169836646811
354,577.239,1825.57,17.35,0.011,3.226,0.077,99.0,99.0,2.541,0.012,5.163,0.013,154.84311577343703,-56.37600851881939
356,9.314,59.762,17.352,0.02,1.398,0.029,99.0,99.0,0.655,0.024,1.597,0.026,154.93093248274104,-56.52121002790128
357,34.351,777.847,17.361,0.016,1.039,0.025,99.0,99.0,0.659,0.023,1.266,0.025,154.9262543068369,-56.46228977928265
358,949.546,1363.28,17.383,0.012,0.953,0.019,99.0,99.0,0.613,0.015,1.239,0.018,154.78837667819397,-56.414307563670505
359,1024.56,430.613,17.391,0.013,1.123,0.022,99.0,99.0,0.708,0.016,1.429,0.018,154.77844919189218,-56.491253089245966
360,489.281,1895.32,17.393,0.017,1.292,0.033,99.0,99.0,0.78,0.021,1.694,0.024,154.8561072576655,-56.3702412291873
361,827.328,1222.48,17.407,0.011,1.049,0.021,99.0,99.0,0.644,0.013,1.266,0.018,154.8068774087306,-56.425864016042176
362,712.16,824.509,17.409,0.013,1.515,0.023,99.0,99.0,0.952,0.015,1.892,0.018,154.824705470391,-56.458608168674154
363,63.528,557.157,17.423,0.013,1.026,0.026,99.0,99.0,0.594,0.019,1.18,0.021,154.92220268732802,-56.48041500061157
364,489.86,800.854,17.425,0.024,1.48,0.045,99.0,99.0,0.995,0.027,2.098,0.03,154.85800544162117,-56.4604635973927
365,524.005,524.891,17.427,0.013,1.012,0.025,99.0,99.0,0.652,0.015,1.295,0.02,154.8532625109611,-56.48317462840606
366,476.839,485.686,17.43,0.012,1.163,0.024,99.0,99.0,0.749,0.016,1.51,0.019,154.8603739557474,-56.48637799708452
367,989.956,1264.21,17.437,0.011,1.056,0.021,0.503,0.131,0.695,0.013,1.368,0.016,154.782504591835,-56.422509573158
368,912.008,1155.21,17.438,0.011,1.006,0.02,99.0,99.0,0.646,0.013,1.349,0.016,154.79432836765284,-56.43145823460716
369,1388.64,1608.86,17.45,0.021,1.259,0.034,99.0,99.0,0.798,0.029,1.561,0.033,154.7223878300455,-56.3943139721462
370,1920.73,1145.18,17.451,0.012,1.147,0.024,99.0,99.0,0.727,0.015,1.48,0.016,154.64372340218333,-56.43328076385361
371,1065.51,1232.56,17.452,0.01,1.13,0.021,99.0,99.0,0.732,0.012,1.529,0.015,154.7712670617304,-56.42517091415186
372,1964.38,1756.13,17.453,0.012,1.105,0.022,99.0,99.0,0.713,0.015,1.392,0.017,154.63628216373914,-56.38272021328714
373,780.06,696.346,17.454,0.012,1.14,0.024,99.0,99.0,0.75,0.015,1.477,0.018,154.81471904671042,-56.4691983265309
374,899.113,1385.92,17.459,0.011,1.112,0.021,99.0,99.0,0.738,0.013,1.469,0.017,154.79587287073136,-56.41241194918205
375,740.846,1121.6,17.462,0.01,1.183,0.021,99.0,99.0,0.698,0.013,1.391,0.015,154.81997017320646,-56.43414286896512
376,1277.39,1386.77,17.465,0.013,2.703,0.062,99.0,99.0,1.662,0.014,3.283,0.015,154.7393724891767,-56.41258959275755
377,851.629,766.803,17.466,0.013,1.251,0.032,99.0,99.0,0.82,0.016,1.617,0.019,154.80392000927114,-56.46343962057395
378,36.254,432.754,17.474,0.015,1.343,0.038,99.0,99.0,0.782,0.02,1.662,0.023,154.9264566867252,-56.49062489148576
379,500.625,1266.5,17.475,0.011,1.128,0.023,99.0,99.0,0.783,0.014,1.506,0.018,154.85565182944987,-56.42212060661215
380,47.753,1928.88,17.48,0.041,1.423,0.062,99.0,99.0,0.823,0.054,1.427,0.09,154.92203026939995,-56.36753853138667
381,1983.82,645.393,17.485,0.015,1.34,0.03,99.0,99.0,0.776,0.018,1.644,0.021,154.63488064855127,-56.47470809641675
382,1275.47,1738.0,17.487,0.01,1.149,0.02,99.0,99.0,0.796,0.013,1.509,0.015,154.73903794438533,-56.383539723494536
383,602.38,1506.9,17.497,0.039,1.432,0.052,99.0,99.0,0.428,0.039,1.047,0.045,154.83999861017574,-56.402318967953775
384,986.904,1185.66,17.506,0.014,1.469,0.028,99.0,99.0,0.936,0.015,1.946,0.018,154.78308683228659,-56.42899078660286
385,1061.23,1877.52,17.513,0.012,1.031,0.022,99.0,99.0,0.652,0.014,1.288,0.018,154.77073522374346,-56.37186521603704
386,574.067,1153.59,17.527,0.013,1.291,0.026,99.0,99.0,0.802,0.014,1.669,0.017,154.84485991047677,-56.431444194127984
387,443.412,858.051,17.528,0.016,1.012,0.029,99.0,99.0,0.593,0.019,1.158,0.024,154.86487432139452,-56.45574319435056
388,1610.04,1101.44,17.531,0.016,1.25,0.027,99.0,99.0,0.77,0.017,1.655,0.02,154.69014285434014,-56.436502256182905
389,306.754,1348.81,17.531,0.012,1.154,0.024,99.0,99.0,0.695,0.014,1.412,0.018,154.88450334539303,-56.415314945300686
390,1157.26,1122.32,17.534,0.015,1.116,0.027,99.0,99.0,0.71,0.017,1.452,0.021,154.75772951911944,-56.43433870015737
391,635.113,1292.11,17.546,0.011,1.089,0.021,99.0,99.0,0.659,0.013,1.307,0.018,154.83549543545712,-56.420044491306804
392,449.892,1676.04,17.552,0.019,1.203,0.029,99.0,99.0,0.777,0.025,1.577,0.027,154.86245871755543,-56.38834104774326
393,1413.51,1284.86,17.557,0.011,2.562,0.058,99.0,99.0,1.586,0.012,3.183,0.013,154.719213289108,-56.42113304753555
394,864.62,1870.49,17.557,0.016,1.157,0.029,99.0,99.0,0.776,0.018,1.464,0.021,154.8000990863599,-56.37236353008778
395,59.081,1772.52,17.558,0.013,1.101,0.022,99.0,99.0,0.698,0.017,1.435,0.021,154.9206904814676,-56.380427936546106
396,1299.23,737.224,17.56,0.015,1.3,0.028,99.0,99.0,0.902,0.017,1.809,0.019,154.7370329018307,-56.46624242357886
397,551.949,1573.58,17.57,0.012,1.107,0.024,99.0,99.0,0.709,0.015,1.411,0.018,154.8474084974837,-56.3968070927344
398,1444.11,921.15,17.578,0.016,1.334,0.032,99.0,99.0,0.834,0.018,1.706,0.024,154.71515843480256,-56.451213256784726
399,481.089,497.106,17.579,0.017,1.106,0.028,99.0,99.0,0.683,0.022,1.387,0.024,154.85972346806145,-56.485441017343284
401,149.683,1309.47,17.587,0.012,1.026,0.02,99.0,99.0,0.635,0.016,1.285,0.018,154.90807969476316,-56.41855944497946
400,823.891,48.618,17.587,0.013,1.064,0.033,99.0,99.0,0.668,0.017,1.339,0.021,154.8088474650576,-56.52250424765807
402,987.174,1685.89,17.588,0.013,1.059,0.024,99.0,99.0,0.718,0.015,1.387,0.018,154.7821700723587,-56.38767574630291
403,1890.34,1988.5,17.593,0.015,0.426,0.026,99.0,99.0,0.716,0.018,1.788,0.021,154.64688955239373,-56.36335236342005
404,1823.17,1657.55,17.597,0.014,1.097,0.023,99.0,99.0,0.694,0.017,1.392,0.019,154.65749682228167,-56.39072062853408
405,352.913,1667.49,17.601,0.014,1.102,0.027,99.0,99.0,0.761,0.016,1.434,0.02,154.876974350385,-56.38904443647186
406,829.429,1205.59,17.607,0.014,1.104,0.022,99.0,99.0,0.704,0.016,1.357,0.019,154.8065910200528,-56.427258281423164
408,1183.88,1245.3,17.609,0.014,1.058,0.027,99.0,99.0,0.658,0.016,1.291,0.02,154.75356434689047,-56.42420464849699
407,425.153,7.734,17.609,0.013,1.352,0.027,99.0,99.0,0.738,0.017,1.576,0.019,154.8686266429246,-56.52560507315076
409,464.587,1613.98,17.614,0.014,1.026,0.026,99.0,99.0,0.656,0.016,1.312,0.019,154.86038774843635,-56.393462576043646
410,1749.36,324.043,17.618,0.015,1.069,0.026,99.0,99.0,0.691,0.018,1.315,0.021,154.67017901996977,-56.50088207946357
411,288.525,1992.99,17.619,0.014,1.079,0.025,99.0,99.0,0.679,0.017,1.423,0.023,154.8858873309568,-56.36218896347838
412,545.481,20.463,17.62,0.014,2.154,0.064,99.0,99.0,1.229,0.016,2.494,0.018,154.85058081900368,-56.52462456174759
413,1170.93,1188.51,17.626,0.012,1.02,0.024,99.0,99.0,0.669,0.015,1.351,0.018,154.75558701586965,-56.42888452965611
414,668.672,1495.83,17.627,0.014,1.108,0.024,99.0,99.0,0.687,0.016,1.342,0.02,154.83011095786122,-56.4032494248038
415,393.901,191.862,17.628,0.033,1.479,0.052,99.0,99.0,0.865,0.043,1.81,0.05,154.87313152470665,-56.51047976824212
416,191.84,1400.89,17.637,0.013,1.01,0.024,99.0,99.0,0.648,0.016,1.22,0.024,154.90159778094537,-56.41102740755207
417,1530.64,1817.41,17.644,0.014,1.196,0.026,99.0,99.0,0.806,0.016,1.624,0.019,154.70082512067552,-56.377170460761135
418,1719.02,515.752,17.648,0.016,1.198,0.038,99.0,99.0,0.716,0.019,1.429,0.022,154.67454520205126,-56.48502001161899
419,1400.99,1666.63,17.651,0.012,1.141,0.025,99.0,99.0,0.726,0.015,1.458,0.018,154.72044167076055,-56.38954342138462
420,149.904,924.919,17.654,0.015,1.208,0.026,99.0,99.0,0.745,0.018,1.503,0.021,154.9087147967432,-56.45020041455043
421,1969.79,1127.56,17.655,0.016,1.304,0.03,99.0,99.0,0.824,0.018,1.63,0.02,154.63642869109495,-56.434808713952094
422,498.739,1067.79,17.657,0.015,1.085,0.028,99.0,99.0,0.659,0.017,1.377,0.021,154.85626904312477,-56.438491443729575
423,1184.1,1751.82,17.662,0.013,1.036,0.023,99.0,99.0,0.651,0.015,1.322,0.021,154.75264657060328,-56.382334618052994
424,568.435,1199.64,17.666,0.014,1.471,0.03,99.0,99.0,0.952,0.016,1.97,0.018,154.84562512129912,-56.42764759237021
425,100.856,1911.72,17.67,0.016,1.012,0.026,99.0,99.0,0.641,0.019,1.342,0.024,154.91412915317144,-56.36893734956248
426,1696.16,1694.81,17.678,0.014,1.102,0.025,99.0,99.0,0.689,0.016,1.398,0.02,154.6763676329738,-56.38749038722476
427,1502.01,1409.54,17.686,0.012,1.173,0.026,99.0,99.0,0.719,0.015,1.468,0.017,154.70580763624602,-56.41090824422551
428,850.994,790.804,17.703,0.013,1.13,0.038,99.0,99.0,0.734,0.017,1.385,0.02,154.80398300829967,-56.46146214142579
429,1007.46,1944.63,17.71,0.015,1.126,0.027,99.0,99.0,0.683,0.018,1.396,0.022,154.77862142406227,-56.366287482345356
430,1001.52,1769.01,17.712,0.014,2.863,0.075,99.0,99.0,1.726,0.015,3.409,0.016,154.77986597667325,-56.38081081714062
431,1415.79,39.367,17.724,0.013,1.242,0.03,99.0,99.0,0.752,0.017,1.603,0.019,154.7202603353676,-56.523880958600465
433,793.821,926.515,17.726,0.013,1.093,0.024,99.0,99.0,0.728,0.017,1.333,0.023,154.81234500314235,-56.45024782401616
432,2001.94,1552.52,17.726,0.015,1.1,0.029,99.0,99.0,0.689,0.019,1.346,0.021,154.6310226172618,-56.39965267760117
434,1446.25,1938.22,17.727,0.016,1.178,0.03,99.0,99.0,0.699,0.018,1.439,0.022,154.71317548933774,-56.36708989737502
435,1194.95,701.87,17.728,0.016,1.241,0.029,99.0,99.0,0.82,0.019,1.654,0.022,154.75266227991509,-56.46905746333582
436,1027.65,879.624,17.73,0.017,1.13,0.029,99.0,99.0,0.794,0.02,1.423,0.025,154.77744619881062,-56.45426256873788
437,894.363,592.36,17.737,0.012,1.056,0.023,99.0,99.0,0.699,0.016,1.405,0.021,154.7977467451243,-56.477834218572724
438,2016.34,1223.4,17.738,0.015,1.123,0.026,99.0,99.0,0.705,0.018,1.563,0.021,154.62935927787308,-56.42694146868518
439,1228.84,566.99,17.745,0.014,1.258,0.03,99.0,99.0,0.796,0.016,1.615,0.019,154.74774995458813,-56.48020830116373
440,231.06,730.388,17.746,0.017,1.14,0.033,99.0,99.0,0.788,0.02,1.624,0.024,154.89685755086632,-56.46619918979675
441,1129.56,1629.96,17.755,0.016,1.149,0.028,99.0,99.0,0.722,0.018,1.464,0.024,154.76101725047266,-56.39237910988728
442,1701.06,1265.86,17.756,0.012,1.255,0.028,99.0,99.0,0.791,0.014,1.532,0.018,154.67632675326897,-56.42301094322892
443,135.629,1225.24,17.761,0.017,2.351,0.063,99.0,99.0,1.321,0.019,2.696,0.02,154.91033843213762,-56.42549438486446
444,1568.45,1676.67,17.762,0.016,1.355,0.031,99.0,99.0,0.822,0.021,1.61,0.028,154.69544387028154,-56.38886309012168
445,1226.62,1043.38,17.763,0.014,1.141,0.025,99.0,99.0,0.711,0.016,1.33,0.021,154.74748217304872,-56.44091212983023
446,102.98,1938.85,17.765,0.025,1.045,0.037,99.0,99.0,0.624,0.033,1.245,0.037,154.91374899646104,-56.36669877329406
447,1258.34,905.011,17.769,0.015,1.177,0.03,99.0,99.0,0.7,0.018,1.373,0.024,154.74293255993382,-56.45236048603189
448,419.995,109.487,17.774,0.031,1.284,0.045,99.0,99.0,0.707,0.04,1.492,0.046,154.86930396645272,-56.51725262889583
449,1245.65,39.697,17.778,0.013,1.322,0.031,99.0,99.0,0.742,0.018,1.508,0.021,154.74571561594658,-56.523647405629745
450,1213.9,602.125,17.782,0.013,1.277,0.034,99.0,99.0,0.837,0.017,1.723,0.02,154.74994477060184,-56.477297839437966
451,967.718,1669.77,17.785,0.017,1.264,0.029,99.0,99.0,0.806,0.019,1.575,0.022,154.78510622749405,-56.38899869268891
452,755.632,1816.8,17.785,0.015,1.009,0.028,99.0,99.0,0.638,0.018,1.274,0.023,154.81648583930863,-56.37676798141609
453,1496.67,1995.75,17.796,0.018,1.14,0.032,99.0,99.0,0.69,0.022,1.358,0.029,154.70554281649095,-56.362363367769674
454,422.992,1660.05,17.813,0.014,1.267,0.029,99.0,99.0,0.742,0.016,1.481,0.021,154.86651264741514,-56.38965902000421
455,573.058,423.317,17.815,0.025,1.116,0.036,99.0,99.0,0.655,0.026,1.307,0.033,154.8460386116151,-56.49154762807179
456,1941.82,1012.52,17.817,0.015,1.144,0.03,99.0,99.0,0.755,0.018,1.552,0.021,154.64074634431145,-56.4442879835733
457,784.99,1421.24,17.823,0.017,1.077,0.03,99.0,99.0,0.658,0.019,1.3,0.024,154.81286379817072,-56.40944505731909
458,1175.96,1121.31,17.84,0.014,1.156,0.029,99.0,99.0,0.697,0.016,1.439,0.019,154.7549372510544,-56.43443684854485
459,1200.11,1155.59,17.842,0.015,1.075,0.026,99.0,99.0,0.7,0.019,1.393,0.024,154.75127815313007,-56.431625930523424
460,866.25,1528.36,17.848,0.015,2.615,0.078,99.0,99.0,1.505,0.016,2.99,0.018,154.80052741971352,-56.400635213523614
461,1173.73,1976.07,17.852,0.017,1.115,0.032,99.0,99.0,0.713,0.02,1.455,0.024,154.7537454017058,-56.3637690558035
463,1289.59,1153.34,17.858,0.016,1.053,0.03,99.0,99.0,0.653,0.019,1.359,0.026,154.73791606497323,-56.43188732125992
462,1858.08,776.144,17.858,0.018,1.199,0.039,99.0,99.0,0.751,0.022,1.449,0.026,154.65351625891103,-56.46371222838985
464,346.029,865.812,17.865,0.022,1.18,0.037,99.0,99.0,0.781,0.025,1.577,0.029,154.8794406109288,-56.4550820570888
465,1020.1,1137.46,17.867,0.017,1.512,0.035,99.0,99.0,0.97,0.018,2.051,0.021,154.77820119053527,-56.432989773405254
466,286.457,1151.21,17.881,0.017,1.199,0.032,99.0,99.0,0.852,0.02,1.653,0.024,154.88789474394457,-56.43158755806538
467,1704.62,1980.52,17.884,0.017,1.169,0.037,99.0,99.0,0.767,0.02,1.513,0.024,154.67457677807877,-56.36381540479438
468,1493.78,844.151,17.889,0.019,1.119,0.038,99.0,99.0,0.707,0.023,1.387,0.027,154.70783585860082,-56.457625607204925
469,866.12,1308.46,17.896,0.019,0.942,0.031,99.0,99.0,0.672,0.021,1.34,0.026,154.80093599732984,-56.41878904811336
470,208.167,396.258,17.907,0.017,1.298,0.036,99.0,99.0,0.862,0.021,1.642,0.026,154.90073479554133,-56.49364287590125
471,1515.21,734.66,17.91,0.017,1.456,0.034,99.0,99.0,0.879,0.02,1.742,0.023,154.70476386215532,-56.46668912311165
472,334.965,1015.48,17.913,0.013,1.234,0.029,99.0,99.0,0.805,0.016,1.572,0.021,154.88086196470837,-56.44276511640569
473,1938.65,1534.32,17.918,0.018,1.074,0.03,99.0,99.0,0.652,0.021,1.314,0.025,154.6404850482536,-56.401077014459894
474,1464.0,1142.02,17.92,0.015,2.632,0.077,99.0,99.0,1.603,0.016,3.206,0.018,154.71188796689069,-56.432988881681425
476,1161.07,1304.44,17.927,0.015,1.12,0.029,99.0,99.0,0.765,0.019,1.613,0.022,154.75687688552543,-56.41930263076484
475,303.73,1883.63,17.927,0.018,1.73,0.043,99.0,99.0,1.007,0.02,2.05,0.023,154.88386272002242,-56.37121409720735
477,164.836,1758.21,17.931,0.018,1.233,0.034,99.0,99.0,0.748,0.022,1.514,0.026,154.90490500989458,-56.381582419639784
478,1342.81,1310.75,17.937,0.015,1.068,0.026,99.0,99.0,0.694,0.019,1.417,0.022,154.7297278552949,-56.418928341938134
479,151.037,1791.55,17.945,0.017,1.261,0.037,99.0,99.0,0.749,0.021,1.552,0.024,154.9068956092138,-56.37883590697422
480,1097.84,801.198,17.946,0.017,1.192,0.035,99.0,99.0,0.684,0.021,1.362,0.024,154.7670565672639,-56.46078348324988
481,1665.83,957.803,17.962,0.025,1.374,0.04,99.0,99.0,0.845,0.027,1.701,0.031,154.68200310730927,-56.448441358724835
482,1496.93,1426.44,17.964,0.017,1.082,0.033,99.0,99.0,0.706,0.02,1.468,0.024,154.706538424877,-56.40950521243814
483,740.951,171.62,17.964,0.019,1.161,0.04,99.0,99.0,0.697,0.022,1.438,0.029,154.8211595600444,-56.5123348118755
484,309.037,1760.33,17.975,0.031,1.15,0.049,99.0,99.0,0.602,0.033,1.251,0.04,154.88333877780724,-56.38138786540249
485,683.494,578.219,17.985,0.016,1.232,0.038,99.0,99.0,0.803,0.019,1.617,0.024,154.82931950416196,-56.478865974911066
486,482.112,1675.62,17.994,0.023,1.258,0.039,99.0,99.0,0.776,0.031,1.583,0.034,154.85764345634394,-56.388378023752985
487,78.717,1661.27,17.997,0.018,1.448,0.043,99.0,99.0,0.901,0.021,1.865,0.025,154.9179946871114,-56.389592455594624
488,1002.6,1076.6,18.001,0.015,1.16,0.033,99.0,99.0,0.727,0.019,1.418,0.024,154.78090905256892,-56.43799954689237
489,1387.6,1067.23,18.001,0.016,1.099,0.033,99.0,99.0,0.678,0.02,1.387,0.023,154.7234023664371,-56.439091146595146
490,880.102,723.026,18.01,0.014,1.286,0.038,99.0,99.0,0.776,0.017,1.495,0.028,154.7997180898128,-56.46706391454689
491,1139.42,1892.46,18.012,0.019,2.23,0.064,99.0,99.0,1.353,0.022,2.701,0.025,154.75903631976732,-56.37067053818249
492,1947.69,1766.1,18.015,0.023,1.139,0.037,99.0,99.0,0.774,0.025,1.402,0.03,154.63875170673504,-56.381872253656944
493,806.185,266.522,18.02,0.02,1.326,0.037,99.0,99.0,0.794,0.027,1.681,0.027,154.8112997644106,-56.50458033302379
494,965.145,883.192,18.022,0.022,1.253,0.044,99.0,99.0,0.719,0.024,1.464,0.031,154.7867864485366,-56.45392367177542
495,1770.68,2000.99,18.032,0.02,1.205,0.041,99.0,99.0,0.732,0.024,1.46,0.028,154.66469298016133,-56.36218494741201
496,818.894,1657.66,18.035,0.019,1.654,0.042,99.0,99.0,1.102,0.02,2.159,0.023,154.80735644905118,-56.389936467296366
498,933.768,1150.91,18.038,0.018,1.188,0.034,99.0,99.0,0.709,0.021,1.404,0.025,154.79108275469795,-56.43182566607063
497,383.855,536.774,18.038,0.029,1.188,0.042,99.0,99.0,0.741,0.031,1.54,0.035,154.87423643879242,-56.48214614838643
499,736.272,955.993,18.043,0.018,1.126,0.033,99.0,99.0,0.773,0.022,1.51,0.027,154.82090914266976,-56.44778948366693
500,551.937,643.053,18.046,0.032,1.395,0.055,99.0,99.0,0.773,0.032,1.665,0.037,154.84892981650285,-56.473469111084306
501,1342.71,123.243,18.047,0.016,2.78,0.145,99.0,99.0,1.754,0.018,3.482,0.02,154.73113176970432,-56.51688521755395
502,1624.51,1690.03,18.049,0.018,1.14,0.032,99.0,99.0,0.756,0.021,1.467,0.025,154.68705983383987,-56.38781199168787
504,1648.43,879.16,18.051,0.023,1.183,0.035,99.0,99.0,0.721,0.026,1.455,0.034,154.68469779379032,-56.4549179510755
503,641.879,317.164,18.051,0.019,1.217,0.036,99.0,99.0,0.734,0.023,1.485,0.03,154.83585037239254,-56.50031002779977
505,520.385,444.978,18.065,0.019,1.211,0.046,99.0,99.0,0.732,0.023,1.534,0.026,154.853901360271,-56.48974236288475
506,495.468,466.861,18.071,0.023,1.698,0.05,99.0,99.0,1.059,0.026,2.102,0.028,154.85760685160366,-56.487932926856075
507,1550.33,1713.45,18.073,0.018,1.155,0.034,99.0,99.0,0.71,0.02,1.431,0.025,154.69808043889174,-56.38579976196879
508,552.311,523.5,18.079,0.018,1.418,0.058,99.0,99.0,0.936,0.02,1.889,0.025,154.84902579127,-56.48330142660984
509,1442.39,1578.68,18.081,0.018,1.042,0.031,99.0,99.0,0.696,0.02,1.381,0.027,154.7144208531175,-56.39685791736071
510,1983.54,1404.69,18.082,0.02,1.098,0.036,99.0,99.0,0.733,0.023,1.416,0.03,154.63399232021166,-56.41187875415211
511,1091.57,1518.97,18.085,0.019,1.131,0.037,99.0,99.0,0.731,0.022,1.476,0.025,154.76689108785743,-56.40153028728268
512,1951.82,944.406,18.087,0.024,1.279,0.061,99.0,99.0,0.832,0.028,1.686,0.031,154.63933622243098,-56.449937233187114
513,1902.41,1729.58,18.088,0.019,1.187,0.032,99.0,99.0,0.788,0.021,1.514,0.026,154.64556263658952,-56.384844765312046
514,1157.69,1142.67,18.097,0.019,1.104,0.037,99.0,99.0,0.707,0.022,1.425,0.027,154.75763472507307,-56.43265905188092
515,836.718,1745.25,18.102,0.022,1.118,0.038,99.0,99.0,0.649,0.025,1.303,0.032,154.80452133797013,-56.38270592437235
516,1750.7,1824.34,18.119,0.018,1.429,0.04,99.0,99.0,0.92,0.02,1.912,0.023,154.66800460086733,-56.37681352437168
517,862.819,941.017,18.135,0.018,1.57,0.07,99.0,99.0,1.037,0.021,2.174,0.025,154.80200552288434,-56.44909169007942
518,1122.29,883.435,18.137,0.02,1.212,0.041,99.0,99.0,0.761,0.025,1.486,0.027,154.76329367539913,-56.45402208904007
519,547.877,1242.53,18.139,0.019,1.522,0.046,99.0,99.0,1.006,0.022,2.027,0.024,154.848626461592,-56.4241071467637
520,433.08,1680.0,18.139,0.019,1.117,0.036,99.0,99.0,0.717,0.022,1.45,0.028,154.86496369737313,-56.38801343157084
521,1213.07,255.321,18.14,0.021,1.23,0.047,99.0,99.0,0.772,0.025,1.59,0.027,154.75041663339812,-56.505865161512624
522,546.801,1346.47,18.141,0.018,1.141,0.035,99.0,99.0,0.657,0.021,1.339,0.024,154.84860418906842,-56.415538524655325
523,1321.14,1621.25,18.144,0.021,2.145,0.069,99.0,99.0,1.367,0.022,2.684,0.024,154.73243818785687,-56.393234098741615
524,1140.62,1996.46,18.144,0.021,1.222,0.04,99.0,99.0,0.705,0.024,1.402,0.029,154.758642502149,-56.362062746017195
525,617.67,1272.01,18.147,0.02,1.353,0.048,99.0,99.0,0.823,0.022,1.668,0.025,154.83813844508623,-56.421696436336006
526,939.795,815.324,18.148,0.02,1.185,0.036,99.0,99.0,0.745,0.025,1.388,0.032,154.79066912101558,-56.45949999431897
527,867.675,872.255,18.151,0.02,1.211,0.054,99.0,99.0,0.73,0.023,1.413,0.032,154.801376793384,-56.45476156349867
528,376.505,1649.4,18.152,0.022,1.183,0.042,99.0,99.0,0.748,0.026,1.454,0.031,154.8734843136305,-56.39053649200632
529,1735.41,1350.93,18.158,0.021,1.221,0.041,99.0,99.0,0.749,0.024,1.539,0.027,154.67107583203705,-56.41601194434553
530,1462.89,1602.8,18.159,0.019,1.442,0.041,99.0,99.0,0.918,0.021,1.923,0.026,154.7113202035142,-56.39488013154161
531,521.547,1606.37,18.161,0.019,1.212,0.04,99.0,99.0,0.779,0.022,1.451,0.026,154.8518883084369,-56.39409681558472
532,1448.7,1526.79,18.166,0.019,1.188,0.037,99.0,99.0,0.699,0.023,1.482,0.028,154.71356860858157,-56.40115736800458
533,391.543,1396.55,18.168,0.019,1.15,0.038,99.0,99.0,0.763,0.022,1.53,0.029,154.8717310961725,-56.411385905303604
534,554.768,807.97,18.182,0.032,1.384,0.068,99.0,99.0,0.89,0.032,1.758,0.037,154.84828031868383,-56.45990078625839
535,1723.32,1753.65,18.182,0.024,1.221,0.04,99.0,99.0,0.771,0.027,1.479,0.032,154.67221403756716,-56.38264363919856
536,252.033,1522.58,18.183,0.021,1.123,0.036,99.0,99.0,0.76,0.024,1.415,0.027,154.89235457657742,-56.400996652561965
537,910.54,1337.67,18.184,0.024,1.234,0.044,99.0,99.0,0.773,0.028,1.496,0.032,154.79424849457575,-56.41640084464353
538,1839.26,1648.3,18.19,0.025,1.722,0.06,99.0,99.0,1.093,0.027,2.26,0.03,154.65511398871988,-56.391506363051434
539,254.891,60.753,18.19,0.023,1.332,0.04,99.0,99.0,0.823,0.026,1.778,0.032,154.89410159723442,-56.52118608560866
540,521.799,1951.82,18.191,0.021,1.189,0.047,99.0,99.0,0.818,0.024,1.678,0.029,154.85112431161562,-56.36557567810711
541,477.264,733.172,18.196,0.025,1.221,0.039,99.0,99.0,0.821,0.027,1.623,0.034,154.85998671824038,-56.466027861135146
542,868.876,1319.48,18.197,0.022,1.1,0.041,99.0,99.0,0.637,0.025,1.269,0.03,154.80050542657128,-56.41788096753519
543,1254.28,1512.12,18.211,0.021,1.217,0.041,99.0,99.0,0.796,0.024,1.56,0.029,154.7426103268208,-56.40220871550778
544,1182.64,1367.99,18.214,0.022,1.286,0.044,99.0,99.0,0.87,0.024,1.537,0.029,154.75355139382825,-56.414068370323726
545,1875.79,1001.29,18.215,0.02,1.227,0.039,99.0,99.0,0.775,0.023,1.555,0.026,154.6506120533491,-56.44512292917003
546,179.317,1481.32,18.222,0.018,1.261,0.04,99.0,99.0,0.765,0.022,1.554,0.024,154.9033144531661,-56.404402817250975
547,1710.89,980.1,18.224,0.027,1.204,0.049,99.0,99.0,0.771,0.031,1.466,0.036,154.67524852199534,-56.4466550163044
548,1643.69,598.381,18.227,0.022,1.228,0.044,99.0,99.0,0.785,0.026,1.606,0.033,154.68571747511857,-56.47809771960246
549,1670.15,879.914,18.232,0.026,1.199,0.044,99.0,99.0,0.681,0.03,1.422,0.036,154.6814538743921,-56.45488291721776
550,13.868,1751.85,18.233,0.027,1.472,0.059,99.0,99.0,0.941,0.03,1.917,0.035,154.9274993427488,-56.38214529423369
551,2021.15,533.832,18.244,0.026,0.955,0.06,99.0,99.0,0.772,0.031,1.877,0.035,154.62941080671087,-56.4839866837076
553,1138.06,1489.07,18.247,0.023,1.162,0.039,99.0,99.0,0.72,0.025,1.411,0.03,154.7600019744847,-56.40403138538364
552,1745.55,1270.75,18.247,0.021,1.148,0.041,99.0,99.0,0.767,0.025,1.522,0.029,154.66968193149452,-56.42265984896105
554,1101.7,527.372,18.261,0.025,1.284,0.049,99.0,99.0,0.79,0.027,1.603,0.031,154.7668060046128,-56.48335279135774
555,1028.03,1741.02,18.262,0.02,1.228,0.038,99.0,99.0,0.769,0.023,1.483,0.026,154.7759632896713,-56.38313841744011
556,1708.29,404.315,18.263,0.025,1.165,0.046,99.0,99.0,0.789,0.029,1.552,0.035,154.67624871214744,-56.49420043881205
557,1373.13,603.75,18.27,0.022,1.262,0.057,99.0,99.0,0.782,0.026,1.65,0.031,154.72613994307918,-56.47732817892423
558,1529.15,101.76,18.271,0.023,1.233,0.041,99.0,99.0,0.781,0.027,1.532,0.031,154.70326248847206,-56.51889276463243
559,1249.03,1868.59,18.273,0.021,1.434,0.047,99.0,99.0,0.901,0.023,1.89,0.027,154.74272982546546,-56.372713019233004
560,1375.24,450.587,18.274,0.02,1.443,0.059,99.0,99.0,0.863,0.022,1.841,0.028,154.72598246951193,-56.489958169386995
561,1444.62,408.197,18.275,0.025,1.226,0.055,99.0,99.0,0.74,0.028,1.465,0.039,154.7156509451519,-56.49353369122053
562,66.485,789.061,18.277,0.027,1.172,0.047,99.0,99.0,0.676,0.031,1.405,0.037,154.9214227971319,-56.46136755733116
563,598.581,275.189,18.278,0.027,1.4,0.047,99.0,99.0,0.831,0.031,1.673,0.037,154.84237934973132,-56.50373499210043
564,886.218,1106.23,18.295,0.022,1.384,0.05,99.0,99.0,0.728,0.025,1.517,0.029,154.79825999288775,-56.4354836387911
565,660.977,630.39,18.301,0.024,1.433,0.048,99.0,99.0,0.89,0.026,1.83,0.03,154.83262422289218,-56.474561543533774
566,338.725,1271.45,18.303,0.02,2.188,0.075,99.0,99.0,1.365,0.021,2.769,0.026,154.87986162189847,-56.421689557094545
567,1775.13,1446.88,18.306,0.02,1.444,0.05,99.0,99.0,0.91,0.023,1.851,0.026,154.66500382931014,-56.40811585876427
568,1467.14,1419.25,18.308,0.019,1.172,0.044,99.0,99.0,0.821,0.021,1.595,0.026,154.71099566345907,-56.41007121714254
569,1375.3,72.526,18.311,0.021,1.302,0.063,99.0,99.0,0.746,0.026,1.483,0.033,154.72629404171036,-56.52110018458572
570,1646.31,1545.8,18.313,0.02,1.264,0.046,99.0,99.0,0.802,0.025,1.534,0.029,154.6840565594535,-56.3997792086443
571,891.966,1383.22,18.321,0.022,1.189,0.049,99.0,99.0,0.74,0.025,1.409,0.031,154.79694545279818,-56.41263127745015
572,841.875,739.555,18.323,0.025,1.291,0.067,99.0,99.0,0.883,0.036,1.732,0.039,154.80541493911772,-56.465677817476134
573,144.76,1404.27,18.328,0.024,2.335,0.088,99.0,99.0,1.429,0.025,2.906,0.028,154.9086359868467,-56.410753575667364
574,452.457,944.424,18.332,0.034,1.423,0.072,99.0,99.0,0.811,0.039,1.585,0.048,154.8633896243907,-56.44863703346698
575,295.599,1232.47,18.334,0.024,1.278,0.045,99.0,99.0,0.712,0.027,1.506,0.031,154.88638410105386,-56.42489725660419
576,905.741,67.303,18.337,0.025,1.639,0.048,99.0,99.0,0.99,0.027,2.024,0.033,154.79657473829096,-56.521036608111345
577,86.993,401.54,18.34,0.026,1.449,0.05,99.0,99.0,0.702,0.03,1.542,0.037,154.91889042104037,-56.49319051266992
578,1635.84,640.088,18.341,0.027,1.134,0.044,99.0,99.0,0.801,0.029,1.491,0.038,154.68684716541816,-56.47464485568656
579,1150.59,869.401,18.345,0.022,1.204,0.048,99.0,99.0,0.773,0.056,1.395,0.031,154.7590823697913,-56.455203106195626
580,829.262,1949.08,18.347,0.021,1.312,0.051,99.0,99.0,0.833,0.024,1.583,0.03,154.8052121003074,-56.36585400255118
581,1530.26,1257.09,18.348,0.025,1.188,0.045,99.0,99.0,0.757,0.028,1.542,0.032,154.7018281288653,-56.42354549299808
582,1663.81,1948.05,18.355,0.024,1.258,0.047,99.0,99.0,0.821,0.027,1.523,0.032,154.6807221360283,-56.36646778379311
583,1460.65,1211.9,18.368,0.022,1.241,0.052,99.0,99.0,0.778,0.025,1.565,0.029,154.71228627398136,-56.42721001099209
584,1363.29,355.194,18.37,0.02,1.356,0.058,99.0,99.0,0.865,0.023,1.792,0.03,154.72785947795046,-56.497805812480465
585,770.996,1914.58,18.379,0.026,1.383,0.054,99.0,99.0,0.822,0.04,1.631,0.036,154.813985746511,-56.368690409667124
586,1419.68,1773.2,18.382,0.026,1.241,0.054,99.0,99.0,0.769,0.029,1.499,0.035,154.71745697338585,-56.38073659014309
587,667.739,1005.87,18.383,0.024,1.384,0.052,99.0,99.0,0.789,0.027,1.529,0.034,154.83108471954503,-56.443649249640366
588,636.901,1164.24,18.385,0.023,1.167,0.049,99.0,99.0,0.729,0.027,1.499,0.031,154.83544480432397,-56.43058683072676
589,1182.95,1710.42,18.385,0.025,1.124,0.046,99.0,99.0,0.737,0.028,1.417,0.035,154.75289717074344,-56.385758755304735
590,645.758,1697.48,18.387,0.023,1.215,0.041,99.0,99.0,0.815,0.026,1.651,0.032,154.833143227875,-56.386597850039294
591,1152.48,1549.59,18.401,0.022,1.286,0.049,99.0,99.0,0.763,0.025,1.523,0.031,154.75774176807636,-56.399038538109835
592,1002.47,1451.12,18.402,0.02,1.306,0.044,99.0,99.0,0.874,0.023,1.808,0.028,154.78031808529605,-56.40708315302728
593,756.974,1482.84,18.408,0.025,1.211,0.05,99.0,99.0,0.769,0.028,1.483,0.033,154.81693859373792,-56.40435001562692
594,199.706,725.069,18.413,0.024,1.081,0.049,99.0,99.0,0.726,0.033,1.46,0.037,154.9015616129053,-56.46663252898887
595,1616.85,1903.3,18.418,0.031,1.258,0.056,99.0,99.0,0.851,0.032,1.722,0.037,154.68780831851834,-56.370132609892934
596,1800.12,997.014,18.423,0.023,1.594,0.061,99.0,99.0,0.946,0.026,2.0,0.029,154.66190934020423,-56.44537301667448
597,578.144,1006.39,18.429,0.024,1.322,0.054,99.0,99.0,0.972,0.027,1.961,0.03,154.84448666651065,-56.44357246653568
598,510.181,1796.97,18.431,0.022,1.319,0.051,99.0,99.0,0.826,0.025,1.689,0.031,154.85319615426025,-56.3783635974447
599,850.906,822.198,18.436,0.024,1.486,0.096,99.0,99.0,0.959,0.028,1.931,0.031,154.80395373308542,-56.45887577020355
600,1179.56,959.061,18.438,0.031,1.281,0.058,99.0,99.0,0.778,0.035,1.544,0.043,154.7546318157079,-56.44783093755012
601,5.933,1932.47,18.441,0.027,1.318,0.054,99.0,99.0,0.679,0.033,1.424,0.043,154.92827595090324,-56.36725723158861
602,1199.37,726.358,18.444,0.031,1.316,0.06,99.0,99.0,0.793,0.035,1.56,0.041,154.75197206569518,-56.46704251583413
603,211.599,789.353,18.444,0.027,1.191,0.062,99.0,99.0,0.752,0.032,1.519,0.039,154.89968540717973,-56.461349902182505
604,1676.56,830.656,18.452,0.033,1.45,0.053,99.0,99.0,0.873,0.034,1.701,0.043,154.680555107261,-56.458960589680935
605,562.227,1632.75,18.457,0.025,1.279,0.051,99.0,99.0,0.853,0.027,1.673,0.032,154.8457555584624,-56.3919258868848
606,1552.42,1302.82,18.465,0.025,1.222,0.051,99.0,99.0,0.698,0.029,1.43,0.035,154.69845179967615,-56.41978702828612
607,751.134,1911.48,18.473,0.027,1.187,0.055,99.0,99.0,0.818,0.03,1.515,0.036,154.8169583355097,-56.36894173603013
608,1725.92,916.602,18.475,0.029,1.247,0.055,99.0,99.0,0.816,0.032,1.61,0.039,154.67308346758415,-56.45192268849961
609,1216.58,1327.92,18.476,0.025,1.504,0.062,99.0,99.0,0.995,0.027,2.035,0.031,154.74854867999696,-56.417404818777285
610,464.488,1253.4,18.476,0.027,1.481,0.062,99.0,99.0,0.924,0.029,1.903,0.032,154.86107993033875,-56.42319304988838
611,977.742,1204.82,18.48,0.026,1.125,0.049,99.0,99.0,0.694,0.03,1.496,0.034,154.78442556303813,-56.42740392719152
612,709.2,1616.88,18.489,0.025,1.126,0.049,99.0,99.0,0.719,0.028,99.0,99.0,154.8238235583398,-56.39326881632162
615,1052.68,1615.93,18.491,0.027,1.178,0.05,99.0,99.0,0.708,0.03,1.484,0.036,154.77252145504832,-56.3934933153114
613,1346.96,1609.8,18.491,0.025,1.552,0.057,99.0,99.0,1.009,0.027,2.032,0.031,154.7286056238503,-56.39420190422229
614,263.48,1682.06,18.491,0.031,1.218,0.054,99.0,99.0,0.787,0.033,1.623,0.039,154.8903163929037,-56.38784776627305
616,1714.24,1305.03,18.492,0.026,1.284,0.052,99.0,99.0,0.779,0.029,1.556,0.032,154.6743026941902,-56.41978548800645
617,215.68,705.931,18.496,0.034,1.092,0.061,99.0,99.0,0.727,0.04,1.5,0.044,154.89919656080778,-56.46820729293309
618,1352.09,657.439,18.503,0.025,1.306,0.07,99.0,99.0,0.845,0.028,1.727,0.033,154.72922525604633,-56.47287765029061
619,1493.52,1465.13,18.505,0.028,1.853,0.085,99.0,99.0,1.317,0.03,2.725,0.032,154.70698402979252,-56.406301031167345
621,592.13,1296.29,18.507,0.029,1.155,0.052,99.0,99.0,0.727,0.033,1.446,0.037,154.8419151655882,-56.41968719268401
620,1612.59,859.471,18.507,0.025,1.509,0.064,99.0,99.0,1.021,0.027,1.97,0.032,154.690073171535,-56.456500190018026
622,509.963,1368.27,18.508,0.026,1.167,0.048,99.0,99.0,0.747,0.029,1.489,0.036,154.8540733016994,-56.41373349944805
623,75.542,863.247,18.51,0.029,1.261,0.054,99.0,99.0,0.777,0.031,1.579,0.038,154.91995056664717,-56.45527083101423
624,647.739,1762.05,18.524,0.026,1.164,0.051,99.0,99.0,0.777,0.029,1.491,0.035,154.83271565879105,-56.381265919062194
625,1519.74,1925.08,18.527,0.027,1.161,0.053,99.0,99.0,0.825,0.029,1.624,0.036,154.70224363345895,-56.368239698327905
626,109.92,2004.74,18.53,0.029,1.578,0.077,99.0,99.0,0.921,0.032,1.866,0.037,154.91255739098708,-56.36126049171748
627,1750.29,1379.46,18.539,0.027,1.594,0.063,99.0,99.0,1.02,0.03,2.06,0.033,154.66881292918438,-56.41366811272793
628,157.227,496.276,18.554,0.034,1.359,0.057,99.0,99.0,0.825,0.036,1.816,0.041,154.90824207222917,-56.48542226047657
629,223.161,562.585,18.555,0.026,1.265,0.054,99.0,99.0,0.767,0.033,1.581,0.04,154.89827479257772,-56.47998656947015
630,595.911,643.631,18.563,0.04,1.26,0.065,99.0,99.0,0.681,0.044,1.395,0.054,154.842346315694,-56.47344074618568
631,1069.37,824.568,18.565,0.033,1.503,0.095,99.0,99.0,1.085,0.039,2.069,0.044,154.7712824844544,-56.458833785691375
632,1398.74,175.492,18.572,0.033,1.806,0.109,99.0,99.0,1.132,0.039,2.183,0.039,154.72271070198556,-56.51265114232589
633,1518.02,809.514,18.573,0.025,1.324,0.059,99.0,99.0,0.84,0.03,1.694,0.034,154.70425689852968,-56.460513105802455
635,1189.48,1330.4,18.574,0.031,1.423,0.059,99.0,99.0,0.934,0.034,1.769,0.043,154.75259170572664,-56.417179219056216
634,172.409,1427.05,18.574,0.028,1.389,0.066,99.0,99.0,0.919,0.03,1.845,0.035,154.90445456947575,-56.40887431067703
636,460.069,956.611,18.575,0.026,1.331,0.063,99.0,99.0,0.849,0.031,1.71,0.039,154.86223157619705,-56.447635808904856
637,1181.52,1073.27,18.582,0.029,1.162,0.053,99.0,99.0,0.759,0.031,1.468,0.038,154.7541772840697,-56.4384070553752
638,1916.19,1428.15,18.583,0.029,1.374,0.066,99.0,99.0,0.929,0.031,1.863,0.035,154.64399830563872,-56.409844459666076
639,714.361,1391.11,18.587,0.029,1.279,0.059,99.0,99.0,0.813,0.031,1.631,0.036,154.8234736720346,-56.41190493710145
640,1174.27,7.719,18.589,0.033,1.245,0.058,99.0,99.0,0.876,0.035,1.814,0.041,154.75642119456782,-56.526198124333625
641,70.692,332.751,18.59,0.028,1.983,0.098,99.0,99.0,1.296,0.031,2.791,0.033,154.9214193356226,-56.498833209341505
642,653.541,1657.93,18.593,0.032,1.211,0.059,99.0,99.0,0.806,0.034,1.613,0.04,154.832059446276,-56.3898651590934
644,1376.33,932.02,18.598,0.026,1.359,0.069,99.0,99.0,0.897,0.03,1.763,0.037,154.7252688860095,-56.45024527434403
643,1673.03,1967.94,18.598,0.033,1.41,0.081,99.0,99.0,0.908,0.034,1.804,0.04,154.67930927293506,-56.36482750514239
646,619.458,853.085,18.608,0.036,1.179,0.057,99.0,99.0,0.755,0.04,1.525,0.044,154.8385350413345,-56.4562126588722
645,362.525,380.483,18.608,0.049,1.855,0.092,99.0,99.0,1.185,0.05,2.351,0.057,154.8776238156658,-56.49497992896008
647,454.305,368.519,18.612,0.03,1.267,0.065,99.0,99.0,0.893,0.034,1.666,0.038,154.8638879558544,-56.49599701275944
648,1031.49,1994.02,18.613,0.031,1.175,0.056,99.0,99.0,0.764,0.034,1.482,0.041,154.77493096687795,-56.36221120220958
649,111.294,1360.31,18.616,0.029,1.517,0.072,99.0,99.0,0.801,0.032,1.603,0.038,154.91372883208788,-56.41437772706608
650,810.191,687.88,18.617,0.032,1.274,0.063,99.0,99.0,0.798,0.038,1.52,0.044,154.81022181734147,-56.4699135512942
651,1795.56,1175.73,18.618,0.025,1.628,0.086,99.0,99.0,1.009,0.028,2.244,0.031,154.66235516719283,-56.430584842303276
652,38.738,1489.56,18.622,0.031,1.29,0.056,99.0,99.0,0.854,0.034,1.684,0.04,154.92433290912493,-56.403747584385194
653,949.496,1770.45,18.628,0.029,1.174,0.055,99.0,99.0,0.798,0.031,1.507,0.038,154.78763024341112,-56.380667778384726
654,200.386,1717.28,18.629,0.031,1.344,0.061,99.0,99.0,0.853,0.034,1.695,0.039,154.89967691542543,-56.38495129199365
655,519.586,1733.32,18.639,0.027,1.327,0.059,99.0,99.0,0.91,0.031,1.893,0.036,154.8519240001844,-56.383619155136486
656,1958.49,668.866,18.639,0.033,1.369,0.084,99.0,99.0,0.86,0.036,1.604,0.041,154.63863878293748,-56.47272853241718
657,1789.84,1199.19,18.646,0.026,1.458,0.062,99.0,99.0,0.879,0.029,1.773,0.035,154.66317609753722,-56.42863643940315
659,1909.64,1921.29,18.652,0.035,0.724,0.061,99.0,99.0,0.74,0.037,1.596,0.044,154.6441411291143,-56.368951889505
658,140.971,134.52,18.652,0.042,1.558,0.074,99.0,99.0,0.891,0.044,1.922,0.05,154.9111077082085,-56.515104751496864
660,527.947,1157.0,18.657,0.03,1.523,0.073,99.0,99.0,1.004,0.031,1.996,0.034,154.85175276172708,-56.43115028049194
661,1718.2,1210.62,18.666,0.027,1.148,0.054,99.0,99.0,0.808,0.032,1.673,0.035,154.6738488367728,-56.42760159941472
662,944.126,1848.59,18.669,0.038,1.444,0.072,99.0,99.0,0.695,0.041,1.599,0.047,154.7882741741626,-56.374204510456615
663,2028.49,630.252,18.672,0.034,0.649,0.063,99.0,99.0,0.823,0.041,99.0,99.0,154.62822744383143,-56.476030983313876
664,198.548,1378.49,18.673,0.03,1.151,0.059,99.0,99.0,0.775,0.032,1.574,0.039,154.9006369538987,-56.41287196146855
665,1186.28,1174.64,18.674,0.03,1.211,0.062,99.0,99.0,0.747,0.034,1.475,0.04,154.7533152313625,-56.43004185328606
666,1884.36,1439.5,18.679,0.028,1.625,0.077,99.0,99.0,1.104,0.03,2.478,0.032,154.648726865671,-56.40886280721578
667,1322.1,1777.44,18.682,0.027,1.245,0.064,99.0,99.0,0.834,0.032,1.594,0.039,154.73200572430096,-56.38030938025222
668,1107.69,1476.46,18.685,0.029,1.539,0.069,99.0,99.0,1.025,0.031,2.103,0.034,154.76455904340722,-56.405053528021675
669,1925.08,1971.04,18.685,0.032,0.355,0.067,-0.076,0.286,0.781,0.036,1.927,0.047,154.6417476976366,-56.36484172798456
670,1573.37,159.285,18.691,0.033,1.617,0.092,99.0,99.0,1.015,0.034,2.099,0.039,154.69660934589396,-56.514214125434016
671,1603.38,1574.52,18.694,0.03,1.151,0.059,99.0,99.0,0.825,0.033,1.573,0.041,154.69041143170557,-56.39735641093381
672,221.966,1705.85,18.705,0.04,1.684,0.086,99.0,99.0,0.976,0.053,2.038,0.067,154.8964741152567,-56.385890692616115
673,1309.85,629.481,18.708,0.028,1.383,0.072,99.0,99.0,0.821,0.031,1.739,0.033,154.73557011237565,-56.4751388240829
674,279.995,1083.04,18.709,0.032,1.57,0.073,99.0,99.0,0.873,0.034,1.861,0.039,154.88897812002125,-56.43719857039845
675,409.916,1684.84,18.71,0.036,1.356,0.07,99.0,99.0,0.84,0.04,1.523,0.045,154.86841646369675,-56.387613300916854
676,925.425,1023.3,18.716,0.031,1.416,0.067,99.0,99.0,0.821,0.034,1.682,0.04,154.79252458164035,-56.4423459963425
677,1996.38,1428.89,18.719,0.033,1.36,0.073,99.0,99.0,0.826,0.035,1.596,0.043,154.63204201653159,-56.40989136177963
678,1011.2,1196.99,18.723,0.033,1.454,0.066,99.0,99.0,0.833,0.035,1.755,0.041,154.77943828910972,-56.428071168950645
679,684.231,1469.04,18.725,0.028,1.293,0.073,99.0,99.0,0.777,0.032,1.502,0.038,154.8278353498884,-56.40546477720723
680,1715.7,806.174,18.727,0.033,1.251,0.059,99.0,99.0,0.81,0.038,1.662,0.045,154.67473919506364,-56.4610340396715
681,1179.74,840.275,18.748,0.029,1.291,0.07,99.0,99.0,0.818,0.033,1.556,0.04,154.75476354981393,-56.457630491657035
682,137.911,729.065,18.75,0.037,1.384,0.072,99.0,99.0,0.892,0.039,1.798,0.049,154.91081255606315,-56.46629892116794
683,594.812,312.213,18.755,0.036,1.59,0.083,99.0,99.0,0.926,0.039,1.908,0.045,154.8429045807063,-56.500690548449995
684,349.957,1235.86,18.756,0.035,1.226,0.064,99.0,99.0,0.805,0.039,1.642,0.043,154.87824462250077,-56.42462207437212
685,193.454,86.774,18.759,0.032,1.281,0.064,99.0,99.0,0.739,0.041,1.584,0.045,154.90328753253524,-56.51903332219893
686,1143.01,983.008,18.768,0.034,1.233,0.06,99.0,99.0,0.811,0.037,1.526,0.045,154.76006051817933,-56.445824862194875
687,922.965,1426.87,18.769,0.032,1.149,0.062,99.0,99.0,0.802,0.035,1.521,0.042,154.79223752620837,-56.40904302106289
688,1503.46,1346.69,18.771,0.031,1.381,0.077,99.0,99.0,0.823,0.034,1.767,0.04,154.70569092661697,-56.41610830144458
689,40.646,539.978,18.774,0.039,1.422,0.102,99.0,99.0,0.828,0.045,1.606,0.05,154.9256557135888,-56.4818244944006
690,1595.44,903.241,18.777,0.031,1.511,0.093,99.0,99.0,1.071,0.033,2.25,0.037,154.69258076379464,-56.45286382805492
691,1896.27,1423.24,18.79,0.033,1.348,0.072,99.0,99.0,0.831,0.036,1.685,0.043,154.64697586895056,-56.41022509826145
692,1741.95,120.294,18.797,0.045,1.359,0.097,99.0,99.0,0.962,0.048,1.902,0.054,154.67143514555755,-56.51767233424791
695,93.541,1141.95,18.811,0.033,1.277,0.077,99.0,99.0,0.822,0.035,1.679,0.044,154.91678838526533,-56.432351694151556
696,715.827,1609.58,18.822,0.035,1.337,0.069,99.0,99.0,0.871,0.037,1.712,0.046,154.82284754646955,-56.39387347657096
697,917.019,162.373,18.831,0.035,1.449,0.082,99.0,99.0,0.932,0.038,1.94,0.043,154.79480435938385,-56.513230693675744
698,131.966,1106.3,18.833,0.036,1.643,0.085,99.0,99.0,1.204,0.038,2.809,0.042,154.91109790365655,-56.43528211302464
699,1799.08,879.557,18.844,0.041,1.246,0.083,99.0,99.0,0.795,0.045,1.573,0.055,154.66220671556823,-56.45508212731507
700,268.624,1742.92,18.859,0.04,1.357,0.083,99.0,99.0,0.814,0.042,1.577,0.05,154.8894182421638,-56.382827790441745
701,1004.21,979.163,18.877,0.034,1.304,0.091,99.0,99.0,0.893,0.037,1.769,0.045,154.78081134060395,-56.44603767477732
702,840.052,1635.02,18.877,0.035,1.083,0.068,99.0,99.0,0.858,0.039,1.592,0.049,154.80423983356258,-56.39181465684989
703,1591.96,770.217,18.884,0.031,1.425,0.099,99.0,99.0,0.969,0.034,1.775,0.042,154.6932588591892,-56.463846034024286
704,1428.77,549.893,18.885,0.035,1.499,0.1,99.0,99.0,0.906,0.04,1.796,0.05,154.71788088753914,-56.4818322441756
706,856.266,1164.49,18.887,0.046,1.202,0.078,99.0,99.0,0.825,0.053,1.655,0.06,154.8026457250969,-56.43066208011843
705,464.296,303.902,18.887,0.041,1.351,0.079,99.0,99.0,0.838,0.044,1.761,0.049,154.86246384786975,-56.50130942008049
707,1684.88,1589.25,18.889,0.038,1.373,0.083,99.0,99.0,0.974,0.04,1.974,0.046,154.67823139780955,-56.3962225926182
708,305.532,1521.3,18.893,0.041,1.511,0.091,99.0,99.0,0.903,0.042,1.856,0.048,154.88435524687654,-56.40110007212064
709,991.102,641.074,18.895,0.043,1.112,0.075,99.0,99.0,0.847,0.046,1.618,0.056,154.78321705838144,-56.47389427582898
710,52.334,335.07,18.898,0.039,1.286,0.089,99.0,99.0,0.981,0.045,1.88,0.054,154.92416887103664,-56.49864107195101
711,1859.71,1784.76,18.902,0.042,1.377,0.083,99.0,99.0,0.833,0.045,1.68,0.051,154.65182930945994,-56.380217963944155
712,1166.86,693.14,18.917,0.039,1.257,0.088,99.0,99.0,0.765,0.045,1.555,0.05,154.75687215532966,-56.46975146805891
713,406.538,412.906,18.918,0.039,1.47,0.086,99.0,99.0,0.966,0.043,2.002,0.047,154.8709916737764,-56.492331886615865
714,804.188,1604.76,18.923,0.033,1.254,0.066,99.0,99.0,0.856,0.037,1.648,0.046,154.80965534819265,-56.39430060302419
715,1991.72,1063.05,18.932,0.034,1.326,0.077,99.0,99.0,0.794,0.038,1.618,0.047,154.63323980806118,-56.440179855484814
716,1544.51,1703.0,18.936,0.036,1.371,0.08,99.0,99.0,0.859,0.038,1.739,0.045,154.69896727508953,-56.38665972215543
717,1356.06,50.717,18.942,0.04,1.733,0.129,99.0,99.0,0.906,0.044,1.901,0.05,154.72918786636583,-56.522871622801205
718,495.927,1824.92,18.948,0.036,1.379,0.078,99.0,99.0,0.9,0.04,1.693,0.047,154.85526664691105,-56.376054935327595
719,1194.57,1339.57,18.954,0.031,1.204,0.07,99.0,99.0,0.932,0.036,1.799,0.044,154.75181659697193,-56.41642543245412
720,1984.57,1611.34,18.969,0.04,1.508,0.112,99.0,99.0,1.019,0.042,2.025,0.049,154.63351690238628,-56.394753121654695
721,540.058,1702.49,18.978,0.042,1.54,0.104,99.0,99.0,1.053,0.044,1.983,0.05,154.84892799317393,-56.386166403466625
722,1231.47,1377.16,18.986,0.045,1.24,0.079,99.0,99.0,0.886,0.048,1.706,0.055,154.7462446293851,-56.41334750732598
723,1302.36,1312.98,18.989,0.04,1.276,0.073,99.0,99.0,0.803,0.044,1.586,0.053,154.73576374794632,-56.418709021522965
724,678.388,413.452,18.991,0.039,1.277,0.1,99.0,99.0,0.779,0.044,1.668,0.052,154.83027818958988,-56.49241541249309
725,801.611,1988.28,18.992,0.044,1.161,0.091,99.0,99.0,0.693,0.049,1.341,0.062,154.80925563409667,-56.36260475286484
726,1518.16,964.625,18.993,0.043,1.405,0.108,99.0,99.0,0.828,0.045,1.573,0.055,154.70404304651524,-56.447703665557356
727,649.02,1643.35,19.012,0.047,1.332,0.084,99.0,99.0,0.941,0.056,1.775,0.058,154.83276390452826,-56.391067871513656
728,1752.87,1942.88,19.014,0.041,1.323,0.089,99.0,99.0,0.802,0.047,1.628,0.052,154.6674591268321,-56.36698641189563
729,1115.49,1780.75,19.017,0.04,1.265,0.073,99.0,99.0,0.764,0.043,1.488,0.056,154.76283028312415,-56.37989991969733
730,723.328,1842.76,19.021,0.043,1.238,0.072,99.0,99.0,0.81,0.047,1.579,0.053,154.8212565182234,-56.37461461369889
731,544.911,1819.26,19.031,0.04,1.285,0.082,99.0,99.0,0.784,0.044,1.654,0.05,154.84795934088197,-56.37652607469937
732,1211.38,1198.1,19.033,0.043,1.157,0.076,99.0,99.0,0.853,0.046,1.647,0.053,154.74953008553973,-56.42812456393026
733,1024.06,1907.15,19.035,0.043,1.555,0.108,99.0,99.0,1.034,0.045,2.143,0.05,154.77622196056103,-56.36939589524727
734,1446.46,1180.41,19.037,0.039,1.411,0.087,99.0,99.0,0.85,0.042,1.661,0.052,154.71445113996197,-56.42979846754503
735,1869.25,1817.73,19.037,0.039,1.368,0.094,99.0,99.0,99.0,99.0,1.653,0.05,154.6503486559409,-56.377495031917235
736,709.032,1544.95,19.042,0.038,1.312,0.091,99.0,99.0,0.976,0.039,1.88,0.045,154.82398677650352,-56.39920715921157
737,624.861,1252.67,19.046,0.038,1.688,0.099,99.0,99.0,1.028,0.04,2.129,0.045,154.83709647804608,-56.423293175125245
738,430.425,929.452,19.057,0.056,1.267,0.117,99.0,99.0,0.89,0.059,1.709,0.068,154.86671011868432,-56.449863854158515
739,1162.96,812.652,19.061,0.044,1.276,0.095,99.0,99.0,0.882,0.048,1.712,0.053,154.75730721924072,-56.45989402209051
740,1333.79,1584.85,19.064,0.045,1.469,0.098,99.0,99.0,0.944,0.046,1.97,0.053,154.73061532365233,-56.39625547290031
741,510.265,1437.72,19.064,0.04,1.312,0.1,99.0,99.0,0.875,0.044,1.785,0.049,154.8538999206028,-56.408007012794926
743,522.582,1447.88,19.065,0.046,1.171,0.095,99.0,99.0,0.931,0.051,1.851,0.066,154.85203928741774,-56.40717129507137
742,221.548,240.4,19.065,0.041,1.325,0.096,99.0,99.0,0.902,0.047,1.785,0.052,154.89891172763552,-56.506438423040606
744,1920.52,1534.76,19.079,0.042,1.428,0.086,99.0,99.0,0.767,0.047,1.655,0.056,154.64318694615793,-56.40101699383036
745,188.8,1351.35,19.1,0.038,1.41,0.099,99.0,99.0,0.887,0.042,1.802,0.047,154.90214709172477,-56.41510786542262
746,836.538,1075.87,19.11,0.044,1.412,0.094,99.0,99.0,1.069,0.045,2.2,0.051,154.80573405026104,-56.43795991657182
747,196.42,1013.72,19.11,0.048,1.388,0.097,99.0,99.0,0.744,0.054,1.524,0.063,154.90160485207403,-56.44289798214467
748,1036.12,1767.15,19.111,0.044,1.333,0.086,99.0,99.0,0.799,0.048,1.884,0.055,154.77470434517141,-56.38098180543368
749,1084.93,1498.83,19.114,0.039,1.034,0.07,99.0,99.0,0.843,0.042,1.553,0.052,154.76791843187647,-56.40319051719297
750,516.62,201.615,19.128,0.05,1.189,0.1,99.0,99.0,0.896,0.054,1.908,0.059,154.8547330822994,-56.50973534543372
751,721.475,1546.07,19.151,0.049,1.405,0.102,99.0,99.0,0.897,0.052,1.916,0.057,154.8221252654383,-56.399118553716974
752,1065.57,1154.2,19.169,0.044,1.255,0.095,99.0,99.0,0.894,0.047,1.762,0.055,154.77138079310987,-56.43163930865401
753,393.692,1709.18,19.177,0.044,1.388,0.097,99.0,99.0,0.933,0.046,1.823,0.054,154.8707912802895,-56.38560483709913
754,2018.71,1525.34,19.196,0.047,1.453,0.113,99.0,99.0,0.947,0.05,1.899,0.062,154.6285659210743,-56.401928632536745
755,147.903,1346.53,19.198,0.054,1.346,0.096,99.0,99.0,0.826,0.056,1.664,0.069,154.90827629780892,-56.4155081584984
756,553.575,1106.44,19.228,0.043,1.234,0.089,99.0,99.0,0.909,0.049,1.899,0.053,154.8480026697512,-56.4353230073006
757,1200.16,1733.74,19.33,0.053,1.422,0.123,99.0,99.0,0.967,0.057,1.928,0.063,154.75028437124803,-56.3838407568926
758,761.645,1508.05,19.411,0.061,1.327,0.128,99.0,99.0,0.908,0.066,1.794,0.073,154.81619398744235,-56.40227066011221
759,1195.49,1317.27,19.564,0.059,1.086,0.123,99.0,99.0,1.077,0.064,1.702,0.08,154.75171548887047,-56.41826852243543
760,1485.55,124.781,19.626,0.099,1.59,0.229,99.0,99.0,1.097,0.101,2.242,0.113,154.70976616664103,-56.51693829825024
119,1514.87,1274.47,15.513,0.005,0.658,0.007,0.531,0.022,0.441,0.007,0.912,0.009,154.70409905434326,-56.42209234457329
167,1491.13,1634.9,16.131,0.006,0.792,0.009,0.358,0.03,0.531,0.008,1.054,0.009,154.70705080817342,-56.39224875080098
694,1746.11,135.038,18.804,0.049,1.65,0.109,99.0,99.0,0.955,0.054,1.87,0.058,154.6708035478577,-56.51646326285119
